1 -0.4990685494191545 0.5039118843415673 -0.5027382057979177 0.4942243339123263 1.5389142447106818 -0.023633940839234053 2.115270572975561 1 000_0.jpg

2 -0.6473705643856412 0.6555426127014302 -0.2775132654708973 0.2723263167365179 1.492930189256676 0.09192224912330305 2.1152105284507554 2 000_1.jpg

3 -0.4989713361417478 0.5040535154615615 -0.5028348158753622 0.4940797579372695 1.5386947441619134 -0.0235309244891224 2.1145519220377476 3 001_0.jpg

4 -0.6473171554271863 0.6556203826308193 -0.27763822666615384 0.2721386214089201 1.4926998889926093 0.09202097670317505 2.1145141225633806 4 001_1.jpg

5 -0.4989713361417478 0.5040535154615615 -0.5028348158753622 0.4940797579372695 1.536820194110843 -0.02341772870384749 2.1145815103391494 5 002_0.jpg

6 -0.6473171554271863 0.6556203826308193 -0.27763822666615384 0.2721386214089201 1.490825338941539 0.09213417248844996 2.1145437108647824 6 002_1.jpg

7 -0.498995569071627 0.5040299575896842 -0.5028107690146404 0.49410378915965647 1.5356436047354254 -0.023336334527779255 2.1147443923984564 7 003_0.jpg

8 -0.6473305366770934 0.6556074050080906 -0.27760702889078576 0.272169881313738 1.4896486939394278 0.09221554299633287 2.11470218433261 8 003_1.jpg

9 -0.49894710230066863 0.5040770719463197 -0.5028588613470151 0.4940557258129638 1.536253657165553 -0.023194465672357754 2.1154451974811392 9 004_0.jpg

10 -0.6473037728197779 0.6556333586209162 -0.27766942350047386 0.27210736118240714 1.490258858045071 0.09235745918790686 2.1154118065500738 10 004_1.jpg

11 -0.49894710230066863 0.5040770719463197 -0.5028588613470151 0.4940557258129638 1.536051560572496 -0.0233264622964349 2.1154491616267164 11 005_0.jpg

12 -0.6473037728197779 0.6556333586209162 -0.27766942350047386 0.27210736118240714 1.4900567614520142 0.09222546256382971 2.115415770695651 12 005_1.jpg

13 -0.49894710230066863 0.5040770719463197 -0.5028588613470151 0.4940557258129638 1.535983736622193 -0.023077825283447626 2.115448919235379 13 006_0.jpg

14 -0.6473037728197779 0.6556333586209162 -0.27766942350047386 0.27210736118240714 1.489988937501711 0.09247409957681699 2.1154155283043137 14 006_1.jpg

15 -0.49894701334228125 0.5040766961544673 -0.5029066060487711 0.4940075989934977 1.536282814609976 -0.023130950133622534 2.1152966169489464 15 007_0.jpg

16 -0.6473218074455289 0.6556152957148039 -0.27771368610660413 0.27206280557865004 1.4902880794018147 0.09242100360405138 2.1152787133849467 16 007_1.jpg

17 -0.49889893514896 0.504076789169131 -0.502906549751821 0.4940561155829292 1.536795165457051 -0.02307578699261621 2.1152914320643195 17 008_0.jpg

18 -0.647276916650237 0.6556334559997591 -0.27773165860594917 0.2721074977900508 1.4908114964306087 0.09248056865750778 2.1152622476736145 18 008_1.jpg

19 -0.49889893514896 0.504076789169131 -0.502906549751821 0.4940561155829292 1.5367476725186584 -0.023111686013033882 2.1152923898420486 19 009_0.jpg

20 -0.647276916650237 0.6556334559997591 -0.27773165860594917 0.2721074977900508 1.490764003492216 0.09244466963709011 2.1152632054513436 20 009_1.jpg

21 -0.4989231692324015 0.5040532347785354 -0.5028825040487044 0.4940801502125906 1.5367184562511333 -0.023250384757401318 2.1154380105289547 21 010_0.jpg

22 -0.6472902993792041 0.6556204828873142 -0.2777004614574321 0.2721387595593736 1.4907347307526515 0.09230594722312033 2.115404417557525 22 010_1.jpg

23 -0.4989231692324015 0.5040532347785354 -0.5028825040487044 0.4940801502125906 1.536657889093572 -0.023113499030754266 2.115438251233037 23 011_0.jpg

24 -0.6472902993792041 0.6556204828873142 -0.2777004614574321 0.2721387595593736 1.4906741635950902 0.09244283294976738 2.1154046582616073 24 011_1.jpg

25 -0.49894710230066863 0.5040770719463197 -0.5028588613470151 0.4940557258129638 1.536641605421146 -0.023095196026982765 2.1154384152687866 25 012_0.jpg

26 -0.6473037728197779 0.6556333586209162 -0.27766942350047386 0.27210736118240714 1.4906468063006642 0.09245672883328185 2.115405024337721 26 012_1.jpg

27 -0.49897124969508727 0.5040531417601823 -0.5028825603476171 0.4940316313330936 1.5366789807666779 -0.023158395891080027 2.1154347880846545 27 013_0.jpg

28 -0.64733519229315 0.6556023217458087 -0.2776824881091093 0.27209406523816326 1.4906841880243213 0.09239353417828701 2.1154124759405843 28 013_1.jpg

29 -0.49892286707762457 0.5041006275015653 -0.5028829058967048 0.49403169231989263 1.5367834418609696 -0.023074852452230694 2.115291615895454 29 014_0.jpg

30 -0.647290388594899 0.6556463332304516 -0.2777006199997736 0.27207610002694016 1.4907886992125272 0.09247709607624256 2.1152626335451203 30 014_1.jpg

31 -0.49897124969508727 0.5040531417601823 -0.5028825603476171 0.4940316313330936 1.5366561318059526 -0.022994403992704457 2.1154342756754247 31 015_0.jpg

32 -0.64733519229315 0.6556023217458087 -0.2776824881091093 0.27209406523816326 1.490661339063596 0.09255752607666258 2.1154119635313546 32 015_1.jpg

33 -0.49894710230066863 0.5040770719463197 -0.5028588613470151 0.4940557258129638 1.5366145342495021 -0.02308315522355645 2.11543878669585 33 016_0.jpg

34 -0.6473037728197779 0.6556333586209162 -0.27766942350047386 0.27210736118240714 1.4906197351290202 0.09246876963670816 2.1154053957647845 34 016_1.jpg

35 -0.49894722888973486 0.5040289230951823 -0.5029539466316139 0.49400793013316 1.536708175421592 -0.023170277762409985 2.1152865923135287 35 017_0.jpg

36 -0.6473397541925985 0.6555713782652116 -0.2777577872113581 0.2720809112833292 1.490724521265308 0.09238608727673052 2.115279565495932 36 017_1.jpg

37 -0.49892286707762457 0.5041006275015653 -0.5028829058967048 0.49403169231989263 1.5367181953859095 -0.02316131845845411 2.115293131148017 37 018_0.jpg

38 -0.647290388594899 0.6556463332304516 -0.2777006199997736 0.27207610002694016 1.490723452737467 0.09239063007001914 2.1152641487976838 38 018_1.jpg

39 -0.49894722888973486 0.5040289230951823 -0.5029539466316139 0.49400793013316 1.5367647691514155 -0.02313550923947283 2.11528549400605 39 019_0.jpg

40 -0.6473397541925985 0.6555713782652116 -0.2777577872113581 0.2720809112833292 1.4907811149951313 0.09242085579966768 2.1152784671884532 40 019_1.jpg

41 -0.49894701334228125 0.5040766961544673 -0.5029066060487711 0.4940075989934977 1.5367680310047123 -0.023128005623379792 2.115288785068295 41 020_0.jpg

42 -0.6473218074455289 0.6556152957148039 -0.27771368610660413 0.27206280557865004 1.490773295796551 0.09242394811429412 2.115270881504295 42 020_1.jpg

43 -0.49894722888973486 0.5040289230951823 -0.5029539466316139 0.49400793013316 1.5367411220854426 -0.023198729253699146 2.1152862143502964 43 021_0.jpg

44 -0.6473397541925985 0.6555713782652116 -0.2777577872113581 0.2720809112833292 1.4907574679291584 0.09235763578544136 2.1152791875326997 44 021_1.jpg

45 -0.49892308259259427 0.5040528567112974 -0.5029302487695685 0.4940320234256718 1.5366616229597625 -0.023214674432978248 2.115290964457757 45 022_0.jpg

46 -0.6473083361651547 0.6556024178857518 -0.27774472322777355 0.2720942048493177 1.4906779613684011 0.09234168644273573 2.1152728588533813 46 022_1.jpg

47 -0.49894722888973486 0.5040289230951823 -0.5029539466316139 0.49400793013316 1.5366001207043898 -0.02317056559394992 2.1152883344501467 47 023_0.jpg

48 -0.6473397541925985 0.6555713782652116 -0.2777577872113581 0.2720809112833292 1.4906164665481056 0.09238579944519058 2.11528130763255 48 023_1.jpg

49 -0.49892286707762457 0.5041006275015653 -0.5028829058967048 0.49403169231989263 1.5366633298469956 -0.022976096952850817 2.115293020493975 49 024_0.jpg

50 -0.647290388594899 0.6556463332304516 -0.2777006199997736 0.27207610002694016 1.4906685871985532 0.09257585157562244 2.1152640381436414 50 024_1.jpg

51 -0.49889884646827 0.5040764085538034 -0.5029542942348049 0.494007989047645 1.536781618553975 -0.023230266308946874 2.11514469158033 51 025_0.jpg

52 -0.6472949514559142 0.6556153887250432 -0.27777592093315295 0.2720629442543304 1.4907980149189182 0.0923261182361062 2.1151309945076555 52 025_1.jpg

53 -0.498874700154496 0.5041003421725875 -0.5029305940657152 0.4940320800514364 1.53679003429146 -0.023124798972404655 2.1151473542188692 53 026_0.jpg

54 -0.6472635325638757 0.6556464274795859 -0.2777628548132097 0.27207623569912265 1.4908064221591768 0.09243158034706256 2.11512257836063 54 026_1.jpg

55 -0.4989227760783643 0.5041002491616134 -0.5029306503607024 0.49398356575215957 1.5367350304315486 -0.023153918156598036 2.115145032129557 55 027_0.jpg

56 -0.6473084212404309 0.6556282680512144 -0.2777448831628756 0.2720315455976136 1.490740353179692 0.09239805924916362 2.1151315370972648 56 027_1.jpg

57 -0.49889884646827 0.5040764085538034 -0.5029542942348049 0.494007989047645 1.536755345294766 -0.02316005076342676 2.115144737814976 57 028_0.jpg

58 -0.6472949514559142 0.6556153887250432 -0.27777592093315295 0.2720629442543304 1.490771741659709 0.09239633378162632 2.115131040742302 58 028_1.jpg

59 -0.4989229916356058 0.5040524737766835 -0.5029779932481373 0.4939838969086542 1.5367958411215121 -0.023286040593115488 2.115141378031069 59 029_0.jpg

60 -0.6473263688605098 0.6555843484639375 -0.2777889864147846 0.2720496521843547 1.4908122459836775 0.09227034811536003 2.11513875974441 60 029_1.jpg

61 -0.49894722888973486 0.5040289230951823 -0.5029539466316139 0.49400793013316 1.536695774695983 -0.023229684506822612 2.1152871110235956 61 030_0.jpg

62 -0.6473397541925985 0.6555713782652116 -0.2777577872113581 0.2720809112833292 1.490712120539699 0.09232668053231789 2.115280084205999 62 030_1.jpg

63 -0.49897137415759707 0.5040049882045856 -0.5029776434529957 0.49398383558841885 1.5367557067504156 -0.023325297263096297 2.1152832556051018 63 031_0.jpg

64 -0.6473711708850839 0.6555403369874382 -0.27777085062012014 0.2720676170275441 1.4907720600292411 0.09223107087731973 2.115287307628442 64 031_1.jpg

65 -0.49894731780585166 0.5040293034817187 -0.502906201915044 0.49405605690191157 1.5366456685734995 -0.023122304978560274 2.1154351309200163 65 032_0.jpg

66 -0.6473217195169347 0.6555894454139201 -0.27771352458109305 0.2721254651227156 1.4906619494479425 0.09243403222755492 2.1154126167355773 66 032_1.jpg

67 -0.4989953959429014 0.5040292104157624 -0.5029062581926267 0.4940075357179698 1.5366537753694578 -0.023092535666610237 2.115431456614024 67 033_0.jpg

68 -0.6473666102789863 0.6555712833641687 -0.27769555207964786 0.2720807686686644 1.4906589890053255 0.09245939854969577 2.1154202232573986 68 033_1.jpg

69 -0.4989957001937384 0.5039818180287853 -0.5029058496977666 0.49405599340998624 1.5365485408612578 -0.02327653039732472 2.114578379830825 69 034_0.jpg

70 -0.647366520524141 0.6555454332224177 -0.27769538658669723 0.27214342790918955 1.4905647699355105 0.09227978730282518 2.114562535891654 70 034_1.jpg

71 -0.4990198477209544 0.5039578854604937 -0.5029295442164992 0.49403189655823626 1.5366243046786885 -0.023301305699809653 2.1145738890725227 71 035_0.jpg

72 -0.6473979384620572 0.6555143932260609 -0.2777084469993893 0.27213013066129793 1.4906405390637414 0.09225501510162237 2.1145691239755107 72 035_1.jpg

73 -0.4990198477209544 0.5039578854604937 -0.5029295442164992 0.49403189655823626 1.5366368724202666 -0.02319024374258233 2.1145730903360573 73 036_0.jpg

74 -0.6473979384620572 0.6555143932260609 -0.2777084469993893 0.27213013066129793 1.4906531068053195 0.0923660770588497 2.1145683252390453 74 036_1.jpg

75 -0.4990197567639546 0.5039575025258687 -0.5029772886950457 0.4939837700411965 1.5366204321132009 -0.02333233333576357 2.115426455074062 75 037_0.jpg

76 -0.6474159711573936 0.6554963238042277 -0.2777527101863838 0.2720855779963185 1.490636732106432 0.09222401317415867 2.1154371773066987 76 037_1.jpg

77 -0.4989953959429014 0.5040292104157624 -0.5029062581926267 0.4940075357179698 1.5366451684427451 -0.02304853366515086 2.1154313590119695 77 038_0.jpg

78 -0.6473666102789863 0.6555712833641687 -0.27769555207964786 0.2720807686686644 1.4906503820786128 0.09250340055115515 2.115420125655344 78 038_1.jpg

79 -0.4989956116303249 0.5039814372972087 -0.5029535942958154 0.494007866757644 1.536677913727047 -0.023344196521338373 2.1154290156004665 79 039_0.jpg

80 -0.6473845554824005 0.6555273657969249 -0.2777396489773206 0.2720988743088695 1.4906942073473624 0.09221214794948597 2.1154286590450684 80 039_1.jpg

81 -0.49897137415759707 0.5040049882045856 -0.5029776434529957 0.49398383558841885 1.5367726875239958 -0.023337654403331805 2.115283048416894 81 040_0.jpg

82 -0.6473711708850839 0.6555403369874382 -0.27777085062012014 0.2720676170275441 1.4907890408028213 0.09221871373708422 2.1152871004402343 82 040_1.jpg

83 -0.4989956116303249 0.5039814372972087 -0.5029535942958154 0.494007866757644 1.5365880994772425 -0.023235900957660843 2.1154298809293097 83 041_0.jpg

84 -0.6473845554824005 0.6555273657969249 -0.2777396489773206 0.2720988743088695 1.4906043930975579 0.0923204435131635 2.1154295243739116 84 041_1.jpg

85 -0.4990195411613261 0.5040052777968714 -0.5029299549970823 0.4939834388506063 1.5367095731335618 -0.023056045735358244 2.11442681439686 85 042_0.jpg

86 -0.6473980269298025 0.6555402433253016 -0.27770861547550696 0.2720674714093546 1.4907147931477833 0.09249589156573568 2.114426659881835 86 042_1.jpg

87 -0.4990198477209544 0.5039578854604937 -0.5029295442164992 0.49403189655823626 1.5365519470100744 -0.023213127811508364 2.1145745812148165 87 043_0.jpg

88 -0.6473979384620572 0.6555143932260609 -0.2777084469993893 0.27213013066129793 1.4905681813951273 0.09234319298992366 2.1145698161178044 88 043_1.jpg

89 -0.4989714652327526 0.5040053710266746 -0.5029298986257366 0.4940319624559228 1.536685793429546 -0.02317992299937192 2.1154314100347853 89 044_0.jpg

90 -0.6473531381671607 0.6555584064340226 -0.2777265870665858 0.2721121700607304 1.4907020806769111 0.09237641837017335 2.115419974637788 90 044_1.jpg

91 -0.4989956116303249 0.5039814372972087 -0.5029535942958154 0.494007866757644 1.5366669236004356 -0.0232710111186403 2.1154287997027668 91 045_0.jpg

92 -0.6473845554824005 0.6555273657969249 -0.2777396489773206 0.2720988743088695 1.490683217220751 0.09228533335218404 2.1154284431473687 92 045_1.jpg

93 -0.4990195411613261 0.5040052777968714 -0.5029299549970823 0.4939834388506063 1.5366333950706073 -0.023124066845127023 2.1154285508530064 93 046_0.jpg

94 -0.6473980269298025 0.6555402433253016 -0.27770861547550696 0.2720674714093546 1.4906386150848288 0.0924278704559669 2.115428396337981 94 046_1.jpg

95 -0.4989956116303249 0.5039814372972087 -0.5029535942958154 0.494007866757644 1.5366373046212658 -0.023203896092058668 2.1154289164783338 95 047_0.jpg

96 -0.6473845554824005 0.6555273657969249 -0.2777396489773206 0.2720988743088695 1.4906535982415812 0.09235244837876568 2.1154285599229357 96 047_1.jpg

97 -0.4989956116303249 0.5039814372972087 -0.5029535942958154 0.494007866757644 1.5365770360417201 -0.02325461664559006 2.115430159628045 97 048_0.jpg

98 -0.6473845554824005 0.6555273657969249 -0.2777396489773206 0.2720988743088695 1.4905933296620355 0.09230172782523428 2.115429803072647 98 048_1.jpg

99 -0.49894722888973486 0.5040289230951823 -0.5029539466316139 0.49400793013316 1.5367012361862014 -0.02315683965281956 2.115286631944675 99 049_0.jpg

100 -0.6473397541925985 0.6555713782652116 -0.2777577872113581 0.2720809112833292 1.4907175820299172 0.09239952538632094 2.1152796051270784 100 049_1.jpg

101 -0.4989956116303249 0.5039814372972087 -0.5029535942958154 0.494007866757644 1.5365820153269425 -0.023259999643004986 2.1154301083208624 101 050_0.jpg

102 -0.6473845554824005 0.6555273657969249 -0.2777396489773206 0.2720988743088695 1.4905983089472579 0.09229634482781936 2.1154297517654643 102 050_1.jpg

103 -0.49897137415759707 0.5040049882045856 -0.5029776434529957 0.49398383558841885 1.5367491251519885 -0.02332805072965683 2.1152833764075702 103 051_0.jpg

104 -0.6473711708850839 0.6555403369874382 -0.27777085062012014 0.2720676170275441 1.490765478430814 0.0922283174107592 2.1152874284309107 104 051_1.jpg

105 -0.49894722888973486 0.5040289230951823 -0.5029539466316139 0.49400793013316 1.5367181495243873 -0.023165651043149826 2.1152864068056565 105 052_0.jpg

106 -0.6473397541925985 0.6555713782652116 -0.2777577872113581 0.2720809112833292 1.4907344953681032 0.09239071399599068 2.11527937998806 106 052_1.jpg

107 -0.49897137415759707 0.5040049882045856 -0.5029776434529957 0.49398383558841885 1.5366992068804455 -0.023290979111703643 2.115283981475353 107 053_0.jpg

108 -0.6473711708850839 0.6555403369874382 -0.27777085062012014 0.2720676170275441 1.490715560159271 0.09226538902871238 2.115288033498693 108 053_1.jpg

109 -0.49894722888973486 0.5040289230951823 -0.5029539466316139 0.49400793013316 1.536670793181185 -0.023170609594962532 2.115287196264139 109 054_0.jpg

110 -0.6473397541925985 0.6555713782652116 -0.2777577872113581 0.2720809112833292 1.4906871390249008 0.09238575544417797 2.1152801694465424 110 054_1.jpg

111 -0.49894722888973486 0.5040289230951823 -0.5029539466316139 0.49400793013316 1.5366011718583483 -0.023186993684539137 2.1152884057198853 111 055_0.jpg

112 -0.6473397541925985 0.6555713782652116 -0.2777577872113581 0.2720809112833292 1.4906175177020642 0.09236937135460137 2.1152813789022886 112 055_1.jpg

113 -0.4989229916356058 0.5040524737766835 -0.5029779932481373 0.4939838969086542 1.5367545950129178 -0.023245578683140068 2.1151418252015617 113 056_0.jpg

114 -0.6473263688605098 0.6555843484639375 -0.2777889864147846 0.2720496521843547 1.490770999875083 0.09231081002533545 2.1151392069149026 114 056_1.jpg

115 -0.49889884646827 0.5040764085538034 -0.5029542942348049 0.494007989047645 1.536777513495069 -0.023127973827304367 2.115144208499604 115 057_0.jpg

116 -0.6472949514559142 0.6556153887250432 -0.27777592093315295 0.2720629442543304 1.490793909860012 0.09242841071774871 2.11513051142693 116 057_1.jpg

117 -0.4989229916356058 0.5040524737766835 -0.5029779932481373 0.4939838969086542 1.5366894223706375 -0.023263846120239053 2.115142973107737 117 058_0.jpg

118 -0.6473263688605098 0.6555843484639375 -0.2777889864147846 0.2720496521843547 1.4907058272328029 0.09229254258823646 2.115140354821078 118 058_1.jpg

119 -0.49889884646827 0.5040764085538034 -0.5029542942348049 0.494007989047645 1.5366793639664293 -0.023122367694572994 2.1151457594346006 119 059_0.jpg

120 -0.6472949514559142 0.6556153887250432 -0.27777592093315295 0.2720629442543304 1.4906957603313724 0.09243401685048008 2.1151320623619263 120 059_1.jpg

121 -0.49889884646827 0.5040764085538034 -0.5029542942348049 0.494007989047645 1.5367354858886002 -0.02318135045142767 2.1151451720764136 121 060_0.jpg

122 -0.6472949514559142 0.6556153887250432 -0.27777592093315295 0.2720629442543304 1.4907518822535433 0.09237503409362541 2.1151314750037393 122 060_1.jpg

123 -0.49889884646827 0.5040764085538034 -0.5029542942348049 0.494007989047645 1.5367752015922789 -0.023249550300324835 2.115144898482928 123 061_0.jpg

124 -0.6472949514559142 0.6556153887250432 -0.27777592093315295 0.2720629442543304 1.490791597957222 0.09230683424472824 2.1151312014102537 124 061_1.jpg

125 -0.498874700154496 0.5041003421725875 -0.5029305940657152 0.4940320800514364 1.5366439558563234 -0.02312668736796369 2.1151497174510676 125 062_0.jpg

126 -0.6472635325638757 0.6556464274795859 -0.2777628548132097 0.27207623569912265 1.4906603437240402 0.09242969195150352 2.1151249415928284 126 062_1.jpg

127 -0.498874700154496 0.5041003421725875 -0.5029305940657152 0.4940320800514364 1.5366301198589445 -0.02318942884041136 2.115150277185172 127 063_0.jpg

128 -0.6472635325638757 0.6556464274795859 -0.2777628548132097 0.27207623569912265 1.4906465077266613 0.09236695047905585 2.1151255013269328 128 063_1.jpg

129 -0.4988504637782224 0.504123894246444 -0.50295463745747 0.4940080431511995 1.536782655223621 -0.02314769264398061 2.115003151292551 129 064_0.jpg

130 -0.6472501468601217 0.6556593975787777 -0.27779405068522905 0.2720449726792938 1.4907991004087213 0.09240871034503036 2.114982784004127 130 064_1.jpg

131 -0.49889884646827 0.5040764085538034 -0.5029542942348049 0.494007989047645 1.5366507325275207 -0.023157380887501085 2.1151464086273144 131 065_0.jpg

132 -0.6472949514559142 0.6556153887250432 -0.27777592093315295 0.2720629442543304 1.4906671288924638 0.09239900365755199 2.11513271155464 132 065_1.jpg

133 -0.49887460896206953 0.5040999594667532 -0.5029783387778588 0.49398395330094047 1.536792443996976 -0.023210021746075515 2.114999963794631 133 066_0.jpg

134 -0.647281565129203 0.6556283581837644 -0.27780711830327576 0.27203168273048756 1.4908088987414583 0.09234638646851669 2.1149906752909065 134 066_1.jpg

135 -0.49887460896206953 0.5040999594667532 -0.5029783387778588 0.49398395330094047 1.5367823635633362 -0.02325149093291552 2.115000348822022 135 067_0.jpg

136 -0.647281565129203 0.6556283581837644 -0.27780711830327576 0.27203168273048756 1.4907988183078185 0.09230491728167668 2.1149910603182978 136 067_1.jpg

137 -0.49887460896206953 0.5040999594667532 -0.5029783387778588 0.49398395330094047 1.5367921877777666 -0.023229481886227265 2.1150000724031344 137 068_0.jpg

138 -0.647281565129203 0.6556283581837644 -0.27780711830327576 0.27203168273048756 1.4908086425222489 0.09232692632836494 2.11499078389941 138 068_1.jpg

139 -0.4988985374325053 0.5041238012391601 -0.5029546937504944 0.4939595311422112 1.5367666943962948 -0.023158744923083265 2.1150001032756585 139 069_0.jpg

140 -0.6472950334178165 0.6556412390070396 -0.2777760798839554 0.2720002846877997 1.4907720755239777 0.09239325615100664 2.114991016812323 140 069_1.jpg

141 -0.49887460896206953 0.5040999594667532 -0.5029783387778588 0.49398395330094047 1.536663199681218 -0.02327188549224397 2.115002377862467 141 070_0.jpg

142 -0.647281565129203 0.6556283581837644 -0.27780711830327576 0.27203168273048756 1.4906796544257002 0.09228452272234823 2.1149930893587428 142 070_1.jpg

143 -0.49887460896206953 0.5040999594667532 -0.5029783387778588 0.49398395330094047 1.5366490564710806 -0.023130839637468713 2.115001848414252 143 071_0.jpg

144 -0.647281565129203 0.6556283581837644 -0.27780711830327576 0.27203168273048756 1.490665511215563 0.09242556857712349 2.1149925599105277 144 071_1.jpg

145 -0.4988503703094753 0.5041235092213017 -0.5030023821650889 0.49395991641908094 1.5368017565851027 -0.0231243114912227 2.1148548892363914 145 072_0.jpg

146 -0.6472681773150649 0.6556413261358783 -0.2778383150350091 0.27200042058152696 1.4908182701317978 0.09243212039287844 2.1148500092959996 146 072_1.jpg

147 -0.49887451321701315 0.5040995721223148 -0.5030260834808545 0.4939358265873209 1.5367690871142994 -0.023271579137494423 2.114852822260597 147 073_0.jpg

148 -0.647299593473735 0.6556102845938436 -0.2778513835126741 0.2719871315036974 1.4907856112825266 0.0922848569100193 2.1148590211043876 148 073_1.jpg

149 -0.49887451321701315 0.5040995721223148 -0.5030260834808545 0.4939358265873209 1.5367034540494213 -0.023282036652185065 2.114853935652102 149 074_0.jpg

150 -0.647299593473735 0.6556102845938436 -0.2778513835126741 0.2719871315036974 1.4907199782176486 0.09227439939532865 2.114860134495893 150 074_1.jpg

151 -0.4988503703094753 0.5041235092213017 -0.5030023821650889 0.49395991641908094 1.5367596739105487 -0.02317071227165664 2.11485581624708 151 075_0.jpg

152 -0.6472681773150649 0.6556413261358783 -0.2778383150350091 0.27200042058152696 1.4907761874572438 0.0923857196124445 2.1148509363066883 152 075_1.jpg

153 -0.4988503703094753 0.5041235092213017 -0.5030023821650889 0.49395991641908094 1.5367314319991259 -0.023192778370379103 2.1148563896523394 153 076_0.jpg

154 -0.6472681773150649 0.6556413261358783 -0.2778383150350091 0.27200042058152696 1.490747945545821 0.09236365351372204 2.1148515097119476 154 076_1.jpg

155 -0.4988503703094753 0.5041235092213017 -0.5030023821650889 0.49395991641908094 1.536710995487649 -0.02315758658156804 2.1148565299081605 155 077_0.jpg

156 -0.6472681773150649 0.6556413261358783 -0.2778383150350091 0.27200042058152696 1.4907275090343441 0.0923988453025331 2.1148516499677688 156 077_1.jpg

157 -0.4988503703094753 0.5041235092213017 -0.5030023821650889 0.49395991641908094 1.5366624231500303 -0.023107492475140618 2.1148570433774916 157 078_0.jpg

158 -0.6472681773150649 0.6556413261358783 -0.2778383150350091 0.27200042058152696 1.4906789366967255 0.09244893940896053 2.1148521634371 158 078_1.jpg

159 -0.4988503703094753 0.5041235092213017 -0.5030023821650889 0.49395991641908094 1.536688656840763 -0.023204101077943535 2.114857139484166 159 079_0.jpg

160 -0.6472681773150649 0.6556413261358783 -0.2778383150350091 0.27200042058152696 1.490705170387458 0.09235233080615761 2.1148522595437744 160 079_1.jpg

161 -0.49882613074601473 0.504147057588649 -0.5030264241628989 0.49393587863563293 1.5368002708774378 -0.023275720526770138 2.1147112434585225 161 080_0.jpg

162 -0.647254788143602 0.6556542924554062 -0.27786951082524486 0.27196915811121064 1.4908168436484408 0.09228073502657966 2.1147107720329807 162 080_1.jpg

163 -0.49880188980081164 0.5041706050262439 -0.5030504652383269 0.49391183948364 1.536855127861541 -0.023219013050456545 2.1145655516556126 163 081_0.jpg

164 -0.6472413973547172 0.6556672573942307 -0.27790070627999036 0.2719378947122362 1.4908717602800974 0.09233746617234123 2.114569488782047 164 081_1.jpg

165 -0.49880188980081164 0.5041706050262439 -0.5030504652383269 0.49391183948364 1.536852934555041 -0.023117903492070276 2.1145650441306536 165 082_0.jpg

166 -0.6472413973547172 0.6556672573942307 -0.27790070627999036 0.2719378947122362 1.4908695669735974 0.0924385757307275 2.1145689812570883 166 082_1.jpg

167 -0.49882613074601473 0.504147057588649 -0.5030264241628989 0.49393587863563293 1.5367431310196928 -0.023256769846896796 2.1147120621457205 167 083_0.jpg

168 -0.647254788143602 0.6556542924554062 -0.27786951082524486 0.27196915811121064 1.490759703790696 0.092299685706453 2.114711590720179 168 083_1.jpg

169 -0.4988019878221771 0.5041709946899773 -0.5030027205400868 0.4939599661786723 1.536780672226293 -0.023124275055283538 2.1147141105235034 169 084_0.jpg

170 -0.647223371120646 0.6556853331311401 -0.2778564402110961 0.271982445067968 1.4907972333136135 0.09243217527249596 2.114702560315299 170 084_1.jpg

171 -0.4988019878221771 0.5041709946899773 -0.5030027205400868 0.4939599661786723 1.5367991596706152 -0.02316024585859373 2.1147140058466034 171 085_0.jpg

172 -0.647223371120646 0.6556853331311401 -0.2778564402110961 0.271982445067968 1.4908157207579356 0.09239620446918577 2.114702455638399 172 085_1.jpg

173 -0.4988019878221771 0.5041709946899773 -0.5030027205400868 0.4939599661786723 1.5367571422450301 -0.023207083690681207 2.1147149341527536 173 086_0.jpg

174 -0.647223371120646 0.6556853331311401 -0.2778564402110961 0.271982445067968 1.4907737033323505 0.09234936663709829 2.114703383944549 174 086_1.jpg

175 -0.4987777480070673 0.5041945432883141 -0.5030267604643791 0.49393592587298096 1.5368659350631482 -0.02311948043515097 2.114568207654371 175 087_0.jpg

176 -0.647209980954935 0.655698298710221 -0.2778876341678283 0.27195118017291586 1.4908825547358666 0.09243699356208278 2.1145610659993137 176 087_1.jpg

177 -0.4987777480070673 0.5041945432883141 -0.5030267604643791 0.49393592587298096 1.5368559119131227 -0.02315886783989138 2.1145685805819014 177 088_0.jpg

178 -0.647209980954935 0.655698298710221 -0.2778876341678283 0.27195118017291586 1.490872531585841 0.09239760615734237 2.1145614389268443 178 088_1.jpg

179 -0.4988019878221771 0.5041709946899773 -0.5030027205400868 0.4939599661786723 1.5367343830896307 -0.023184230529568372 2.1147151780686313 179 089_0.jpg

180 -0.647223371120646 0.6556853331311401 -0.2778564402110961 0.271982445067968 1.490750944176951 0.09237221979821113 2.1147036278604268 180 089_1.jpg

181 -0.4988019878221771 0.5041709946899773 -0.5030027205400868 0.4939599661786723 1.5368141857527253 -0.023121219639665246 2.114713554268927 181 090_0.jpg

182 -0.647223371120646 0.6556853331311401 -0.2778564402110961 0.271982445067968 1.4908307468400457 0.09243523068811425 2.1147020040607223 182 090_1.jpg

183 -0.4988019878221771 0.5041709946899773 -0.5030027205400868 0.4939599661786723 1.5367862334353295 -0.02307499641601658 2.1147137563649308 183 091_0.jpg

184 -0.647223371120646 0.6556853331311401 -0.2778564402110961 0.271982445067968 1.4908027945226499 0.09248145391176292 2.114702206156726 184 091_1.jpg

185 -0.49882613074601473 0.504147057588649 -0.5030264241628989 0.49393587863563293 1.5367363543255572 -0.023215917643186267 2.114711951972744 185 092_0.jpg

186 -0.647254788143602 0.6556542924554062 -0.27786951082524486 0.27196915811121064 1.4907529270965603 0.09234053791016353 2.1147114805472023 186 092_1.jpg

187 -0.49880188980081164 0.5041706050262439 -0.5030504652383269 0.49391183948364 1.5367920289053796 -0.023207287198906364 2.1145665051244684 187 093_0.jpg

188 -0.6472413973547172 0.6556672573942307 -0.27790070627999036 0.2719378947122362 1.490808661323936 0.09234919202389141 2.114570442250903 188 093_1.jpg

189 -0.49880188980081164 0.5041706050262439 -0.5030504652383269 0.49391183948364 1.5368485845673927 -0.02309428051952151 2.1145649873707093 189 094_0.jpg

190 -0.6472413973547172 0.6556672573942307 -0.27790070627999036 0.2719378947122362 1.490865216985949 0.09246219870327627 2.114568924497144 190 094_1.jpg

191 -0.49880188980081164 0.5041706050262439 -0.5030504652383269 0.49391183948364 1.5368220388872356 -0.023135616464932958 2.1145656369118733 191 095_0.jpg

192 -0.6472413973547172 0.6556672573942307 -0.27790070627999036 0.2719378947122362 1.490838671305792 0.09242086275786482 2.114569574038308 192 095_1.jpg

193 -0.49880188980081164 0.5041706050262439 -0.5030504652383269 0.49391183948364 1.5368110089938778 -0.02310947560541505 2.1145656742361716 193 096_0.jpg

194 -0.6472413973547172 0.6556672573942307 -0.27790070627999036 0.2719378947122362 1.4908276414124342 0.09244700361738273 2.1145696113626062 194 096_1.jpg

195 -0.49880188980081164 0.5041706050262439 -0.5030504652383269 0.49391183948364 1.5368668041436973 -0.023135277591186117 2.1145649139946663 195 097_0.jpg

196 -0.6472413973547172 0.6556672573942307 -0.27790070627999036 0.2719378947122362 1.4908834365622536 0.09242120163161166 2.114568851121101 196 097_1.jpg

197 -0.4988502725235813 0.5041231193288224 -0.5030501266297879 0.49391178995755985 1.5367105243925183 -0.02325782948891386 2.114709209164127 197 098_0.jpg

198 -0.6472862036792072 0.65562325027302 -0.27788258080086703 0.2719558705294854 1.4907271088471983 0.09229863022784278 2.1147198165216983 198 098_1.jpg

199 -0.4988499543207199 0.5041705119824412 -0.5030505215041375 0.49386333204237176 1.5368278940540538 -0.02314567640255275 2.1145622126889867 199 099_0.jpg

200 -0.647286275403948 0.6556491004846466 -0.27788273887277504 0.2718932109191459 1.4908334656069444 0.09240639982387337 2.1145774306377705 200 099_1.jpg

201 -0.49880188980081164 0.5041706050262439 -0.5030504652383269 0.49391183948364 1.5368357745819008 -0.023127671094207165 2.11456537299291 201 100_0.jpg

202 -0.6472413973547172 0.6556672573942307 -0.27790070627999036 0.2719378947122362 1.4908524070004572 0.09242880812859061 2.114569310119345 202 100_1.jpg

203 -0.49882613074601473 0.504147057588649 -0.5030264241628989 0.49393587863563293 1.5367860723645657 -0.02314535458565232 2.114710772241473 203 101_0.jpg

204 -0.647254788143602 0.6556542924554062 -0.27786951082524486 0.27196915811121064 1.4908026451355687 0.09241110096769747 2.1147103008159314 204 101_1.jpg

205 -0.4988503703094753 0.5041235092213017 -0.5030023821650889 0.49395991641908094 1.536690987617387 -0.023251367887417957 2.1148573557137746 205 102_0.jpg

206 -0.6472681773150649 0.6556413261358783 -0.2778383150350091 0.27200042058152696 1.4907075011640822 0.09230506399668319 2.114852475773383 206 102_1.jpg

207 -0.4988503703094753 0.5041235092213017 -0.5030023821650889 0.49395991641908094 1.5367143008387778 -0.02317610449112047 2.1148565760865035 207 103_0.jpg

208 -0.6472681773150649 0.6556413261358783 -0.2778383150350091 0.27200042058152696 1.490730814385473 0.09238032739298067 2.1148516961461117 208 103_1.jpg

209 -0.4988019878221771 0.5041709946899773 -0.5030027205400868 0.4939599661786723 1.5368025939589889 -0.02310925097963241 2.114713676734918 209 104_0.jpg

210 -0.647223371120646 0.6556853331311401 -0.2778564402110961 0.271982445067968 1.4908191550463092 0.09244719934814709 2.1147021265267134 210 104_1.jpg

211 -0.49882613074601473 0.504147057588649 -0.5030264241628989 0.49393587863563293 1.5368497801364804 -0.023287057213381823 2.114710506808912 211 105_0.jpg

212 -0.647254788143602 0.6556542924554062 -0.27786951082524486 0.27196915811121064 1.4908663529074835 0.09226939833996797 2.11471003538337 212 105_1.jpg

213 -0.4988500569369797 0.5041709016900738 -0.5030027768291848 0.49391145875057324 1.5368080803269728 -0.02317435437300762 2.1147105734273106 213 106_0.jpg

214 -0.6472682534403311 0.6556671762727861 -0.27783847110805887 0.2719377612967913 1.4908135794811763 0.09237769403753969 2.1147103040421706 214 106_1.jpg

215 -0.4988019878221771 0.5041709946899773 -0.5030027205400868 0.4939599661786723 1.536846662375162 -0.023151490993586554 2.114713193648167 215 107_0.jpg

216 -0.647223371120646 0.6556853331311401 -0.2778564402110961 0.271982445067968 1.4908632234624823 0.09240495933419295 2.1147016434399624 216 107_1.jpg

217 -0.4988503703094753 0.5041235092213017 -0.5030023821650889 0.49395991641908094 1.5366807402623657 -0.023280328982799376 2.1148576762742204 217 108_0.jpg

218 -0.6472681773150649 0.6556413261358783 -0.2778383150350091 0.27200042058152696 1.4906972538090608 0.09227610290130177 2.1148527963338286 218 108_1.jpg

219 -0.4988503703094753 0.5041235092213017 -0.5030023821650889 0.49395991641908094 1.5367323724512083 -0.023290728697169045 2.1148569003969095 219 109_0.jpg

220 -0.6472681773150649 0.6556413261358783 -0.2778383150350091 0.27200042058152696 1.4907488859979035 0.0922657031869321 2.1148520204565178 220 109_1.jpg

221 -0.49882613074601473 0.504147057588649 -0.5030264241628989 0.49393587863563293 1.5368606411821468 -0.023281222918897847 2.114710300530284 221 110_0.jpg

222 -0.647254788143602 0.6556542924554062 -0.27786951082524486 0.27196915811121064 1.4908772139531499 0.09227523263445195 2.114709829104742 222 110_1.jpg

223 -0.49882613074601473 0.504147057588649 -0.5030264241628989 0.49393587863563293 1.536794919323301 -0.023217372984889417 2.1147110163966047 223 111_0.jpg

224 -0.647254788143602 0.6556542924554062 -0.27786951082524486 0.27196915811121064 1.490811492094304 0.09233908256846038 2.114710544971063 224 111_1.jpg

225 -0.49882613074601473 0.504147057588649 -0.5030264241628989 0.49393587863563293 1.5368485807512564 -0.0232143179685393 2.1147101355932207 225 112_0.jpg

226 -0.647254788143602 0.6556542924554062 -0.27786951082524486 0.27196915811121064 1.4908651535222595 0.0923421375848105 2.114709664167679 226 112_1.jpg

227 -0.4988503703094753 0.5041235092213017 -0.5030023821650889 0.49395991641908094 1.536682717749411 -0.023127783605253655 2.114856825406201 227 113_0.jpg

228 -0.6472681773150649 0.6556413261358783 -0.2778383150350091 0.27200042058152696 1.490699231296106 0.09242864827884749 2.114851945465809 228 113_1.jpg

229 -0.49887451321701315 0.5040995721223148 -0.5030260834808545 0.4939358265873209 1.5366649606174914 -0.02328418926402673 2.114854567278011 229 114_0.jpg

230 -0.647299593473735 0.6556102845938436 -0.2778513835126741 0.2719871315036974 1.4906814847857186 0.09227224678348699 2.1148607661218017 230 114_1.jpg

231 -0.49887451321701315 0.5040995721223148 -0.5030260834808545 0.4939358265873209 1.536733925317895 -0.023270215995589292 2.11485338134302 231 115_0.jpg

232 -0.647299593473735 0.6556102845938436 -0.2778513835126741 0.2719871315036974 1.4907504494861223 0.09228622005192443 2.1148595801868106 232 115_1.jpg

233 -0.49887451321701315 0.5040995721223148 -0.5030260834808545 0.4939358265873209 1.5368248909588882 -0.02324288804198613 2.1148517693064925 233 116_0.jpg

234 -0.647299593473735 0.6556102845938436 -0.2778513835126741 0.2719871315036974 1.4908414151271154 0.09231354800552759 2.1148579681502833 234 116_1.jpg

235 -0.49887451321701315 0.5040995721223148 -0.5030260834808545 0.4939358265873209 1.5367786016930776 -0.023211580578285516 2.1148523468643625 235 117_0.jpg

236 -0.647299593473735 0.6556102845938436 -0.2778513835126741 0.2719871315036974 1.4907951258613048 0.0923448554692282 2.1148585457081532 236 117_1.jpg

237 -0.49887451321701315 0.5040995721223148 -0.5030260834808545 0.4939358265873209 1.5366956902952378 -0.02330362091130109 2.1148541765994744 237 118_0.jpg

238 -0.647299593473735 0.6556102845938436 -0.2778513835126741 0.2719871315036974 1.490712214463465 0.09225281513621263 2.114860375443265 238 118_1.jpg

239 -0.49887451321701315 0.5040995721223148 -0.5030260834808545 0.4939358265873209 1.5367463781102568 -0.0232372791190387 2.11485300391062 239 119_0.jpg

240 -0.647299593473735 0.6556102845938436 -0.2778513835126741 0.2719871315036974 1.490762902278484 0.09231915692847502 2.1148592027544106 240 119_1.jpg

241 -0.4988502725235813 0.5041231193288224 -0.5030501266297879 0.49391178995755985 1.536859378569105 -0.023310110350637236 2.1147070920530466 241 120_0.jpg

242 -0.6472862036792072 0.65562325027302 -0.27788258080086703 0.2719558705294854 1.490875963023785 0.0922463493661194 2.114717699410618 242 120_1.jpg

243 -0.4988502725235813 0.5041231193288224 -0.5030501266297879 0.49391178995755985 1.5367226518331594 -0.023225080191098035 2.114708837979728 243 121_0.jpg

244 -0.6472862036792072 0.65562325027302 -0.27788258080086703 0.2719558705294854 1.4907392362878393 0.0923313795256586 2.1147194453372995 244 121_1.jpg

245 -0.4988502725235813 0.5041231193288224 -0.5030501266297879 0.49391178995755985 1.5367038264569859 -0.023233158013697297 2.1147091845966 245 122_0.jpg

246 -0.6472862036792072 0.65562325027302 -0.27788258080086703 0.2719558705294854 1.4907204109116658 0.09232330170305934 2.1147197919541716 246 122_1.jpg

247 -0.4988502725235813 0.5041231193288224 -0.5030501266297879 0.49391178995755985 1.5367959924581813 -0.023184609219599528 2.114707439289796 247 123_0.jpg

248 -0.6472862036792072 0.65562325027302 -0.27788258080086703 0.2719558705294854 1.4908125769128613 0.09237185049715711 2.1147180466473676 248 123_1.jpg

249 -0.4988502725235813 0.5041231193288224 -0.5030501266297879 0.49391178995755985 1.5367678176165358 -0.023202596124421992 2.114707989713517 249 124_0.jpg

250 -0.6472862036792072 0.65562325027302 -0.27788258080086703 0.2719558705294854 1.4907844020712158 0.09235386359233465 2.1147185970710884 250 124_1.jpg

251 -0.4988744132720706 0.5040991797942753 -0.5030738280558148 0.49388770002750104 1.5368325620266154 -0.02327625775699044 2.1147039389003925 251 125_0.jpg

252 -0.6473176178799652 0.6555922064332692 -0.27789565020140916 0.27194258225827994 1.4908491581650234 0.09228020506102201 2.1147256250952355 252 125_1.jpg

253 -0.4988502725235813 0.5041231193288224 -0.5030501266297879 0.49391178995755985 1.5368443131822718 -0.023232447903085207 2.1147069177641895 253 126_0.jpg

254 -0.6472862036792072 0.65562325027302 -0.27788258080086703 0.2719558705294854 1.4908608976369517 0.09232401181367143 2.114717525121761 254 126_1.jpg

255 -0.4988502725235813 0.5041231193288224 -0.5030501266297879 0.49391178995755985 1.536856557645777 -0.023204952165331028 2.1147065729009653 255 127_0.jpg

256 -0.6472862036792072 0.65562325027302 -0.27788258080086703 0.2719558705294854 1.490873142100457 0.09235150755142561 2.1147171802585367 256 127_1.jpg

257 -0.49887419753573004 0.5041469645411535 -0.5030264804306719 0.49388736890363294 1.5368611663441574 -0.023106193218153864 2.1147059684268488 257 128_0.jpg

258 -0.647299668311901 0.6556361346890206 -0.27785154256888517 0.27192447220769667 1.4908666771873398 0.09244585933981811 2.114716777824822 258 128_1.jpg

259 -0.4988744132720706 0.5040991797942753 -0.5030738280558148 0.49388770002750104 1.5367926026511163 -0.023324210679149752 2.1147048400414707 259 129_0.jpg

260 -0.6473176178799652 0.6555922064332692 -0.27789565020140916 0.27194258225827994 1.4908091987895242 0.0922322521388627 2.1147265262363137 260 129_1.jpg

261 -0.4988502725235813 0.5041231193288224 -0.5030501266297879 0.49391178995755985 1.536802848965934 -0.023213820768562377 2.1147074856786303 261 130_0.jpg

262 -0.6472862036792072 0.65562325027302 -0.27788258080086703 0.2719558705294854 1.490819433420614 0.09234263894819426 2.1147180930362017 262 130_1.jpg

263 -0.49887419753573004 0.5041469645411535 -0.5030264804306719 0.49388736890363294 1.5367398601181652 -0.023089144443246484 2.1147078309444414 263 131_0.jpg

264 -0.647299668311901 0.6556361346890206 -0.27785154256888517 0.27192447220769667 1.4907453709613476 0.09246290811472549 2.1147186403424145 264 131_1.jpg

265 -0.4988260304483408 0.5041466656056215 -0.5030741688562963 0.49388775195932083 1.53686456629158 -0.023191478256923425 2.1145618678664846 265 132_0.jpg

266 -0.6472728122671795 0.6556362145715584 -0.27791377775355414 0.27192460862666046 1.4908812114559684 0.09236500512927487 2.1145768837748617 266 132_1.jpg

267 -0.4988260304483408 0.5041466656056215 -0.5030741688562963 0.49388775195932083 1.5368732070296678 -0.02317398168752478 2.114561634738976 267 133_0.jpg

268 -0.6472728122671795 0.6556362145715584 -0.27791377775355414 0.27192460862666046 1.4908898521940561 0.09238250169867351 2.1145766506473533 268 133_1.jpg

269 -0.49880188980081164 0.5041706050262439 -0.5030504652383269 0.49391183948364 1.5368429420040552 -0.02311965960230706 2.1145652145234344 269 134_0.jpg

270 -0.6472413973547172 0.6556672573942307 -0.27790070627999036 0.2719378947122362 1.4908595744226116 0.09243681962049072 2.114569151649869 270 134_1.jpg

271 -0.49880188980081164 0.5041706050262439 -0.5030504652383269 0.49391183948364 1.5367637650860484 -0.02320957319735468 2.1145669726835585 271 135_0.jpg

272 -0.6472413973547172 0.6556672573942307 -0.27790070627999036 0.2719378947122362 1.4907803975046048 0.0923469060254431 2.114570909809993 272 135_1.jpg

273 -0.4988260304483408 0.5041466656056215 -0.5030741688562963 0.49388775195932083 1.5367800146509685 -0.023296094318358506 2.114563791542224 273 136_0.jpg

274 -0.6472728122671795 0.6556362145715584 -0.27791377775355414 0.27192460862666046 1.4907966598153568 0.09226038906783979 2.1145788074506013 274 136_1.jpg

275 -0.4988260304483408 0.5041466656056215 -0.5030741688562963 0.49388775195932083 1.5367440455106693 -0.023227228924771758 2.1145640012111357 275 137_0.jpg

276 -0.6472728122671795 0.6556362145715584 -0.27791377775355414 0.27192460862666046 1.4907606906750577 0.09232925446142654 2.114579017119513 276 137_1.jpg

277 -0.498801787226818 0.5041702107239119 -0.5030982099267607 0.4938637128261476 1.53687577262283 -0.023204109886030538 2.1154173759718184 277 138_0.jpg

278 -0.6472594193677449 0.6556491773634713 -0.27794497406760665 0.2718933460989636 1.490892478919598 0.0923523971695781 2.1154368004251607 278 138_1.jpg

279 -0.498801787226818 0.5041702107239119 -0.5030982099267607 0.4938637128261476 1.536798995543018 -0.023181387045845086 2.115418490731033 279 139_0.jpg

280 -0.6472594193677449 0.6556491773634713 -0.27794497406760665 0.2718933460989636 1.490815701839786 0.09237512000976356 2.1154379151843754 280 139_1.jpg

281 -0.498801787226818 0.5041702107239119 -0.5030982099267607 0.4938637128261476 1.536825882320068 -0.023179976215040015 2.1154180500527127 281 140_0.jpg

282 -0.6472594193677449 0.6556491773634713 -0.27794497406760665 0.2718933460989636 1.4908425886168362 0.09237653084056863 2.115437474506055 282 140_1.jpg

283 -0.498801787226818 0.5041702107239119 -0.5030982099267607 0.4938637128261476 1.5368267712801984 -0.023273067650059247 2.1154185355394497 283 141_0.jpg

284 -0.6472594193677449 0.6556491773634713 -0.27794497406760665 0.2718933460989636 1.4908434775769666 0.0922834394055494 2.115437959992792 284 141_1.jpg

285 -0.4988257099593729 0.5041940582651656 -0.5030745614216136 0.4938392940462327 1.5368398576551168 -0.023101185991392482 2.1154174019085867 285 142_0.jpg

286 -0.6472728810085575 0.6556620647736179 -0.27791393453810165 0.2718619490057955 1.4908454903403876 0.09245091390349695 2.115437028402341 286 142_1.jpg

287 -0.498801787226818 0.5041702107239119 -0.5030982099267607 0.4938637128261476 1.5368599041467181 -0.02320940840400691 2.1154176600356345 287 143_0.jpg

288 -0.6472594193677449 0.6556491773634713 -0.27794497406760665 0.2718933460989636 1.4908766104434863 0.09234709865160173 2.1154370844889767 288 143_1.jpg

289 -0.498801787226818 0.5041702107239119 -0.5030982099267607 0.4938637128261476 1.5369039510351516 -0.023188670227689372 2.114416695023467 289 144_0.jpg

290 -0.6472594193677449 0.6556491773634713 -0.27794497406760665 0.2718933460989636 1.4909206573319198 0.09236783682791927 2.1144361194768093 290 144_1.jpg

291 -0.4988260304483408 0.5041466656056215 -0.5030741688562963 0.49388775195932083 1.5367932273625333 -0.023270690435244056 2.114563442313198 291 145_0.jpg

292 -0.6472728122671795 0.6556362145715584 -0.27791377775355414 0.27192460862666046 1.4908098725269217 0.09228579295095424 2.114578458221575 292 145_1.jpg

293 -0.498801787226818 0.5041702107239119 -0.5030982099267607 0.4938637128261476 1.5368450889618774 -0.023231912115200076 2.115418019506992 293 146_0.jpg

294 -0.6472594193677449 0.6556491773634713 -0.27794497406760665 0.2718933460989636 1.4908617952586456 0.09232459494040857 2.1154374439603343 294 146_1.jpg

295 -0.4988260304483408 0.5041466656056215 -0.5030741688562963 0.49388775195932083 1.5367429552520766 -0.023280342356362404 2.114564303938664 295 147_0.jpg

296 -0.6472728122671795 0.6556362145715584 -0.27791377775355414 0.27192460862666046 1.490759600416465 0.09227614102983589 2.1145793198470413 296 147_1.jpg

297 -0.4988260304483408 0.5041466656056215 -0.5030741688562963 0.49388775195932083 1.5368047102078994 -0.023293188228468886 2.1145633781329423 297 148_0.jpg

298 -0.6472728122671795 0.6556362145715584 -0.27791377775355414 0.27192460862666046 1.4908213553722878 0.09226329515772941 2.1145783940413194 298 148_1.jpg

299 -0.4988260304483408 0.5041466656056215 -0.5030741688562963 0.49388775195932083 1.5368634914525605 -0.023270138358886094 2.1145623075053095 299 149_0.jpg

300 -0.6472728122671795 0.6556362145715584 -0.27791377775355414 0.27192460862666046 1.4908801366169488 0.0922863450273122 2.1145773234136866 300 149_1.jpg

301 -0.4988260304483408 0.5041466656056215 -0.5030741688562963 0.49388775195932083 1.5368530413111434 -0.023254812617257436 2.11456239355698 301 150_0.jpg

302 -0.6472728122671795 0.6556362145715584 -0.27791377775355414 0.27192460862666046 1.4908696864755318 0.09230167076894086 2.1145774094653573 302 150_1.jpg

303 -0.49880188980081164 0.5041706050262439 -0.5030504652383269 0.49391183948364 1.5367158110520318 -0.0231696759778603 2.114567530939933 303 151_0.jpg

304 -0.6472413973547172 0.6556672573942307 -0.27790070627999036 0.2719378947122362 1.4907324434705882 0.09238680324493748 2.1145714680663676 304 151_1.jpg

305 -0.49880188980081164 0.5041706050262439 -0.5030504652383269 0.49391183948364 1.5367103057660056 -0.023107913189355407 2.1145672880179625 305 152_0.jpg

306 -0.6472413973547172 0.6556672573942307 -0.27790070627999036 0.2719378947122362 1.490726938184562 0.09244856603344237 2.114571225144397 306 152_1.jpg

307 -0.49880188980081164 0.5041706050262439 -0.5030504652383269 0.49391183948364 1.5367778540866635 -0.0231716849688925 2.114566542310609 307 153_0.jpg

308 -0.6472413973547172 0.6556672573942307 -0.27790070627999036 0.2719378947122362 1.4907944865052198 0.09238479425390528 2.1145704794370435 308 153_1.jpg

309 -0.4988260304483408 0.5041466656056215 -0.5030741688562963 0.49388775195932083 1.5367566804275261 -0.02325228757608928 2.1145639322220404 309 154_0.jpg

310 -0.6472728122671795 0.6556362145715584 -0.27791377775355414 0.27192460862666046 1.4907733255919144 0.09230419581010901 2.1145789481304176 310 154_1.jpg

311 -0.4988260304483408 0.5041466656056215 -0.5030741688562963 0.49388775195932083 1.5367128263483314 -0.023210598185461628 2.114564414812463 311 155_0.jpg

312 -0.6472728122671795 0.6556362145715584 -0.27791377775355414 0.27192460862666046 1.4907294715127197 0.09234588520073667 2.1145794307208403 312 155_1.jpg

313 -0.498801787226818 0.5041702107239119 -0.5030982099267607 0.4938637128261476 1.536842533034383 -0.02316436603280873 2.1154176980250576 313 156_0.jpg

314 -0.6472594193677449 0.6556491773634713 -0.27794497406760665 0.2718933460989636 1.490859239331151 0.09239214102279991 2.1154371224784 314 156_1.jpg

315 -0.498801787226818 0.5041702107239119 -0.5030982099267607 0.4938637128261476 1.5368500204640672 -0.023156023261669916 2.115417532622191 315 157_0.jpg

316 -0.6472594193677449 0.6556491773634713 -0.27794497406760665 0.2718933460989636 1.4908667267608353 0.09240048379393873 2.1154369570755334 316 157_1.jpg

317 -0.498801787226818 0.5041702107239119 -0.5030982099267607 0.4938637128261476 1.5368989277813174 -0.023235060413305846 2.114417025008381 317 158_0.jpg

318 -0.6472594193677449 0.6556491773634713 -0.27794497406760665 0.2718933460989636 1.4909156340780856 0.0923214466423028 2.1144364494617234 318 158_1.jpg

319 -0.4988260304483408 0.5041466656056215 -0.5030741688562963 0.49388775195932083 1.5367205220941391 -0.02318796460592838 2.1145641693267976 319 159_0.jpg

320 -0.6472728122671795 0.6556362145715584 -0.27791377775355414 0.27192460862666046 1.4907371672585275 0.09236851878026991 2.1145791852351747 320 159_1.jpg

321 -0.4988260304483408 0.5041466656056215 -0.5030741688562963 0.49388775195932083 1.5368176110155323 -0.023163516528417482 2.1145624741158713 321 160_0.jpg

322 -0.6472728122671795 0.6556362145715584 -0.27791377775355414 0.27192460862666046 1.4908342561799206 0.09239296685778081 2.1145774900242484 322 160_1.jpg

323 -0.4988260304483408 0.5041466656056215 -0.5030741688562963 0.49388775195932083 1.536837143927652 -0.023183963595148804 2.1145622692514223 323 161_0.jpg

324 -0.6472728122671795 0.6556362145715584 -0.27791377775355414 0.27192460862666046 1.4908537890920404 0.09237251979104949 2.1145772851597995 324 161_1.jpg

325 -0.4988260304483408 0.5041466656056215 -0.5030741688562963 0.49388775195932083 1.536789046962905 -0.023150598812482336 2.114562864882771 325 162_0.jpg

326 -0.6472728122671795 0.6556362145715584 -0.27791377775355414 0.27192460862666046 1.4908056921272934 0.09240588457371596 2.114577880791148 326 162_1.jpg

327 -0.498801787226818 0.5041702107239119 -0.5030982099267607 0.4938637128261476 1.5368793421585227 -0.023180165167111782 2.1144170457701557 327 163_0.jpg

328 -0.6472594193677449 0.6556491773634713 -0.27794497406760665 0.2718933460989636 1.490896048455291 0.09237634188849686 2.114436470223498 328 163_1.jpg

329 -0.498801787226818 0.5041702107239119 -0.5030982099267607 0.4938637128261476 1.5368778912634529 -0.023284945418602192 2.1154177758485866 329 164_0.jpg

330 -0.6472594193677449 0.6556491773634713 -0.27794497406760665 0.2718933460989636 1.490894597560221 0.09227156163700645 2.115437200301929 330 164_1.jpg

331 -0.4988260304483408 0.5041466656056215 -0.5030741688562963 0.49388775195932083 1.5367277668378951 -0.02315771378896587 2.1145638902092116 331 165_0.jpg

332 -0.6472728122671795 0.6556362145715584 -0.27791377775355414 0.27192460862666046 1.4907444120022835 0.09239876959723242 2.114578906117589 332 165_1.jpg

333 -0.498801787226818 0.5041702107239119 -0.5030982099267607 0.4938637128261476 1.536878998438647 -0.023122382413369096 2.114416741072207 333 166_0.jpg

334 -0.6472594193677449 0.6556491773634713 -0.27794497406760665 0.2718933460989636 1.4908957047354152 0.09243412464223955 2.1144361655255492 334 166_1.jpg

335 -0.498801787226818 0.5041702107239119 -0.5030982099267607 0.4938637128261476 1.5368720107581115 -0.02325418412352302 2.1144175612741116 335 167_0.jpg

336 -0.6472594193677449 0.6556491773634713 -0.27794497406760665 0.2718933460989636 1.4908887170548797 0.09230232293208562 2.114436985727454 336 167_1.jpg

337 -0.498801787226818 0.5041702107239119 -0.5030982099267607 0.4938637128261476 1.5367733850926246 -0.02323629628734362 2.1154191980819257 337 168_0.jpg

338 -0.6472594193677449 0.6556491773634713 -0.27794497406760665 0.2718933460989636 1.4907900913893928 0.09232021076826502 2.115438622535268 338 168_1.jpg

339 -0.498801787226818 0.5041702107239119 -0.5030982099267607 0.4938637128261476 1.5367688691385641 -0.02322899662465953 2.1154192316350326 339 169_0.jpg

340 -0.6472594193677449 0.6556491773634713 -0.27794497406760665 0.2718933460989636 1.4907855754353323 0.09232751043094911 2.115438656088375 340 169_1.jpg

341 -0.498801787226818 0.5041702107239119 -0.5030982099267607 0.4938637128261476 1.536812708778621 -0.023177845095808707 2.1154182508157384 341 170_0.jpg

342 -0.6472594193677449 0.6556491773634713 -0.27794497406760665 0.2718933460989636 1.4908294150753891 0.09237866195979993 2.1154376752690807 342 170_1.jpg

343 -0.498801787226818 0.5041702107239119 -0.5030982099267607 0.4938637128261476 1.5367682688993458 -0.023184557410338685 2.115419002710498 343 171_0.jpg

344 -0.6472594193677449 0.6556491773634713 -0.27794497406760665 0.2718933460989636 1.490784975196114 0.09237194964526996 2.1154384271638405 344 171_1.jpg

345 -0.4988259257152768 0.5041462688677084 -0.5031219136547944 0.493839625203773 1.5368008145562577 -0.0232797257478143 2.1154155860279578 345 172_0.jpg

346 -0.6472908323221997 0.6556181322431532 -0.2779580464638732 0.27188006082024563 1.4908175346610728 0.09227678440903707 2.115446089316127 346 172_1.jpg

347 -0.4987776477093821 0.5041941513052753 -0.5030745051577653 0.4938877991966577 1.5367712501039497 -0.023152569655206186 2.115422166868079 347 173_0.jpg

348 -0.647228005078498 0.6556802208263586 -0.27793190109613136 0.2719066306883594 1.490787942592731 0.09240393323700875 2.115430512540752 348 173_1.jpg

349 -0.498777542859069 0.5041937546836397 -0.5031222498411256 0.49383967255809563 1.536855314577972 -0.02327300662466525 2.115273532431056 349 174_0.jpg

350 -0.6472460249809343 0.6556621386487289 -0.2779761697429529 0.27186208294646685 1.4908720824297905 0.09228352410032213 2.1152973654234817 350 174_1.jpg

351 -0.4987534044717819 0.5042176964256891 -0.503098543921159 0.4938637577747415 1.5368334402188808 -0.023160338444804595 2.1152766638054525 351 175_0.jpg

352 -0.647214611314975 0.6556931827517597 -0.27796309527359603 0.2718753660396523 1.4908501932005584 0.09239618811679647 2.115289418018584 352 175_1.jpg

353 -0.4987776477093821 0.5041941513052753 -0.5030745051577653 0.4938877991966577 1.536746035725766 -0.023112476768613284 2.115422357773859 353 176_0.jpg

354 -0.647228005078498 0.6556802208263586 -0.27793190109613136 0.2719066306883594 1.4907627282145475 0.09244402612360166 2.115430703446532 354 176_1.jpg

355 -0.4987776477093821 0.5041941513052753 -0.5030745051577653 0.4938877991966577 1.5366457354113228 -0.023047612194130103 2.1154236251970175 355 177_0.jpg

356 -0.647228005078498 0.6556802208263586 -0.27793190109613136 0.2719066306883594 1.4906624279001042 0.09250889069808484 2.1154319708696905 356 177_1.jpg

357 -0.49880188980081164 0.5041706050262439 -0.5030504652383269 0.49391183948364 1.5368627916640758 -0.02261217850260406 2.114562170118443 357 178_0.jpg

358 -0.6472413973547172 0.6556672573942307 -0.27790070627999036 0.2719378947122362 1.4908794240826322 0.09294430072019372 2.114566107244878 358 178_1.jpg

359 -0.49889893514896 0.504076789169131 -0.502906549751821 0.4940561155829292 1.539122422154805 -0.02260212476513852 2.1152514005404814 359 179_0.jpg

360 -0.647276916650237 0.6556334559997591 -0.27773165860594917 0.2721074977900508 1.4931387531283626 0.09295423088498547 2.1152222161497765 360 179_1.jpg

361 -0.4988990193951581 0.504077165033296 -0.5028588049116627 0.49410424250491825 1.543072432854148 -0.022816579954017247 2.115336673905251 361 180_0.jpg

362 -0.6472588776014216 0.6556515190048727 -0.27768739763218037 0.27215205343524085 1.497088700982707 0.09273974573871434 2.115292002093572 362 180_1.jpg

363 -0.4988505525770517 0.5041242747492185 -0.5029068926258017 0.49405617003697583 1.548375358845603 -0.02281294532089131 2.114962403585864 363 181_0.jpg

364 -0.6472321120318527 0.6556774648782397 -0.2777497879915176 0.2720895265832532 1.5023917382160485 0.09274342771079351 2.1149265488888007 364 181_1.jpg

365 -0.49887486852876967 0.5041010940134868 -0.5028351047341874 0.49412833354480623 1.556846518001349 -0.023232662765035564 2.115120354599191 365 182_0.jpg

366 -0.6472274544888913 0.655682553465039 -0.2776743332322699 0.2721653466211498 1.5108627797569771 0.09232365557777059 2.115064604001727 366 182_1.jpg

367 -0.4989962256390705 0.5039355387395834 -0.5027622019680528 0.4942488319312881 1.5764398903038603 -0.022992753570933184 2.115521853166915 367 183_0.jpg

368 -0.647312282619932 0.6555737586111731 -0.2775624456707955 0.2723397593871286 1.5304669617731652 0.09256785980773505 2.1154549363711395 368 183_1.jpg

369 -0.49921465455579817 0.5036282854531412 -0.5025925796659606 0.4945138801216601 1.603128895326066 -0.022331651330037453 2.115526879816905 369 184_0.jpg

370 -0.6474503478134479 0.6553871212122456 -0.2773255486079533 0.272701867530584 1.5571776106456077 0.093237545995259 2.1154265513455663 370 184_1.jpg

371 -0.4995049107087504 0.5033930868019568 -0.5022564182859838 0.4948017124347649 1.6384135594427938 -0.022211615396449294 2.1146886970677765 371 185_0.jpg

372 -0.6475925809864995 0.6552749692456701 -0.27690695667035875 0.2730587868553037 1.5924506535760734 0.09335288759814664 2.1145245876560823 372 185_1.jpg

373 -0.4996742737864304 0.5032282603605305 -0.5020400952891891 0.49501785908443674 1.6843729525369753 -0.02181126376020698 2.1150998198817352 373 186_0.jpg

374 -0.6476677925028466 0.6552018370830175 -0.27664421214756335 0.27332208678184516 1.638409740720105 0.09375304243746996 2.1148893619830886 374 186_1.jpg

375 -0.4996742550933024 0.5032288406308161 -0.5019446059426818 0.4951141134318068 1.7458039466656263 -0.020368044574039592 2.115396622207549 375 187_0.jpg

376 -0.6476315411115663 0.6552378040293115 -0.2765557614396764 0.2734112615508435 1.6998407228828574 0.0951961963038492 2.1151551893754648 376 187_1.jpg

377 -0.4995774747513296 0.5033240945074021 -0.5018977088448295 0.4951624909721039 1.8168420901733628 -0.01905410304254291 2.116111609219123 377 188_0.jpg

378 -0.647523860433528 0.6553438521571424 -0.2765479473529101 0.2734200402750142 1.7708789985963145 0.09651012659629513 2.1158413488599033 378 188_1.jpg

379 -0.49952894173836554 0.503418431437132 -0.5019940546725753 0.4950178666760563 1.903637579075919 -0.019475776433720185 2.1161378925276724 379 189_0.jpg

380 -0.6475155613316143 0.6553777938196866 -0.27665473975477806 0.2732502519169212 1.8576635094206913 0.09608415032362899 2.115896548017974 380 189_1.jpg

381 -0.4995531346232216 0.503394543036733 -0.5020177215701179 0.49499374436299687 2.0013207059813674 -0.01946456491618621 2.11656135171558 381 190_0.jpg

382 -0.6475470111097119 0.6553467851716295 -0.2766677573157937 0.2732369148375416 1.9553466087054006 0.09609537345937891 2.1163310860092257 382 190_1.jpg

383 -0.4995291293194701 0.5033704199951367 -0.5020891049022717 0.4949701000804871 2.112179424501838 -0.019529917305610274 2.116629189001349 383 191_0.jpg

384 -0.6475515858468263 0.6553159516567147 -0.276743047410708 0.27322377803066356 2.066216426563728 0.09603446563270948 2.11641420847499 384 191_1.jpg

385 -0.49940816884313854 0.5034886793157114 -0.5021617440500905 0.49489818498983756 2.236901837555483 -0.019355520089687172 2.117047574298969 385 192_0.jpg

386 -0.6474668069624265 0.6553990336873418 -0.2768548689314923 0.2731121053203335 2.1909390209485604 0.09620894697860068 2.116839149777951 386 192_1.jpg

387 -0.4993597773204616 0.5035358564063421 -0.5022098897587327 0.49485015988288 2.3746220630797317 -0.01954306449781314 2.117542790068528 387 193_0.jpg

388 -0.6474401325553416 0.6554250601712792 -0.2769172846161147 0.2730495975771334 2.3286593263932724 0.09602144992287 2.1173431829470095 388 193_1.jpg

389 -0.49931115516859376 0.503630133094578 -0.5023061939677778 0.4947055152966733 2.5254138550575185 -0.0197793007048987 2.1175364365221223 389 194_0.jpg

390 -0.6474317354082506 0.6554589380329874 -0.27702407204678453 0.27287981245513077 2.4794401790807443 0.09578090863046335 2.117365745134293 390 194_1.jpg

391 -0.4991900404345135 0.503747359324142 -0.5025220041925786 0.4944891675327343 2.687875026616279 -0.020645663317397644 2.116909578349132 391 195_0.jpg

392 -0.6474011414868005 0.6554878990582951 -0.2772685802404313 0.272634389982602 2.641901645940793 0.09491472964787523 2.116791905163621 392 195_1.jpg

393 -0.4991412851610348 0.5038415465042154 -0.5026182965501633 0.4943445371773042 2.862541420047491 -0.020664140493040575 2.117516690193101 393 196_0.jpg

394 -0.6473926164624229 0.6555216989916923 -0.27737540695427404 0.27246465076764415 2.8165571573259607 0.09489194850279523 2.1174279324116565 394 196_1.jpg

395 -0.4989482650409526 0.5039366738447483 -0.5026189409226088 0.49444176380313 3.049313173221317 -0.020240812572127682 2.1172309994791956 395 197_0.jpg

396 -0.6472131603608894 0.6556460415143883 -0.27744771389566797 0.27251818169848785 3.0033511841203855 0.09532410432636929 2.117106339424202 396 197_1.jpg

397 -0.49875521265340944 0.5040314773325512 -0.5026672813949596 0.4944907602008542 3.248636024530831 -0.02001470218058937 2.117596469695749 397 198_0.jpg

398 -0.6470517738304535 0.6557523304512249 -0.27756421675920295 0.2725270420811508 3.202696327153589 0.09555905417516988 2.1174513948632794 398 198_1.jpg
