1 -0.4990685494191545 0.5039118843415673 -0.5027382057979177 0.4942243339123263 1.5389142447125008 -0.02363394083934766 2.115270572975568 1 000_0.jpg

2 -0.6473705643856412 0.6555426127014302 -0.2775132654708973 0.2723263167365179 1.492930189258495 0.09192224912318943 2.1152105284507625 2 000_1.jpg

3 -0.499043572021496 0.5039346479337202 -0.5027630237985998 0.49420109847796995 1.538998086456781 -0.02369249853301317 2.115127068315417 3 001_0.jpg

4 -0.647356777228734 0.655555154510372 -0.2775454621802035 0.2722960866301369 1.493014443849255 0.09186385792059894 2.1150714292188613 4 001_1.jpg

5 -0.499043572021496 0.5039346479337202 -0.5027630237985998 0.49420109847796995 1.5390270392866745 -0.023675117779579345 2.115125939189824 5 002_0.jpg

6 -0.647356777228734 0.655555154510372 -0.2775454621802035 0.2722960866301369 1.4930433966791485 0.09188123867403276 2.1150703000932682 6 002_1.jpg

7 -0.4990194164974699 0.5039585724187884 -0.5027393304576913 0.4942251964996259 1.539045004095088 -0.02356931088335756 2.1151315679078673 7 003_0.jpg

8 -0.647325352316699 0.6555861874437505 -0.2775324058958732 0.2723093879370992 1.4930613604261438 0.09198703928245655 2.1150648499692806 8 003_1.jpg

9 -0.499043572021496 0.5039346479337202 -0.5027630237985998 0.49420109847796995 1.5390233241754407 -0.023657100148217345 2.1151253188623724 9 004_0.jpg

10 -0.647356777228734 0.655555154510372 -0.2775454621802035 0.2722960866301369 1.4930396815679148 0.09189925630539476 2.1150696797658166 10 004_1.jpg

11 -0.4990185929917956 0.5039574108101236 -0.5027878411261385 0.4941778614565428 1.539034503105536 -0.023646586513764275 2.114980366620714 11 005_0.jpg

12 -0.6473429883163788 0.6555676950565567 -0.2775776588772587 0.27226585531071335 1.4930512737751809 0.0919099364326619 2.114929132998425 12 005_1.jpg

13 -0.4990185929917956 0.5039574108101236 -0.5027878411261385 0.4941778614565428 1.5390528102809595 -0.023591633521079954 2.1149779912033293 13 006_0.jpg

14 -0.6473429883163788 0.6555676950565567 -0.2775776588772587 0.27226585531071335 1.4930695809506045 0.09196488942534622 2.1149267575810407 14 006_1.jpg

15 -0.4990194164974699 0.5039585724187884 -0.5027393304576913 0.4942251964996259 1.5389405686151902 -0.023523663832844762 2.1151315463151983 15 007_0.jpg

16 -0.647325352316699 0.6555861874437505 -0.2775324058958732 0.2723093879370992 1.492956924946246 0.09203268633296935 2.1150648283766116 16 007_1.jpg

17 -0.49897028297983437 0.5040052610165905 -0.5027404510614316 0.4942260539845815 1.5390436639035272 -0.02352435017238279 2.1149954190708793 17 008_0.jpg

18 -0.6472801382075914 0.655629760738317 -0.2775515427724724 0.2722924542120091 1.4930604303274508 0.09203215913628532 2.114922027765487 18 008_1.jpg

19 -0.49897028297983437 0.5040052610165905 -0.5027404510614316 0.4942260539845815 1.5390191986176944 -0.02358290153952951 2.1149980309277363 19 009_0.jpg

20 -0.6472801382075914 0.655629760738317 -0.2775515427724724 0.2722924542120091 1.493035965041618 0.0919736077691386 2.1149246396223442 20 009_1.jpg

21 -0.49897028297983437 0.5040052610165905 -0.5027404510614316 0.4942260539845815 1.539060537364577 -0.023647717225716614 2.1149998061566424 21 010_0.jpg

22 -0.6472801382075914 0.655629760738317 -0.2775515427724724 0.2722924542120091 1.4930773037885006 0.0919087920829515 2.1149264148512503 22 010_1.jpg

23 -0.49897028297983437 0.5040052610165905 -0.5027404510614316 0.4942260539845815 1.5390191662637847 -0.02356471855822222 2.114997344279583 23 011_0.jpg

24 -0.6472801382075914 0.655629760738317 -0.2775515427724724 0.2722924542120091 1.4930359326877083 0.09199179075044589 2.114923952974191 24 011_1.jpg

25 -0.49899443855914943 0.5039813364924214 -0.502764146671451 0.49420195828839025 1.5391100175975205 -0.023690028685876677 2.114990697084361 25 012_0.jpg

26 -0.647311564005733 0.6555987286507065 -0.2775646011437816 0.2722791550742044 1.4931267861443087 0.09186648797275729 2.1149283846201943 26 012_1.jpg

27 -0.4990194164974699 0.5039585724187884 -0.5027393304576913 0.4942251964996259 1.538934570266734 -0.023654590604320732 2.115136592176161 27 013_0.jpg

28 -0.647325352316699 0.6555861874437505 -0.2775324058958732 0.2723093879370992 1.4929509265977898 0.09190175956149338 2.1150698742375744 28 013_1.jpg

29 -0.4989952598267174 0.5039824957457804 -0.5027156359615081 0.4942492933855725 1.5389767570052797 -0.023500362163455735 2.1151399764005867 29 014_0.jpg

30 -0.6472939259171366 0.6556172188706186 -0.2775193489737847 0.27232268861830555 1.4929931122749136 0.09205598065238677 2.1150621796206224 30 014_1.jpg

31 -0.4990194164974699 0.5039585724187884 -0.5027393304576913 0.4942251964996259 1.5390067706026556 -0.023658395559135955 2.1151355582691815 31 015_0.jpg

32 -0.647325352316699 0.6555861874437505 -0.2775324058958732 0.2723093879370992 1.4930231269337113 0.09189795460667816 2.115068840330595 32 015_1.jpg

33 -0.4989952598267174 0.5039824957457804 -0.5027156359615081 0.4942492933855725 1.5389286513345084 -0.023510185412343832 2.115141132324992 33 016_0.jpg

34 -0.6472939259171366 0.6556172188706186 -0.2775193489737847 0.27232268861830555 1.4929450066041423 0.09204615740349867 2.1150633355450275 34 016_1.jpg

35 -0.4990194164974699 0.5039585724187884 -0.5027393304576913 0.4942251964996259 1.5390366969066789 -0.023649883214358455 2.1151347484218173 35 017_0.jpg

36 -0.647325352316699 0.6555861874437505 -0.2775324058958732 0.2723093879370992 1.4930530532377346 0.09190646695145566 2.1150680304832306 36 017_1.jpg

37 -0.49902023504171195 0.5039597297591571 -0.502690820188507 0.4942725311993355 1.5389071291917984 -0.02353635696802666 2.1152868225298187 37 018_0.jpg

38 -0.6473077118714019 0.6556046757400463 -0.2774871551628499 0.2723529218114385 1.4929230737377925 0.09201981935673696 2.1152046203215025 38 018_1.jpg

39 -0.49902023504171195 0.5039597297591571 -0.502690820188507 0.4942725311993355 1.5389101947911425 -0.02345883282801605 2.115283842712718 39 019_0.jpg

40 -0.6473077118714019 0.6556046757400463 -0.2774871551628499 0.2723529218114385 1.4929261393371367 0.09209734349674757 2.115201640504402 40 019_1.jpg

41 -0.4990194164974699 0.5039585724187884 -0.5027393304576913 0.4942251964996259 1.539008076168885 -0.023710523908261224 2.1151375070212213 41 020_0.jpg

42 -0.647325352316699 0.6555861874437505 -0.2775324058958732 0.2723093879370992 1.4930244324999407 0.09184582625755289 2.1150707890826346 42 020_1.jpg

43 -0.4990194164974699 0.5039585724187884 -0.5027393304576913 0.4942251964996259 1.5390248623173064 -0.023553827241341026 2.115131311291216 43 021_0.jpg

44 -0.647325352316699 0.6555861874437505 -0.2775324058958732 0.2723093879370992 1.4930412186483621 0.09200252292447308 2.115064593352629 44 021_1.jpg

45 -0.4989952598267174 0.5039824957457804 -0.5027156359615081 0.4942492933855725 1.5389683955577809 -0.023469000833226106 2.1151389275739434 45 022_0.jpg

46 -0.6472939259171366 0.6556172188706186 -0.2775193489737847 0.27232268861830555 1.4929847508274148 0.0920873419826164 2.115061130793979 46 022_1.jpg

47 -0.4989952598267174 0.5039824957457804 -0.5027156359615081 0.4942492933855725 1.5389515276676136 -0.023483830070214696 2.115139763146973 47 023_0.jpg

48 -0.6472939259171366 0.6556172188706186 -0.2775193489737847 0.27232268861830555 1.4929678829372475 0.0920725127456278 2.1150619663670085 48 023_1.jpg

49 -0.4989952598267174 0.5039824957457804 -0.5027156359615081 0.4942492933855725 1.5389870582190994 -0.0235113108422904 2.1151402221463287 49 024_0.jpg

50 -0.6472939259171366 0.6556172188706186 -0.2775193489737847 0.27232268861830555 1.4930034134887333 0.0920450319735521 2.1150624253663644 50 024_1.jpg

51 -0.4989952598267174 0.5039824957457804 -0.5027156359615081 0.4942492933855725 1.5390167535202224 -0.023597652242112178 2.1151430008040557 51 025_0.jpg

52 -0.6472939259171366 0.6556172188706186 -0.2775193489737847 0.27232268861830555 1.4930331087898563 0.09195869057373032 2.1150652040240914 52 025_1.jpg

53 -0.4989952598267174 0.5039824957457804 -0.5027156359615081 0.4942492933855725 1.5390440592014372 -0.023573835094832008 2.1151416553002798 53 026_0.jpg

54 -0.6472939259171366 0.6556172188706186 -0.2775193489737847 0.27232268861830555 1.493060414471071 0.09198250772101049 2.1150638585203154 54 026_1.jpg

55 -0.49897028297983437 0.5040052610165905 -0.5027404510614316 0.4942260539845815 1.5391066999287943 -0.02355555701788874 2.1149955702279892 55 027_0.jpg

56 -0.6472801382075914 0.655629760738317 -0.2775515427724724 0.2722924542120091 1.493123466352718 0.09200095229077937 2.114922178922597 56 027_1.jpg

57 -0.49897028297983437 0.5040052610165905 -0.5027404510614316 0.4942260539845815 1.5390727382298621 -0.0235006665043072 2.1149940497621063 57 028_0.jpg

58 -0.6472801382075914 0.655629760738317 -0.2775515427724724 0.2722924542120091 1.4930895046537858 0.09205584280436091 2.114920658456714 58 028_1.jpg

59 -0.49897028297983437 0.5040052610165905 -0.5027404510614316 0.4942260539845815 1.5390848304752183 -0.02347403335457714 2.114992845991107 59 029_0.jpg

60 -0.6472801382075914 0.655629760738317 -0.2775515427724724 0.2722924542120091 1.493101596899142 0.09208247595409097 2.114919454685715 60 029_1.jpg

61 -0.4989952598267174 0.5039824957457804 -0.5027156359615081 0.4942492933855725 1.538998301119868 -0.023551808999210822 2.115141569273091 61 030_0.jpg

62 -0.6472939259171366 0.6556172188706186 -0.2775193489737847 0.27232268861830555 1.493014656389502 0.09200453381663168 2.1150637724931265 62 030_1.jpg

63 -0.4989952598267174 0.5039824957457804 -0.5027156359615081 0.4942492933855725 1.5390514420905035 -0.023510398488250973 2.115139137460846 63 031_0.jpg

64 -0.6472939259171366 0.6556172188706186 -0.2775193489737847 0.27232268861830555 1.4930677973601374 0.09204594432759153 2.1150613406808816 64 031_1.jpg

65 -0.4989952598267174 0.5039824957457804 -0.5027156359615081 0.4942492933855725 1.5390201533048682 -0.02357102329510029 2.1151419389800474 65 032_0.jpg

66 -0.6472939259171366 0.6556172188706186 -0.2775193489737847 0.27232268861830555 1.493036508574502 0.09198531952074221 2.115064142200083 66 032_1.jpg

67 -0.4989952598267174 0.5039824957457804 -0.5027156359615081 0.4942492933855725 1.539031339169064 -0.023553019151828936 2.115141076103216 67 033_0.jpg

68 -0.6472939259171366 0.6556172188706186 -0.2775193489737847 0.27232268861830555 1.493047694438698 0.09200332366401356 2.1150632793232518 68 033_1.jpg

69 -0.4989952598267174 0.5039824957457804 -0.5027156359615081 0.4942492933855725 1.5390612445626672 -0.023611874249619847 2.115142812564612 69 034_0.jpg

70 -0.6472939259171366 0.6556172188706186 -0.2775193489737847 0.27232268861830555 1.4930775998323011 0.09194446856622265 2.115065015784648 70 034_1.jpg

71 -0.49902023504171195 0.5039597297591571 -0.502690820188507 0.4942725311993355 1.5389629694397085 -0.023457631339585526 2.1152829364654844 71 035_0.jpg

72 -0.6473077118714019 0.6556046757400463 -0.2774871551628499 0.2723529218114385 1.4929789139857026 0.0920985449851781 2.115200734257168 72 035_1.jpg

73 -0.49902023504171195 0.5039597297591571 -0.502690820188507 0.4942725311993355 1.538917882519186 -0.023616685286999194 2.1152896829140255 73 036_0.jpg

74 -0.6473077118714019 0.6556046757400463 -0.2774871551628499 0.2723529218114385 1.4929338270651802 0.09193949103776443 2.1152074807057093 74 036_1.jpg

75 -0.4990194164974699 0.5039585724187884 -0.5027393304576913 0.4942251964996259 1.5390789818409174 -0.023674285054522955 2.1151349808864355 75 037_0.jpg

76 -0.647325352316699 0.6555861874437505 -0.2775324058958732 0.2723093879370992 1.4930953381719732 0.09188206511129116 2.1150682629478488 76 037_1.jpg

77 -0.4990194164974699 0.5039585724187884 -0.5027393304576913 0.4942251964996259 1.5390825741801435 -0.023579729023237236 2.1151313488037404 77 038_0.jpg

78 -0.647325352316699 0.6555861874437505 -0.2775324058958732 0.2723093879370992 1.4930989305111992 0.09197662114257688 2.1150646308651537 78 038_1.jpg

79 -0.4990194164974699 0.5039585724187884 -0.5027393304576913 0.4942251964996259 1.5391053847979363 -0.02358224928512442 2.1151310719718817 79 039_0.jpg

80 -0.647325352316699 0.6555861874437505 -0.2775324058958732 0.2723093879370992 1.493121741128992 0.09197410088068969 2.115064354033295 80 039_1.jpg

81 -0.4990194164974699 0.5039585724187884 -0.5027393304576913 0.4942251964996259 1.5390068877012353 -0.023651608403082777 2.1151352998571733 81 040_0.jpg

82 -0.647325352316699 0.6555861874437505 -0.2775324058958732 0.2723093879370992 1.493023244032291 0.09190474176273133 2.1150685819185866 82 040_1.jpg

83 -0.4990194164974699 0.5039585724187884 -0.5027393304576913 0.4942251964996259 1.5389784602242442 -0.023516611505653203 2.1151306617181236 83 041_0.jpg

84 -0.647325352316699 0.6555861874437505 -0.2775324058958732 0.2723093879370992 1.4929948165553 0.09203973866016091 2.115063943779537 84 041_1.jpg

85 -0.4990194164974699 0.5039585724187884 -0.5027393304576913 0.4942251964996259 1.5390750972098757 -0.023482242009191908 2.115127786511022 85 042_0.jpg

86 -0.647325352316699 0.6555861874437505 -0.2775324058958732 0.2723093879370992 1.4930914535409314 0.0920741081566222 2.115061068572435 86 042_1.jpg

87 -0.4990194164974699 0.5039585724187884 -0.5027393304576913 0.4942251964996259 1.542647370018686 -0.023983095426939657 2.115088445317512 87 043_0.jpg

88 -0.647325352316699 0.6555861874437505 -0.2775324058958732 0.2723093879370992 1.4966637263497418 0.09157325473887445 2.115021727378925 88 043_1.jpg

89 -0.49899443855914943 0.5039813364924214 -0.502764146671451 0.49420195828839025 1.546775106708308 -0.024683195632945534 2.1149032010454314 89 044_0.jpg

90 -0.647311564005733 0.6555987286507065 -0.2775646011437816 0.2722791550742044 1.5007918752550962 0.09087332102568843 2.1148408885812646 90 044_1.jpg

91 -0.49899443855914943 0.5039813364924214 -0.502764146671451 0.49420195828839025 1.5465473385937665 -0.02489535076594475 2.1149149341347298 91 045_0.jpg

92 -0.647311564005733 0.6555987286507065 -0.2775646011437816 0.2722791550742044 1.5005641071405547 0.09066116589268922 2.114852621670563 92 045_1.jpg

93 -0.49904439280382507 0.5039358076293742 -0.5027145135708211 0.49424843312371225 1.545990968667766 -0.025108312913993094 2.115220780375267 93 046_0.jpg

94 -0.647339138872301 0.6555736449739792 -0.27750021063571567 0.2723396195868909 1.5000069132137601 0.0904478707607441 2.115149657008379 94 046_1.jpg

95 -0.49904520959521814 0.5039369621721592 -0.5026660027782228 0.4942957683287653 1.545765485930356 -0.024932522105549443 2.115372049018161 95 047_0.jpg

96 -0.647321496606034 0.6555921308592425 -0.2774549600887923 0.27238315496610455 1.4997810201674044 0.09062348772341434 2.1152854412565727 96 047_1.jpg

97 -0.4990211853441907 0.5039111705438426 -0.5027374099852867 0.494273694808958 1.5458110261970168 -0.025316328533804586 2.115231576909054 97 048_0.jpg

98 -0.6473260557403182 0.6555603368218226 -0.2775302907649161 0.2723720985227415 1.4998380647681753 0.09024426903015087 2.115160105769754 98 048_1.jpg

99 -0.49904439280382507 0.5039358076293742 -0.5027145135708211 0.49424843312371225 1.5456498295018404 -0.02535846839511915 2.11523579884955 99 049_0.jpg

100 -0.647339138872301 0.6555736449739792 -0.27750021063571567 0.2723396195868909 1.4996657740478345 0.09019771527961805 2.115164675482662 100 049_1.jpg

101 -0.4990461598464565 0.5038884053228684 -0.5027125903047832 0.4942969318868333 1.5453295743581799 -0.025493647548622926 2.1153904646724433 101 050_0.jpg

102 -0.647339839576488 0.6555477941033255 -0.27749809359080563 0.2724023307477731 1.4993562015589512 0.09006678355212404 2.1153145879785886 102 050_1.jpg

103 -0.49904439280382507 0.5039358076293742 -0.5027145135708211 0.49424843312371225 1.5454876795245267 -0.025088125865203172 2.1152282269248945 103 051_0.jpg

104 -0.647339138872301 0.6555736449739792 -0.27750021063571567 0.2723396195868909 1.4995036240705208 0.09046805780953403 2.1151571035580066 104 051_1.jpg

105 -0.49904439280382507 0.5039358076293742 -0.5027145135708211 0.49424843312371225 1.5455436002598757 -0.025118981221872862 2.115228480860391 105 052_0.jpg

106 -0.647339138872301 0.6555736449739792 -0.27750021063571567 0.2723396195868909 1.4995595448058698 0.09043720245286434 2.115157357493503 106 052_1.jpg

107 -0.4989952598267174 0.5039824957457804 -0.5027156359615081 0.4942492933855725 1.545627055652794 -0.02506959068765967 2.115090803910095 107 053_0.jpg

108 -0.6472939259171366 0.6556172188706186 -0.2775193489737847 0.27232268861830555 1.499643410922428 0.09048675212818283 2.1150130071301305 108 053_1.jpg

109 -0.49902023504171195 0.5039597297591571 -0.502690820188507 0.4942725311993355 1.5453997270365247 -0.024857370600177085 2.1152308417947845 109 054_0.jpg

110 -0.6473077118714019 0.6556046757400463 -0.2774871551628499 0.2723529218114385 1.4994156715825189 0.09069880572458654 2.1151486395864683 110 054_1.jpg

111 -0.4989952598267174 0.5039824957457804 -0.5027156359615081 0.4942492933855725 1.5455560448715957 -0.0249284131324241 2.115086626792929 111 055_0.jpg

112 -0.6472939259171366 0.6556172188706186 -0.2775193489737847 0.27232268861830555 1.4995724001412296 0.0906279296834184 2.1150088300129646 112 055_1.jpg

113 -0.4990194164974699 0.5039585724187884 -0.5027393304576913 0.4942251964996259 1.545516988063342 -0.024969079747376385 2.11507889975658 113 056_0.jpg

114 -0.647325352316699 0.6555861874437505 -0.2775324058958732 0.2723093879370992 1.4995333443943977 0.09058727041843773 2.115012181817993 114 056_1.jpg

115 -0.4990194164974699 0.5039585724187884 -0.5027393304576913 0.4942251964996259 1.5453976737111232 -0.024866703743424808 2.11507697694734 115 057_0.jpg

116 -0.647325352316699 0.6555861874437505 -0.2775324058958732 0.2723093879370992 1.499414030042179 0.0906896464223893 2.1150102590087534 116 057_1.jpg

117 -0.49899443855914943 0.5039813364924214 -0.502764146671451 0.49420195828839025 1.5455635801065435 -0.0249488659927405 2.114933003295436 117 058_0.jpg

118 -0.647311564005733 0.6555987286507065 -0.2775646011437816 0.2722791550742044 1.4995803486533317 0.09060765066589346 2.1148706908312693 118 058_1.jpg

119 -0.49899443855914943 0.5039813364924214 -0.502764146671451 0.49420195828839025 1.5454833184581938 -0.024966874420414023 2.114934993072469 119 059_0.jpg

120 -0.647311564005733 0.6555987286507065 -0.2775646011437816 0.2722791550742044 1.499500087004982 0.09058964223821994 2.1148726806083022 120 059_1.jpg

121 -0.4990194164974699 0.5039585724187884 -0.5027393304576913 0.4942251964996259 1.545379178217773 -0.02487692087826787 2.11507766476747 121 060_0.jpg

122 -0.647325352316699 0.6555861874437505 -0.2775324058958732 0.2723093879370992 1.4993955345488288 0.09067942928754624 2.115010946828883 122 060_1.jpg

123 -0.4990194164974699 0.5039585724187884 -0.5027393304576913 0.4942251964996259 1.5453799702433897 -0.024937036263492304 2.115079923744312 123 061_0.jpg

124 -0.647325352316699 0.6555861874437505 -0.2775324058958732 0.2723093879370992 1.4993963265744454 0.09061931390232181 2.115013205805725 124 061_1.jpg

125 -0.4989952598267174 0.5039824957457804 -0.5027156359615081 0.4942492933855725 1.5453910553891816 -0.024866758128818434 2.1150869879577727 125 062_0.jpg

126 -0.6472939259171366 0.6556172188706186 -0.2775193489737847 0.27232268861830555 1.4994074106588156 0.09068958468702407 2.1150091911778084 126 062_1.jpg

127 -0.4989461262539059 0.504029184382576 -0.5027167542961353 0.4942501485450617 1.5455448483739656 -0.024743031061204502 2.114945312468306 127 063_0.jpg

128 -0.6472487109220263 0.6556607913193169 -0.2775384837633609 0.2723057527240967 1.4995616126750173 0.09081346983532412 2.1148608423224444 128 063_1.jpg

129 -0.4989461262539059 0.504029184382576 -0.5027167542961353 0.4942501485450617 1.545490269997772 -0.024827785077404397 2.1149494057758407 129 064_0.jpg

130 -0.6472487109220263 0.6556607913193169 -0.2775384837633609 0.2723057527240967 1.4995070342988237 0.09072871581912423 2.114864935629979 130 064_1.jpg

131 -0.49897028297983437 0.5040052610165905 -0.5027404510614316 0.4942260539845815 1.5455278164303365 -0.024955646165298485 2.1149437439119754 131 065_0.jpg

132 -0.6472801382075914 0.655629760738317 -0.2775515427724724 0.2722924542120091 1.4995445828542602 0.09060086314336963 2.1148703526065833 132 065_1.jpg

133 -0.498945304986338 0.5040280251292172 -0.5027652650060781 0.4942028134478796 1.545587125842601 -0.024971573225323944 2.1147989862048853 133 066_0.jpg

134 -0.6472663490106229 0.6556423010994048 -0.27758373593335783 0.2722622191799957 1.4996043038434848 0.09058510257468035 2.1147300003346534 134 066_1.jpg

135 -0.498945304986338 0.5040280251292172 -0.5027652650060781 0.4942028134478796 1.5454226668372963 -0.02491923584856614 2.1147996908509263 135 067_0.jpg

136 -0.6472663490106229 0.6556423010994048 -0.27758373593335783 0.2722622191799957 1.49943984483818 0.09063743995143815 2.1147307049806945 136 067_1.jpg

137 -0.4989684515076856 0.5040526023465902 -0.5027424196200878 0.4941776178482714 1.5455271893422406 -0.024911514872999207 2.1147976941259343 137 068_0.jpg

138 -0.6472793943862826 0.6556555786374691 -0.2775537263269669 0.27222982350673436 1.4995333012306333 0.09064075704354108 2.1147290551946742 138 068_1.jpg

139 -0.498945304986338 0.5040280251292172 -0.5027652650060781 0.4942028134478796 1.545536455396657 -0.024893247960315883 2.114796852633681 139 069_0.jpg

140 -0.6472663490106229 0.6556423010994048 -0.27758373593335783 0.2722622191799957 1.4995536333975408 0.0906634278396884 2.1147278667634493 140 069_1.jpg

141 -0.4989462554425242 0.5039794588165467 -0.5028118616128288 0.4942039772121485 1.5454424720812006 -0.025011328967920465 2.114792947171928 141 070_0.jpg

142 -0.6472846955746564 0.6555979556949141 -0.2776268778349466 0.27228139867991996 1.4994707472915503 0.0905497679732352 2.11473469237396 142 070_1.jpg

143 -0.498945304986338 0.5040280251292172 -0.5027652650060781 0.4942028134478796 1.5454643658898273 -0.024877029739721827 2.114797415607523 143 071_0.jpg

144 -0.6472663490106229 0.6556423010994048 -0.27758373593335783 0.2722622191799957 1.499481543890711 0.09067964606028246 2.114728429737291 144 071_1.jpg

145 -0.498945304986338 0.5040280251292172 -0.5027652650060781 0.4942028134478796 1.5455528165706052 -0.024888684720943736 2.1147964133012316 145 072_0.jpg

146 -0.6472663490106229 0.6556423010994048 -0.27758373593335783 0.2722622191799957 1.4995699945714889 0.09066799107906055 2.1147274274309997 146 072_1.jpg

147 -0.498945304986338 0.5040280251292172 -0.5027652650060781 0.4942028134478796 1.5455792626226663 -0.024885234759816292 2.1147958515413308 147 073_0.jpg

148 -0.6472663490106229 0.6556423010994048 -0.27758373593335783 0.2722622191799957 1.49959644062355 0.090671441040188 2.114726865671099 148 073_1.jpg

149 -0.49899702636366966 0.503935093748267 -0.5027137177762343 0.494297791749809 1.5461922044517216 -0.02620798978352924 2.1152689581471646 149 074_0.jpg

150 -0.64729462805296 0.6555913681657883 -0.2775172368281588 0.2723853992848252 1.5002192430623682 0.08935260041310199 2.115186408166448 150 074_1.jpg

151 -0.499050598391026 0.503794877221502 -0.5026601054247822 0.49444113941426554 1.5486972030624562 -0.026274427820163346 2.1148069763816175 151 075_0.jpg

152 -0.64732363293042 0.6555146439643867 -0.27744845703798404 0.2725711273874182 1.502744737314871 0.08929429942788639 2.11470611021828 152 075_1.jpg

153 -0.49902563069993433 0.503817644781517 -0.5026849297637682 0.4944179022848317 1.5514473347860775 -0.026662394622299402 2.1146325052106563 153 076_0.jpg

154 -0.6473098571502491 0.6555271888677192 -0.27748065597414096 0.27254089427363 1.5054952780793678 0.08890649902905234 2.1145360447220027 154 076_1.jpg

155 -0.49898010971687545 0.5037696502312775 -0.5026820854256917 0.49451563231597523 1.5561417243171025 -0.02656574578545832 2.1147064351923865 155 077_0.jpg

156 -0.6472660735280417 0.6555191257954163 -0.27749541877587336 0.27264922214157805 1.5102113990438724 0.08901177163398273 2.114593796593005 156 077_1.jpg

157 -0.4988639993883965 0.5036963653067534 -0.5027012698673431 0.49468789652137246 1.5650935103930301 -0.026488603934117158 2.1147214607933624 157 078_0.jpg

158 -0.6471646551983681 0.6555155013459091 -0.27755722659107945 0.2728357061021647 1.5192070937099067 0.08910632241878344 2.114580871141287 158 078_1.jpg

159 -0.4987186129612321 0.5037394240070948 -0.502797732737363 0.4946926093456346 1.5783995628499552 -0.02735907293404215 2.1151151620178683 159 079_0.jpg

160 -0.6470657774829014 0.655557576520864 -0.27770079230231176 0.272823044171874 1.5325365076238935 0.0882451259693733 2.114976017378164 160 079_1.jpg

161 -0.4985757796034459 0.5037362939123258 -0.5028436863959288 0.4947930529423831 1.5928657115054667 -0.027260067540762895 2.1147507286658622 161 080_0.jpg

162 -0.6469499021013932 0.655592302375392 -0.27779693175489784 0.27291651094188984 1.547036280414152 0.08835744109002307 2.114592792423788 162 080_1.jpg

163 -0.4984346341904422 0.5036857549594802 -0.5028876984203138 0.49494195464504526 1.6088698162002752 -0.027529846643976282 2.1155202284814667 163 081_0.jpg

164 -0.6468346474333904 0.6556011558898276 -0.2778909666747923 0.273072653182616 1.5630847094270102 0.08810518724559578 2.1153387481291857 164 081_1.jpg

165 -0.4982461151299575 0.5036346155603129 -0.5029307971489493 0.4951399762152554 1.6266868440160889 -0.02775633293037384 2.115267283071633 165 082_0.jpg

166 -0.6466748325720961 0.6556277479048352 -0.2780019205666121 0.2732743113729508 1.5809571195109169 0.08790055379460592 2.1150508350033546 166 082_1.jpg

167 -0.49805746397914097 0.5035834068693107 -0.5029739494253813 0.4953379867322906 1.6450568923946334 -0.028196103363491667 2.115013202187825 167 083_0.jpg

168 -0.6465149153506096 0.6556542716668202 -0.27811297387062034 0.2734759843918388 1.5993825893555438 0.08748261046151459 2.114761786822882 168 083_1.jpg

169 -0.497869490809655 0.5035334367401041 -0.5029685288431411 0.4955831990685326 1.6659974979098986 -0.028649691466153916 2.1148714033690728 169 084_0.jpg

170 -0.6463372045767629 0.6556993088774182 -0.27817877029918453 0.2737210369562513 1.6203782119183143 0.0870506094091974 2.1145695375524785 170 084_1.jpg

171 -0.49763422373175487 0.5034330295187026 -0.5030573089998496 0.4958313302145648 1.6917271118530584 -0.02912556839716178 2.1154990795235933 171 085_0.jpg

172 -0.6461508752082081 0.6556991348056761 -0.2783499050789176 0.27398726507871096 1.6461854410015224 0.08660520665516801 2.115161556431899 172 085_1.jpg

173 -0.4973497013757143 0.5033792852171803 -0.5031472512489192 0.4960800472871142 1.7189871385201054 -0.029162307588143456 2.1149492763128457 173 086_0.jpg

174 -0.6459192358745727 0.6557424088170566 -0.27854026054431663 0.27423631645337676 1.6735234920698354 0.0865990096297239 2.1145694244612914 174 086_1.jpg

175 -0.49713970144883973 0.5032572954198605 -0.503162645310767 0.49639859408938364 1.74709001358477 -0.030175023465204155 2.1158560644079416 175 087_0.jpg

176 -0.645728541991256 0.6557481445046788 -0.2786340915472715 0.2745761534877789 1.7017032686509355 0.08561627074600622 2.1154206689509523 176 087_1.jpg

177 0.4969072474023156 -0.5030621450990505 0.5032472671713794 -0.4967432472937447 1.7759157632275195 -0.031188349925546012 2.1157405884478373 177 088_0.jpg

178 -0.6455428313554221 0.6556961454271907 -0.278800971623318 0.27496733620458114 1.7306281405267567 0.08464156979657173 2.115260039510564 178 088_1.jpg

179 0.4966487091073688 -0.5029382658657758 0.5033102459531497 -0.4970633327740948 1.8067991157017724 -0.03201851372591793 2.1154493602308357 179 089_0.jpg

180 -0.6453248936158709 0.6557009166129333 -0.27895709079348213 0.27530897393412546 1.7615999472000887 0.08384572628263498 2.114917332039054 180 089_1.jpg

181 0.4963904975047159 -0.5028155884271807 0.5033246865679112 -0.4974306161797468 1.8384091041642834 -0.03217298916988291 2.1162745552893365 181 090_0.jpg

182 -0.6450888495253281 0.6557241654696501 -0.2790681167525408 0.2756939992988784 1.7932980739564492 0.08372526864853017 2.115675565936729 182 090_1.jpg

183 0.4961330342336685 -0.5026443372657111 0.503385512295786 -0.49779886356591524 1.8729585984405461 -0.032540973532568976 2.11604945585866 183 091_0.jpg

184 -0.6448708866296423 0.6557029859433199 -0.27922216378967696 0.27609802073018214 1.8279468496046705 0.08339557446261982 2.115394241622456 184 091_1.jpg

185 0.4957044907325405 -0.5025884298617295 0.5034728905638113 -0.4981937138343223 1.9085145001872554 -0.033914942483397485 2.116440737070311 185 092_0.jpg

186 -0.6445038773747591 0.6557986803265453 -0.2794641500656986 0.27648260661191676 1.8636143246901158 0.08206440356822313 2.1157089380784533 186 092_1.jpg

187 0.4954489213797461 -0.5023212054190844 0.5035779086449164 -0.4986111338656372 1.9473232595936092 -0.03475914947835756 2.116298567824859 187 093_0.jpg

188 -0.6443040208946088 0.6557071134100266 -0.27965908306182674 0.2769680619557935 1.9025443345630138 0.08126673685612616 2.1155165362386823 188 093_1.jpg

189 0.4950191774943517 -0.5023151328781335 0.5035703120855368 -0.49905156244672133 1.9889496020904363 -0.03481565264676222 2.1167011676797327 189 094_0.jpg

190 -0.6439000861828161 0.6558655226529227 -0.27981319715068476 0.2773764047450368 1.9442708958278065 0.08124812415718428 2.1158163396165697 190 094_1.jpg

191 0.49475988612089233 -0.5021413071378783 0.5037280029994001 -0.4993244053175662 2.031872728523309 -0.03669349752458728 2.1170900917977242 191 095_0.jpg

192 -0.6437171734393994 0.6558068496367808 -0.2800576735505615 0.2776927728157828 1.9872941608632855 0.07940858288337585 2.1161800201941774 192 095_1.jpg

193 0.4945994368572409 -0.5018241684042309 0.5039778545966788 -0.49955002066062537 2.073520314416045 -0.038258650839340484 2.116596743520803 193 096_0.jpg

194 -0.6436608200109745 0.6555982421246985 -0.28035145131224465 0.27801934726368105 2.0290526391960952 0.07788605846082247 2.1157009968413645 194 096_1.jpg

195 0.4945850166962612 -0.5014142132641966 0.5042256402921507 -0.49972587652449674 2.113750230576982 -0.041954295111005485 2.1164688842881194 195 097_0.jpg

196 -0.6437395333953906 0.6552851108832538 -0.2805892081888031 0.27833528853989586 2.06938161197817 0.07422858585427922 2.1156122313597563 196 097_1.jpg

197 0.49476952389424367 -0.5006686304845183 0.5047032117843184 -0.4998086720824419 2.155011378581119 -0.04636998507542789 2.1165582915791687 197 098_0.jpg

198 -0.6440895595351059 0.6546274416882998 -0.28096755293821174 0.2786912020183236 2.110774307109719 0.0698639255424812 2.115830603388925 198 098_1.jpg

199 0.49500531689657523 -0.4998327469100676 0.5050302697176587 -0.5000813814064333 2.200634785634608 -0.051348399948392805 2.116330108028446 199 099_0.jpg

200 -0.6444299323192558 0.653956195066703 -0.2811878654543317 0.27925748259646743 2.156538555829009 0.06493951320189836 2.115686856847231 200 099_1.jpg

201 0.4951434641044543 -0.4990942899847676 0.5052135162085095 -0.5004968957940454 2.2479969627578935 -0.05570949572434749 2.116236157942608 201 100_0.jpg

202 -0.6446250635964698 0.6534277487801835 -0.2813108966753406 0.2799194239759444 2.204041275637283 0.06063174756141332 2.1156175462078433 202 100_1.jpg

203 0.49513156315651696 -0.498591813401086 0.5053571363052013 -0.5008643564489361 2.2996013731778406 -0.05801045859230679 2.117458090918041 203 101_0.jpg

204 -0.644666205415924 0.6530998180316095 -0.2814518497158006 0.280447798303475 2.2557656209353283 0.05837602023849109 2.1168381145464794 204 101_1.jpg

205 0.49487475719389673 -0.4982739007746933 0.5055545474344563 -0.5012351684263532 2.354796873107488 -0.05969703994967306 2.1169176512584595 205 102_0.jpg

206 -0.6445000560370387 0.6529443423697174 -0.28173317460927894 0.2809088497363666 2.3110942829176455 0.05673937589221541 2.116273697383158 206 102_1.jpg

207 0.4945952831573767 -0.4978837562076327 0.5057718240545814 -0.5016793130831233 2.414342720895526 -0.06294634119500475 2.117509345935445 207 103_0.jpg

208 -0.6443199742598944 0.6527493614691114 -0.2820418945896283 0.2814647607919849 2.3707953397443005 0.05354804771062317 2.1168363315416747 208 103_1.jpg

209 0.494437136421018 -0.4974220110005674 0.5060597489215309 -0.502002780491714 2.4799457169845507 -0.0670634699816891 2.1179971405861675 209 104_0.jpg

210 -0.6442796003592077 0.6524434160570969 -0.2823710644244809 0.2819361051382232 2.4365421667997804 0.04948467302265064 2.1173397262586136 210 104_1.jpg

211 0.4943042457139008 -0.49688553764930354 0.5064650403836938 -0.5022561478103754 2.549400814219134 -0.07174475706141925 2.118271252061866 211 105_0.jpg

212 -0.6443070013288323 0.6520426583841012 -0.28279999782235254 0.28237036125932147 2.5061524901023065 0.044861362138158965 2.1176667470580863 212 105_1.jpg

213 0.4941732949585605 -0.4962508882525076 0.5069613764101865 -0.5025116648264853 2.623207379278093 -0.07693094386122926 2.118473257055305 213 106_0.jpg

214 -0.6443703309019753 0.6515521634719746 -0.28331321323129777 0.28284320415527975 2.580136527715064 0.03974120675805403 2.1179431480978756 214 106_1.jpg

215 0.49396747099086447 -0.4957322087107638 0.5074868055794897 -0.5026955908025873 2.699441596633762 -0.08284719507180482 2.119243265442498 215 107_0.jpg

216 -0.6443753556915548 0.6511425552474371 -0.2838806499994418 0.28320584435903673 2.6565383226057238 0.033887005866881925 2.118790044876581 216 107_1.jpg

217 0.49366227964540155 -0.4953602899149317 0.5078243857566627 -0.5030210035988244 2.777577342544797 -0.08779515744670457 2.1191467054654147 217 108_0.jpg

218 -0.6442170334987551 0.6509207608079097 -0.2843103207925961 0.2836445282217277 2.7348306143820196 0.028996484126223826 2.1186998385073132 218 108_1.jpg

219 0.49333231929836874 -0.49501405290387235 0.5080898768794819 -0.5034173091739769 2.858261723094845 -0.09219306921087951 2.120151543988355 219 109_0.jpg

220 -0.6440083628823366 0.6507488412402211 -0.2846823219381689 0.2841393139606249 2.815671356535594 0.024655604383968167 2.1196844728231303 220 109_1.jpg

221 0.4928068800688667 -0.49476637133567125 0.5081634795038474 -0.504100679280107 2.9410418754376555 -0.09570381256970267 2.1214530177348805 221 110_0.jpg

222 -0.6435449191694244 0.6507742914741647 -0.2849491759097672 0.2848626435948779 2.898630252940097 0.02120932441528764 2.1208676311502037 222 110_1.jpg

223 0.49203749059561513 -0.4945675964710764 0.5080901306996355 -0.5051202029763011 3.0243470130591135 -0.09801555633333749 2.122059563313192 223 111_0.jpg

224 -0.6427983174861711 0.6509696044485221 -0.2851710181805714 0.28587827394004334 2.982159117026621 0.018977210347359864 2.121257084187266 224 111_1.jpg

225 0.4912680314852878 -0.49431468936395756 0.5082077929126098 -0.5059975774077168 3.10956334297607 -0.10088132147066912 2.123185574386169 225 112_0.jpg

226 -0.6421239079171108 0.6510626711646362 -0.28557019293508656 0.2867820601157678 3.0676113683476847 0.01619504549855362 2.1222232220249175 226 112_1.jpg

227 0.4905947168966762 -0.4940595697222088 0.5084241086359425 -0.5066822387618533 3.1968495594354955 -0.10550670230813393 2.1240195174812855 227 113_0.jpg

228 -0.6415766418593329 0.6510823409455706 -0.2860247241332844 0.2875083565982313 3.155111621557868 0.011645220577406273 2.1229511046660434 228 113_1.jpg

229 0.49004873298887874 -0.49344133767530407 0.5088870715690126 -0.5073478431600115 3.2849602929163924 -0.11291443209945713 2.125158709825037 229 114_0.jpg

230 -0.6412401940192946 0.6507596470807047 -0.28666248366331953 0.2883531095124016 3.2434913296505865 0.004332713596008737 2.124062392386749 230 114_1.jpg

231 0.48963069348773347 -0.49241187711376544 0.509592358140868 -0.5080432617370773 3.3738468263431804 -0.12182106439100057 2.1256976363005435 231 115_0.jpg

232 -0.6411132970680541 0.6500682007695299 -0.28747956365329624 0.2893796384552751 3.3327127935073477 -0.004455578965368079 2.1246468397139897 232 115_1.jpg

233 0.48911504932662625 -0.4913780621615828 0.5103423370103699 -0.5087875466276015 3.464452446138182 -0.1317865675111821 2.1261135617610036 233 116_0.jpg

234 -0.640912298873413 0.6493911160260327 -0.2883746561373875 0.290452511224992 3.423676526358432 -0.014295848504846664 2.1251009841147286 234 116_1.jpg

235 0.4886227235027805 -0.49022790777339637 0.5110098807698424 -0.5096992586539977 3.5569505745688295 -0.1417886957995545 2.127078684313766 235 117_0.jpg

236 -0.640701307658051 0.6486682527057742 -0.289185434117079 0.29172438532186185 3.5165544364648817 -0.02416678196935143 2.12607498455434 236 117_1.jpg

237 0.488474147846361 -0.48879368998552414 0.5117573693317219 -0.5104685401185685 3.6516489786654933 -0.1545237737610251 2.127593015826634 237 118_0.jpg

238 -0.6408401774350911 0.6476295479200846 -0.28994334415764295 0.2929721707337919 3.611619167387853 -0.036775942571979976 2.126680623721977 238 118_1.jpg

239 0.4879439436935425 -0.48708988520846036 0.5130582472913876 -0.5112977473319156 3.7494297201961455 -0.17010418514580494 2.1291251088810257 239 119_0.jpg

240 -0.6408318674531737 0.6463658836851269 -0.29135876184158427 0.29437346001730835 3.7099151082620887 -0.05218131735363679 2.1283749786444925 240 119_1.jpg

241 0.4870297953465854 -0.4852110134551967 0.5148205957468407 -0.512183565786049 3.8494536634309098 -0.18614091864328336 2.1296151435894624 241 120_0.jpg

242 -0.6406397848085245 0.6449631654513184 -0.29334675401959637 0.2958899512279341 3.8105816974695426 -0.0680034967993271 2.129076792067249 242 120_1.jpg

243 0.4860048135072196 -0.48391954529888087 0.5160876749800407 -0.5131030175892879 3.9515792283818607 -0.20261943470979768 2.1310752892531504 243 121_0.jpg

244 -0.6401589220242536 0.6441148995571861 -0.2949134912144078 0.2972180738463105 3.91323981732337 -0.08430778966645197 2.130612464420834 244 121_1.jpg

245 0.48511739514709157 -0.4827894868926098 0.5169782497526911 -0.5141098263545594 4.055526634315628 -0.21727504698135672 2.132199053514197 245 122_0.jpg

246 -0.63966425831177 0.6434470140671481 -0.29607878723824665 0.2985681303723713 4.017651183835434 -0.09881405706654635 2.131736323219542 246 122_1.jpg

247 0.48389174403949164 -0.4813470128669114 0.5182239590097805 -0.5153617773591188 4.161470874948366 -0.23197851716034346 2.1329968568141227 247 123_0.jpg

248 -0.638987571855115 0.6425825869705916 -0.2977019504559141 0.30025997174387187 4.124208376850458 -0.11332323255456628 2.132550011622356 248 123_1.jpg

249 0.4823730146778256 -0.4798349282235564 0.5196988971520493 -0.5167085955025951 4.269172146174431 -0.24925655061274654 2.13430520798806 249 124_0.jpg

250 -0.6381242577984239 0.6416900032382509 -0.29964776590123093 0.30206388023678915 4.232605057231634 -0.13038503977971658 2.1338786889118015 250 124_1.jpg

251 0.48120337309409117 -0.4783109136823908 0.5213692453306976 -0.517528833591409 4.379528053130696 -0.2698778699209072 2.136009448759142 251 125_0.jpg

252 -0.6376607682470351 0.6405910886705776 -0.3016438114718025 0.3033855842903695 4.343577891763502 -0.15081785976457496 2.1357451019285847 252 125_1.jpg

253 0.4798572745692361 -0.476998791202479 0.5229314653265013 -0.5184128005806152 4.492029137470482 -0.2898210771770441 2.13742908613845 253 126_0.jpg

254 -0.6369925870655246 0.6397117012058839 -0.3036043809383653 0.3046863358256745 4.4566872956293295 -0.1705788916644616 2.1372696826947535 254 126_1.jpg

255 0.4778293736500809 -0.4759089889355227 0.524136567738084 -0.5200678631556468 4.606451381176873 -0.3071700466205476 2.1383725405367398 255 127_0.jpg

256 -0.635553906985391 0.639323851357276 -0.30548816734894635 0.3066157595608656 4.571823153782111 -0.18771895188324883 2.138069500015504 256 127_1.jpg

257 0.4754962060650421 -0.47442270863296104 0.5254424796074024 -0.5222419479275294 4.72213158524959 -0.32522764379821806 2.1400633491582877 257 128_0.jpg

258 -0.6338672778066178 0.638762436101091 -0.307582411656314 0.30917290371556405 4.688376893531013 -0.20552745752935891 2.1395571928739376 258 128_1.jpg

259 0.4728121908032213 -0.4728614738361539 0.526975987392437 -0.524544533382176 4.838651439051775 -0.34683156434292006 2.142317684152221 259 129_0.jpg

260 -0.6319396432514054 0.6381803991244019 -0.31001945330030556 0.311874981420577 4.805865798173805 -0.22686340584195225 2.141601654748158 260 129_1.jpg

261 0.46988136840356315 -0.47077229775898705 0.5290322371918752 -0.5269818168605801 4.956236988995014 -0.37265820890345314 2.143351666378058 261 130_0.jpg

262 -0.6299783073210344 0.6371617021684222 -0.3130367495872686 0.3148972705543841 4.924595214477318 -0.2523841216192415 2.1425078457092432 262 130_1.jpg

263 0.46695002397762597 -0.46781300870917053 0.5316692544658375 -0.5295625249633028 5.073143264144647 -0.4030142455479011 2.144858844680206 263 131_0.jpg

264 -0.6282337474854673 0.6353928563525224 -0.3165980361811671 0.31837707220020944 5.042841905583561 -0.28239541885872677 2.1440243882826167 264 131_1.jpg

265 0.4645900619222455 -0.4644905116531432 0.5353085294287753 -0.5308949211172465 5.189206526227272 -0.4433306390377941 2.1451359464346638 265 132_0.jpg

266 -0.6274012501234307 0.6328269903381936 -0.3208759894274752 0.3208368293260599 5.160194608082875 -0.3223929685409531 2.144737875611397 266 132_1.jpg

267 0.4622859981105398 -0.4609258433916917 0.5391467341892677 -0.5321276368106123 5.307108248437056 -0.4866106922742135 2.145252839785001 267 133_0.jpg

268 -0.6266957976992154 0.6300004500738198 -0.32531882379120397 0.3232947152986518 5.2794250566690515 -0.36536136626071647 2.1453616276916216 268 133_1.jpg

269 0.45972296327219403 -0.4569943280799307 0.5426945841657553 -0.5341287948240234 5.424678560168928 -0.5283838464135511 2.14511628824823 269 134_0.jpg

270 -0.6256376983051591 0.6271188705997127 -0.32959212784726577 0.32660131943743753 5.398463009443768 -0.40680957609848944 2.1455763942543618 270 134_1.jpg

271 0.4566018335149833 -0.45349756894556886 0.5454382246244102 -0.536984044185473 5.5430061465944265 -0.5682192281010519 2.1465015862989887 271 135_0.jpg

272 -0.62375603178651 0.6249544894617247 -0.3333266188773791 0.3305354202795152 5.518283130115219 -0.44633272749138136 2.146974265151508 272 135_1.jpg

273 0.4531071954174946 -0.45063534259295057 0.5478567903360716 -0.5398838715406158 5.663072307647651 -0.6075434624453626 2.1472941813916337 273 136_0.jpg

274 -0.6214054339255988 0.6233930202487418 -0.33689562539038875 0.33427199491687765 5.639779267603043 -0.4853751917675621 2.147637583598897 274 136_1.jpg

275 0.4492582326142194 -0.44817631568782196 0.5503180705697649 -0.542637127083292 5.786075012802575 -0.646924233763557 2.1478165746418463 275 137_0.jpg

276 -0.6187425088444348 0.6221505742483461 -0.34063420040727654 0.33771987241535406 5.764196567652685 -0.5244943673996734 2.1479939441569034 276 137_1.jpg

277 0.4452266703994964 -0.44539267743330235 0.5530883233873224 -0.5454281633601014 5.909937068561512 -0.6892155258598975 2.1490908724352344 277 138_0.jpg

278 -0.6160258571548721 0.620622702747851 -0.3447294866037417 0.3413226995329761 5.889582262160285 -0.5665230324724311 2.149153504176963 278 138_1.jpg

279 0.44140159188224926 -0.44201631501808336 0.5560285641111936 -0.5482868298929813 6.03336254827222 -0.7357526324355353 2.1502857874375967 279 139_0.jpg

280 -0.6135645709800681 0.6185715514797427 -0.3489087257941773 0.3452107385390446 6.014613324133876 -0.6128045310718868 2.1503168564596957 280 139_1.jpg

281 0.4374476968673796 -0.43852259775339697 0.5589323243893995 -0.5513003723177601 6.158376779633848 -0.7865847565529367 2.150926347926178 281 140_0.jpg

282 -0.6109694295513288 0.616469069837868 -0.3531031207219436 0.34928559693091016 6.141282660672407 -0.6633956332950627 2.1508946006665655 282 140_1.jpg

283 0.4332380244220678 -0.4349121630420954 0.5620915484094512 -0.5542646622684647 6.288563308430843 -0.8404803214674917 2.1508567389019713 283 141_0.jpg

284 -0.6082329379702678 0.6142410724587801 -0.3576306581322451 0.3533566334974357 6.273200586353515 -0.7170633335482102 2.150794583398066 284 141_1.jpg

285 0.4285468129171277 -0.4313115752011072 0.5651062351391299 -0.5576494393819388 6.424577720084068 -0.8961509566192754 2.1521638875235385 285 142_0.jpg

286 -0.6049933878700963 0.6121779571835931 -0.3622045361843518 0.35781143545094374 6.411043453387572 -0.7725202836217764 2.1519395681672604 286 142_1.jpg

287 0.4233627025721158 -0.42731812323588503 0.5678046151662538 -0.5619262964312115 6.566030158379195 -0.9570689668432143 2.1525899232092023 287 143_0.jpg

288 -0.6011738460329481 0.6100814511341142 -0.3666725303860883 0.36323805594721154 6.554511376230684 -0.833235401809106 2.1520104158680775 288 143_1.jpg

289 0.4180015238178951 -0.4226440935022056 0.5706456131810622 -0.5665776914694279 6.714608368616643 -1.0254666024085728 2.154150689394033 289 144_0.jpg

290 -0.5972420459150982 0.6074942640743421 -0.371343295261168 0.36926523634441716 6.705283635586474 -0.9014506091109451 2.1532272391686145 290 144_1.jpg

291 0.41178139126575897 -0.41673188800991884 0.5743109517078769 -0.5717845311577753 6.888071389143169 -1.1127686779797479 2.1557985399548367 291 145_0.jpg

292 -0.5928199263218129 0.6039698849377793 -0.37710736326551403 0.376264467648724 6.881384565381629 -0.9885848012109086 2.1546064247574317 292 145_1.jpg

293 0.4054811679027689 -0.4103532877177873 0.5784963848561313 -0.5766603284809838 7.057426355734005 -1.2054673432194982 2.1575855536181123 293 146_0.jpg

294 -0.5885203252002629 0.5998920598738434 -0.38338602245476466 0.38312987499385676 7.0534782435454595 -1.0811672978724296 2.156288966998038 294 146_1.jpg

295 0.3987459696650689 -0.40335326996844634 0.583227752379576 -0.5815093981492417 7.236227216891698 -1.3101477379975373 2.1597343372868174 295 147_0.jpg

296 -0.5840221889446388 0.5952304542997008 -0.3903371090116528 0.3901996033095235 7.235224264517273 -1.1857890680058896 2.1584361522294784 296 147_1.jpg

297 0.3913164138929346 -0.39609810833363657 0.587702058653043 -0.5870128133588425 7.426131349054465 -1.426237871389994 2.162269074345434 297 148_0.jpg

298 -0.578780532474371 0.5905744492690033 -0.3973114860956378 0.3979679611674447 7.428250975597239 -1.3018951914459975 2.1607942429435507 298 148_1.jpg

299 -0.38441079696427205 0.3877316122464778 -0.5921560333294896 0.5926582221091045 7.624431920010601 -1.5560701361475684 2.164197951276681 299 149_0.jpg

300 -0.5740177566758938 0.5849412260513175 -0.40407768974261205 0.40628634943673547 7.629773569138699 -1.4318245342068865 2.1626922345071877 300 149_1.jpg

301 -0.37638117863351944 0.3790353108919523 -0.5965145432288607 0.599032420812052 7.83037483089446 -1.6973148563360028 2.1680073771202193 301 150_0.jpg

302 -0.5681730118745937 0.579272582845445 -0.4111781466795302 0.4153976829907777 7.839208812265278 -1.5732715325753666 2.1662797766009994 302 150_1.jpg

303 -0.3673576841733018 0.36978015665915975 -0.6011814849940937 0.6057159315390774 8.045019183558729 -1.8523450350012396 2.17365338612194 303 151_0.jpg

304 -0.561520593088137 0.5732017581822492 -0.41893965546042594 0.42499874474805777 8.057625633059722 -1.728632063143976 2.1716664223017035 304 151_1.jpg

305 -0.35896210967281433 0.3597582482997985 -0.6058858624042618 0.612064153776503 8.26680567879763 -2.0244861560787797 2.179508291977667 305 152_0.jpg

306 -0.5554673937086937 0.5662954060682954 -0.42650518518877456 0.4345788934123522 8.283168885519148 -1.9012146203125022 2.177472626088496 306 152_1.jpg

307 -0.3504769725615857 0.35006534496046005 -0.6101759719348466 0.6183085226932787 8.494971249891003 -2.212118746728093 2.186040468707592 307 153_0.jpg

308 -0.549176503882699 0.5596529401234963 -0.4337179476748649 0.44393974372543515 8.514994525252577 -2.089390718965389 2.1838795325050087 308 153_1.jpg

309 -0.34147454028344976 0.3399032274144303 -0.6144839601343312 0.6247162532454957 8.730899952640808 -2.4119510679769975 2.1940506411902088 309 154_0.jpg

310 -0.542412119818794 0.5526358044465505 -0.4411434773920187 0.45362450581055896 8.754729537967703 -2.289907483619095 2.1917518632053183 310 154_1.jpg

311 -0.3315016424316135 0.3292285199256863 -0.6184905950416979 0.631810593910589 8.97147404220314 -2.6264259659118023 2.204919147526154 311 155_0.jpg

312 -0.5346316881522591 0.5453969596032424 -0.4486559042762124 0.4641325177544651 8.999343145613729 -2.5052472136180697 2.2023127961254314 312 155_1.jpg

313 -0.31930454545675585 0.3192348209895273 -0.6223047847697254 0.6394298172365319 9.217848030699054 -2.8553234275886497 2.218125578901895 313 156_0.jpg

314 -0.5247125425170716 0.538982187640444 -0.45681780364046043 0.47486044624573354 9.24998101788983 -2.7352228552818856 2.2147948633954053 314 156_1.jpg

315 -0.30687155929989174 0.30854293903041674 -0.6264174105668404 0.6467088437666985 9.468480548175632 -3.1014242402081322 2.2322072216849214 315 157_0.jpg

316 -0.5146888984738017 0.5317941135422458 -0.4653482321645888 0.48553206012675765 9.504973358950703 -2.9825934455177565 2.228297362993296 316 157_1.jpg

317 -0.295150870068581 0.29656936902937137 -0.6301942816775503 0.6540548452478558 9.71180702076334 -3.368675185268819 2.248701787317321 317 158_0.jpg

318 -0.5052015921346189 0.5234412082505946 -0.473308411735165 0.4967492327025169 9.752682889020502 -3.251293186448171 2.2444122946791825 318 158_1.jpg

319 -0.28298158610221774 0.28379510500282046 -0.6338734652491148 0.6615029783429478 9.950610041505158 -3.656843264293734 2.2677007420108946 319 159_0.jpg

320 -0.4952620659368238 0.5143827191576195 -0.4813503060185129 0.5083579321421932 9.996001134147873 -3.5411454222679435 2.2630716968311906 320 159_1.jpg

321 -0.2712573025667056 0.2690719307351705 -0.6379940491820728 0.6685681454443857 10.182446865889956 -3.967808410233074 2.288676131962469 321 160_0.jpg

322 -0.4859047404824979 0.503376485785546 -0.48964593521548616 0.5203417673623584 10.232515821367388 -3.8540530854268584 2.2841378750689723 322 160_1.jpg

323 -0.2580117794762878 0.25481756544921025 -0.6416761413193843 0.6758325677647403 10.410188410651559 -4.295922025282859 2.3130970491366507 323 161_0.jpg

324 -0.47497086586509757 0.4928752483419524 -0.4981009350339864 0.532327084290746 10.464988563520551 -4.184377476386057 2.308350802520243 324 161_1.jpg

325 -0.2454063370373397 0.23938423908472575 -0.6460493686995745 0.6819759006171875 10.63111982844622 -4.645968484523513 2.3389725398992693 325 162_0.jpg

326 -0.46489674703316614 0.4808662167754242 -0.5069631446044515 0.5437159793263733 10.690607674036926 -4.536840448923456 2.334496149271849 326 162_1.jpg

327 -0.22956234896207559 0.22382219862670583 -0.6506930531910341 0.68833371402965 10.87023192619965 -5.052539595092002 2.371485332951422 327 163_0.jpg

328 -0.45191880411059493 0.468815645556413 -0.5172874943547044 0.5553331731105257 10.934794924895895 -4.946339684910496 2.3669062198507316 328 163_1.jpg

329 -0.21472684315046794 0.21024464953583238 -0.6552602251950321 0.6930538272382205 11.084266268346198 -5.443675160555555 2.402551735121562 329 164_0.jpg

330 -0.4398546161642603 0.4579944667461379 -0.52715075860439 0.5646955487443905 11.153260464254418 -5.340302147606922 2.3979051100129722 330 164_1.jpg

331 -0.2002180176723197 0.1958176956889796 -0.6591930892398316 0.6978772431831205 11.287555842740893 -5.850798726216395 2.43351928474902 331 165_0.jpg

332 -0.4278568025686501 0.44642083045446457 -0.5363085542137837 0.5744737881828886 11.360910512179224 -5.750472197413581 2.4288878605651183 332 165_1.jpg

333 -0.18567335979909272 0.18087612312505724 -0.6627563769950706 0.7025405442367961 11.474694854048714 -6.277060762402989 2.466126317656503 333 166_0.jpg

334 -0.4156891587704619 0.4343078905112996 -0.545139686380226 0.5842960737961532 11.552329695137102 -6.180005165293412 2.4615642436890557 334 166_1.jpg

335 -0.17204645741940255 0.16543239896953735 -0.6661480970910857 0.7065966675569187 11.646111866578899 -6.7237111157698015 2.5004702773746703 335 167_0.jpg

336 -0.4043126880453715 0.4215023947052104 -0.5534708395828931 0.5937482726498716 11.727803496998654 -6.630029238612175 2.496233130742101 336 167_1.jpg

337 -0.1593335550849682 0.15021239687797364 -0.6690809618516083 0.7101969589739782 11.80272308389848 -7.187701370814342 2.5358982679481032 337 168_0.jpg

338 -0.3936148199542396 0.40873253093407486 -0.5610330023760508 0.6026998107794056 11.888155921420893 -7.097398977020959 2.5320932780592758 338 168_1.jpg

339 -0.1492740293709179 0.13415548177465825 -0.6719289484149334 0.7129032607213838 11.943004334177408 -7.672852269860718 2.570613869699802 339 169_0.jpg

340 -0.3853523827397233 0.3948549802973381 -0.5675285258954388 0.611150110812521 12.031792886636044 -7.585808263273249 2.5678382851666766 340 169_1.jpg

341 -0.13918923432754046 0.11987628288331875 -0.6741903554774453 0.7153484454659753 12.075149500052436 -8.173011015438437 2.6079000613533054 341 170_0.jpg

342 -0.37684666642757686 0.38252535578011737 -0.5734790053398946 0.6186944097226692 12.166938172065974 -8.08911542955288 2.605865274162865 342 170_1.jpg

343 -0.1281291494659365 0.1083886531766546 -0.6760752860564849 0.7174656984855294 12.209923869810089 -8.684222987945285 2.6478710304726265 343 171_0.jpg

344 -0.36729419797996254 0.3726591277618557 -0.5794285092683895 0.624886189056088 12.30438150047476 -8.603340007074275 2.646008393998093 344 171_1.jpg

345 -0.1160305791913188 0.10036887850792468 -0.6771435155824912 0.7196802430414307 12.350969332368045 -9.206588278098764 2.689550032178428 345 172_0.jpg

346 -0.3564686210039827 0.3660399023060569 -0.5849889946019191 0.6298672783642021 12.44772277319784 -9.128482899087366 2.687081944440653 346 172_1.jpg

347 -0.10549359059617511 0.09339934282753225 -0.677486034988077 0.7219143560690879 12.487163736466046 -9.74284521725942 2.733782523138372 347 173_0.jpg

348 -0.3468188810834718 0.36039984037602263 -0.589286827303929 0.6344837696482202 12.585843155123712 -9.66721016665093 2.730703326354076 348 173_1.jpg

349 -0.09690551790110959 0.08593522845550967 -0.6787182765959574 0.7228872374895204 12.609304679899443 -10.299615386781692 2.779191359108466 349 174_0.jpg

350 -0.33931707334938316 0.3538370767991961 -0.5936828721034961 0.6381252966203055 12.709690833676895 -10.226263304760959 2.7760509462385667 350 174_1.jpg

351 -0.08967783538684033 0.07790556893181305 -0.6801167473686242 0.7234153842146739 12.715427366230864 -10.87429289173837 2.8235979596216882 351 175_0.jpg

352 -0.3331423850097172 0.34658611286639757 -0.5977273865382544 0.641573214107592 12.817385873285426 -10.803130720096387 2.820738210261706 352 175_1.jpg

353 -0.08289493997520525 0.07036539815441217 -0.6810342879415098 0.7241335776754722 12.816303122200003 -11.461192427220372 2.86794857998833 353 176_0.jpg

354 -0.3271988538962272 0.3398579786667336 -0.6011570439324864 0.6450175756333404 12.919692538656376 -11.39211716561389 2.865301544135449 354 176_1.jpg

355 -0.07607166257942387 0.06422684815450343 -0.6811673602071526 0.7253268515069327 12.914671947496199 -12.058477272552556 2.9142896930101894 355 177_0.jpg

356 -0.3209203318335943 0.33460291837700207 -0.6038667718490637 0.6483794795380248 13.01931806546196 -11.991325944127114 2.911522187744683 356 177_1.jpg

357 -0.07091117558848488 0.0584537203125878 -0.6822545989038784 0.7253160897379739 13.007665828198375 -12.67279592822531 2.962148775054473 357 178_0.jpg

358 -0.3165470904022605 0.32924423026876515 -0.6068365921438036 0.6504963695731796 13.113342624670883 -12.60726871737947 2.95962502267499 358 178_1.jpg

359 -0.06658694356339473 0.0538615752111195 -0.6828770187667282 0.7254957525050906 13.094698616831991 -13.303460079850904 3.010158665713625 359 179_0.jpg

360 -0.31277329983128077 0.32505044759549834 -0.6090562688387413 0.6523538386633814 13.20119675508308 -13.239271560810801 3.0077606305824585 360 179_1.jpg

361 -0.06330450103017798 0.04921866916747229 -0.6834110553822413 0.725616559992972 13.17756778800788 -13.946409368615315 3.0578334769814255 361 180_0.jpg

362 -0.3099331596246546 0.320788322631102 -0.6108048528182685 0.654181718181008 13.284781686392135 -13.883413279667568 3.0557256889137667 362 180_1.jpg

363 -0.058765454869192324 0.04592643729970927 -0.683661224761414 0.7259784524548206 13.263500793520555 -14.599785477913217 3.1068971674890395 363 181_0.jpg

364 -0.3058184268752646 0.3178659716816663 -0.6127523610057158 0.6557216314201701 13.371407773992475 -14.537989873133595 3.1046263096438635 364 181_1.jpg

365 -0.055277011278395564 0.04302580317166898 -0.6839559296411653 0.7261525449891711 13.345346260458879 -15.267008799705977 3.1571804769469427 365 182_0.jpg

366 -0.30269540060627603 0.3152381547819665 -0.6143460993179358 0.656946931246584 13.453808490015238 -15.206194898069057 3.1548601047011533 366 182_1.jpg

367 -0.05407376194024364 0.039760171639416954 -0.6846562368846424 0.7257692431591424 13.418289628001853 -15.951170499886258 3.2073577390538017 367 183_0.jpg

368 -0.3018471326414363 0.3120685077738 -0.6154634429751418 0.657804154238297 13.52713506472565 -15.8910299997582 3.205470638433064 368 183_1.jpg

369 -0.05289720137809825 0.03764642776435864 -0.6850509578590651 0.7255961808742694 13.489140340781903 -16.646678787555775 3.257117634921449 369 184_0.jpg

370 -0.30090685249922133 0.3100441288662629 -0.6162810723750805 0.6584264151040667 13.598264658977417 -16.587039555699327 3.255439778569542 370 184_1.jpg

371 -0.05381134415194431 0.034275718723331246 -0.6851506914095484 0.7256018497823568 13.557864878256929 -17.354842523891776 3.30628703015144 371 185_0.jpg

372 -0.301795986647243 0.3069214843147893 -0.6160511245182263 0.6596964429868124 13.667193531877436 -17.295562965983176 3.30531260124771 372 185_1.jpg

373 -0.05480290662565304 0.032268155207678915 -0.6850864255702906 0.7256803684020918 13.626237812160824 -18.07308665035216 3.3574096115035794 373 186_0.jpg

374 -0.3026936065641768 0.3050895754551888 -0.6156324640710726 0.6605252460546253 13.735647546847105 -18.01395096708288 3.356908692195616 374 186_1.jpg

375 -0.052653122961680496 0.033431490925818035 -0.6844384294587165 0.7263979765506955 13.712206968650566 -18.800336041755646 3.4124442219877036 375 187_0.jpg

376 -0.3004519988529838 0.30643054097703365 -0.6158290772868541 0.6607446310866181 13.821705325205729 -18.741373212981284 3.411319617771333 376 187_1.jpg

377 -0.05001136225456334 0.03438484939313395 -0.6839319301260525 0.7270169604154407 13.807076742095381 -19.53951281872835 3.470212846778878 377 188_0.jpg

378 -0.2978077602419728 0.30754011016693356 -0.6163418692171806 0.6609480454831845 13.91671882429978 -19.480833647709602 3.4684412095598027 378 188_1.jpg

379 -0.047715594797385276 0.035585925118323446 -0.6837317680764545 0.7273016796829569 13.898272076052704 -20.292587227588328 3.528236483987843 379 189_0.jpg

380 -0.2956005290160786 0.30875667634551873 -0.617007687291995 0.660750449019951 14.008004321814296 -20.234097594334706 3.525877026004676 380 189_1.jpg

381 -0.04713460282181108 0.03527367475009651 -0.683774423660018 0.7273146737381729 13.981165729245378 -21.05886169883047 3.5867642019493036 381 190_0.jpg

382 -0.29507788266815077 0.30847146488078736 -0.6172661689408125 0.6608758394702551 14.090971724187913 -21.000512094892223 3.584368957717537 382 190_1.jpg

383 -0.04653715843019523 0.03527556462636631 -0.684399624886695 0.7267648043765501 14.06354044369575 -21.838131864932887 3.6464531509901867 383 191_0.jpg

384 -0.2947605111573722 0.3082705685552882 -0.6180686694077803 0.660360975165356 14.173394306744868 -21.77987269381855 3.6440515360635173 384 191_1.jpg

385 -0.0466477805928001 0.035003879115514044 -0.6853536436151332 0.725871266958607 14.147806981548223 -22.633188388084953 3.704313368279448 385 192_0.jpg

386 -0.29522505298034385 0.30769020110190687 -0.6189126878179855 0.6596332261920544 14.257673125659737 -22.574944578751317 3.7021090424470837 386 192_1.jpg

387 -0.04721068023056111 0.03466249668817809 -0.6857888613730565 0.7254400737567208 14.2318478209712 -23.437298306857162 3.7615521602296016 387 193_0.jpg

388 -0.29591266225181734 0.3072155603574983 -0.6191074275628731 0.6593635483780949 14.341695560896435 -23.37901233896193 3.759554666841804 388 193_1.jpg

389 -0.04633903169697562 0.035581550716995536 -0.6860627449279757 0.7251927725866082 14.322690779413911 -24.25317976505751 3.8198824078659963 389 194_0.jpg

390 -0.29520685607750785 0.30797610745591214 -0.6196816900088075 0.6587854221436341 14.432533047534863 -24.194892518227885 3.8176367473690997 390 194_1.jpg

391 -0.045322078450804534 0.03663293653114937 -0.6863987966544444 0.7248866319069035 14.417384864642534 -25.080545330938346 3.8773167969346636 391 195_0.jpg

392 -0.294389686877788 0.3088375872333618 -0.6203670952247023 0.658102365999651 14.527221659509557 -25.022259385639426 3.8747875531838227 392 195_1.jpg

393 -0.0442466941261716 0.03750077459863627 -0.686182340919253 0.7251135890148394 14.515129270747952 -25.91696825169448 3.9362725799256832 393 196_0.jpg

394 -0.2933090264523851 0.3097248376283752 -0.620563549893992 0.6579826901223143 14.62498047814151 -25.8587253273802 3.933401342997336 394 196_1.jpg

395 -0.04436033336858078 0.037663860946726774 -0.6859672464882108 0.725301682851623 14.606314577211792 -26.764574025052358 3.994692905144352 395 197_0.jpg

396 -0.29333278186633854 0.30994530970895345 -0.6203208715454342 0.6580971055984737 14.716143035280218 -26.706290136389192 3.9917829016027606 396 197_1.jpg
