1 0.12866223640754668 0.1154012279011686 0.7036548062474577 -0.6892013487844927 -14.476253532182707 -19.926265680091486 1248.3763169664005 1 000_0.jpg

2 0.1282844630496619 0.11401360185255387 0.7048056463048978 -0.688326227939487 -11.265882530859926 -23.118560357966174 1247.4384415492307 2 001_0.jpg

3 0.12917691290449979 0.11326092132302419 0.7043739578572055 -0.6887253562677206 -11.530492053805238 -21.18580364916481 1246.564033928245 3 002_0.jpg

4 0.1290913675530802 0.11339581450661863 0.7040318355659563 -0.6890689244083545 -11.644193629343702 -20.048061210517215 1246.1290140329286 4 003_0.jpg

5 0.1292326115242326 0.1127604351696144 0.7041142828927623 -0.6890624739494939 -10.761133489481324 -19.953976530519878 1245.2421223430695 5 004_0.jpg

6 0.1273004719460497 0.11268428295961867 0.7050822296401 -0.6884445450883716 -7.16309089356098 -23.176026887488213 1243.8904543445265 6 005_0.jpg

7 0.12573740541731138 0.11351737443440668 0.7053568541792853 -0.6883136050106404 -5.886335056411825 -24.54086255281214 1242.9959168087541 7 006_0.jpg

8 0.12479088010150174 0.11337769481633232 0.7065508499548965 -0.6872835157266909 -3.9269230502604278 -28.59511735543829 1242.0286372763971 8 007_0.jpg

9 0.12459320582310061 0.11210955836352397 0.7072604750327977 -0.6867973503462571 -1.2855360073045583 -30.296217263251332 1240.679245532553 9 008_0.jpg

10 0.12490232346097817 0.11043088047522175 0.7051747006528218 -0.6891538810677333 1.0841863137179057 -21.973202659927022 1240.0037631432165 10 009_0.jpg

11 0.125124353814771 0.11031776147217066 0.7040335885786295 -0.6902974675741627 0.8404602566889899 -17.914799905550336 1239.633074153884 11 010_0.jpg

12 0.12452682001392763 0.10999503733027023 0.7036904643451337 -0.6908066974557074 2.4510798570124916 -16.48869587800945 1238.7908400287652 12 011_0.jpg

13 0.12333294941062985 0.10866277786998695 0.7059022580209228 -0.6889727036800627 7.011389382842431 -23.364362709485988 1237.3882052141525 13 012_0.jpg

14 0.1212860676316629 0.10893731115763881 0.7059653598700297 -0.689228019380938 10.122781784034503 -23.671554799511377 1236.5286657688314 14 013_0.jpg

15 0.11996050184233703 0.10846076795272422 0.7060840963388567 -0.6894135106814923 13.304084966051528 -23.76121668402801 1235.6711416727032 15 014_0.jpg

16 0.11966720269369047 0.1081473853426007 0.7063291222129888 -0.6892627037326587 14.384311034488684 -24.417915084198686 1235.2289630911707 16 015_0.jpg

17 0.1196407048462276 0.10740461912087561 0.70681508361487 -0.6888851770142116 15.765343103765868 -25.656966893546507 1234.3603542857702 17 016_0.jpg

18 0.11901031994043358 0.10686843777960761 0.7064565959227646 -0.6894452544121552 17.80517284443297 -24.05648448765569 1233.1422728154853 18 017_0.jpg

19 0.11844374855516407 0.10645024187990068 0.7058876875849555 -0.6901898267490445 19.514230092941915 -21.8091178956308 1232.3527814677575 19 018_0.jpg

20 0.11823516307611542 0.10640508441110694 0.7055726895812339 -0.6905545481284832 19.941178887589647 -20.67163274152182 1231.5640290749895 20 019_0.jpg

21 0.11830729643366 0.10644334493846275 0.7054793443457942 -0.6906316620531511 19.739150471832428 -20.363195195910308 1231.1624793349974 21 020_0.jpg

22 0.11722508525297502 0.10652468112524001 0.705691407501533 -0.6905870032639652 21.490407996816085 -21.12675483368414 1230.3074198748618 22 021_0.jpg

23 0.11669382458405979 0.10645574082256158 0.7059895671233547 -0.6903828341310656 22.539903447612442 -22.10513669010664 1229.4872751423281 23 022_0.jpg

24 0.11652518656377979 0.1055893463529509 0.7065596176808074 -0.6899610695508727 24.3681033036612 -23.551013577067696 1228.2861662956843 24 023_0.jpg

25 0.11652518656377979 0.1055893463529509 0.7065596176808074 -0.6899610695508727 24.3681033036612 -23.551013577067696 1228.2861662956843 25 024_0.jpg

26 0.11601891118561179 0.10387619544421513 0.7068730591999287 -0.6899853813267891 28.28090554981317 -23.61096275705564 1227.0723961630586 26 025_0.jpg

27 0.11575952373166461 0.10287105988801795 0.706631509565011 -0.6904268153778558 30.494062022663556 -22.17267807383307 1226.2953590614627 27 026_0.jpg

28 0.11513098841390261 0.10241690318695452 0.7063158732836904 -0.6909222247083456 32.37433636746679 -20.80624498869771 1225.523783883452 28 027_0.jpg

29 0.11478743319745485 0.10181347868597884 0.7062976961790424 -0.6910871327915004 34.034278863743836 -20.38742880400372 1225.1145096432185 29 028_0.jpg

30 0.11462230050355135 0.10133220392564479 0.7059538149289598 -0.6915364949603838 35.150297328614066 -18.90896274376217 1224.3639189327878 30 029_0.jpg

31 0.11497757060218232 0.09955129007285131 0.7057439579264508 -0.6919502617627652 37.6400552294366 -17.125907872651553 1223.1853369619073 31 030_0.jpg

32 0.11486768473800626 0.09898127854724902 0.7061482840628917 -0.691637710376694 38.837141632112406 -18.174924235904108 1222.3920482232174 32 031_0.jpg

33 0.11480391470058562 0.09789790806120081 0.7070065211200974 -0.6909253504252963 40.878495072102474 -20.486205779053684 1221.5657028639282 33 032_0.jpg

34 0.11392131826896347 0.09765824843843074 0.7077193536262321 -0.6903753444747774 42.85144423918208 -22.79012660724052 1220.3764492433363 34 033_0.jpg

35 0.11411061661485716 0.0968728354041928 0.7077891709302482 -0.6903831620559711 43.89419365598527 -22.555777457313965 1219.6206852606622 35 034_0.jpg

36 0.11427601179289543 0.09686315451778059 0.7077274097417624 -0.6904204776263448 43.617131897480334 -22.328253072856455 1219.2719103186444 36 035_0.jpg

37 0.11369937179526013 0.09661058691423055 0.7081255446890028 -0.6901427825518096 45.06979151854922 -23.54338302661 1218.4828755705787 37 036_0.jpg

38 0.11307640137788916 0.09523305122936579 0.7086278659478531 -0.6899209672181033 48.573128124930555 -24.456016395380114 1217.2766328492376 38 037_0.jpg

39 0.1114449533118137 0.09546607012475283 0.708007163546183 -0.6907909294450469 50.95064350175997 -22.48168659583927 1216.5095970840252 39 038_0.jpg

40 0.11001493624188001 0.09539345482152375 0.7071593233468916 -0.6918977482146299 53.509941077890744 -19.56503913932844 1215.762428539805 40 039_0.jpg

41 0.10975195112521395 0.09507053794825379 0.7065556245340103 -0.6926003548062858 54.50122329034109 -17.316846126335896 1215.4181252281726 41 040_0.jpg

42 0.10999403429304896 0.09476967389151651 0.7062183894424893 -0.692947045410897 54.584577969839735 -15.971526110044328 1214.7574776913727 42 041_0.jpg

43 0.1090756395818203 0.09484046045674052 0.7064989698587709 -0.6927965051143559 56.04653084404051 -16.98888852469715 1213.6643923540196 43 042_0.jpg

44 0.10712928285754716 0.09453654092957471 0.7069816416435608 -0.6926493467566934 59.94467055485719 -18.535125527999945 1212.7807262704607 44 043_0.jpg

45 0.1059743133154586 0.09465049419855298 0.7069695373532068 -0.6928237886503894 61.72716056927283 -18.607823095515972 1212.0064214192046 45 044_0.jpg

46 0.10542105979295947 0.09412182524136695 0.706882502006544 -0.6930689796278081 63.594271513512005 -18.031590194608302 1211.581041594348 46 045_0.jpg

47 0.104902544003147 0.09316814353044123 0.7067830005869025 -0.6933779224738364 66.13620282133397 -17.16271660962528 1210.7987213961812 47 046_0.jpg

48 0.1041495411951588 0.09236327166479333 0.706888031417043 -0.6934920404413817 68.82618665922267 -17.09258691453462 1210.001451159052 48 047_0.jpg

49 0.10298945406904249 0.09094347079335344 0.7069799824525602 -0.69375915264737 73.27529476366846 -16.650071347645813 1208.7865549195076 49 048_0.jpg

50 0.10298945406904249 0.09094347079335344 0.7069799824525602 -0.69375915264737 73.27529476366846 -16.650071347645813 1208.7865549195076 50 049_0.jpg

51 0.1006965692923701 0.09044773505365454 0.7071898278285931 -0.6939466518199909 78.06693754437686 -17.234760979553517 1207.5155647148913 51 050_0.jpg

52 0.09989108255972079 0.08861505895882192 0.7076673145942195 -0.6938127375638021 82.62931895196286 -17.85644028444983 1206.5617136863475 52 051_0.jpg

53 0.09830782724168449 0.08724481273949132 0.7085147430463984 -0.693347512174787 87.7270371676517 -20.070351530427544 1205.5489382259907 53 052_0.jpg

54 0.09779910888467981 0.08652708750224315 0.708945373881269 -0.6930691554831232 89.84619625914374 -21.158870441820362 1205.0651918420808 54 053_0.jpg

55 0.09404241497254184 0.08259156765868905 0.7104262637774043 -0.6925526556682103 103.08678140205228 -24.274597529000825 1202.6697008593676 55 054_0.jpg

56 0.09376300364038026 0.08105609767974381 0.710739182873818 -0.6924508806443409 106.21950780319723 -24.476035200430527 1202.0797645106654 56 055_0.jpg

57 0.09211110838408958 0.07836894859650377 0.7111413212725537 -0.6925690382820037 113.66736614456572 -24.47226861845424 1200.775001075397 57 056_0.jpg

58 0.09044390883586947 0.07505621874278583 0.7116184847929591 -0.6926655726131459 122.21114228585358 -24.377856628903462 1199.3324069324751 58 057_0.jpg

59 0.08958883800667856 0.07300116652438961 0.7117542481652134 -0.6928568106105787 127.19563831062734 -23.76234608840414 1198.528324302044 59 058_0.jpg

60 0.08726477525585294 0.0695702688420854 0.7117104273386302 -0.6935510826970497 137.01087476951622 -21.95782477663111 1196.8987074314398 60 059_0.jpg

61 0.08531277598905905 0.0656735655096158 0.7111414053978895 -0.6947565145970271 146.94261947946998 -18.093832132948844 1195.2094448835455 61 060_0.jpg

62 0.08228862686194757 0.05950349680858584 0.7111969865182265 -0.6956196964751065 162.55109482229997 -15.232079582995206 1192.3579192228835 62 061_0.jpg

63 0.0795611581958101 0.054939756808895276 0.7116369254864713 -0.6958624372047132 174.91310155302497 -14.573847912428157 1190.045081496359 63 062_0.jpg

64 0.07856247555685858 0.053039015049044 0.712191937452256 -0.6955554935050166 179.84306549889874 -15.52655514541207 1189.0110858275302 64 063_0.jpg

65 0.07549648815426895 0.04881891563745527 0.7140342671462508 -0.6943140925354114 192.2444838636259 -19.866181784563516 1186.4259009149782 65 064_0.jpg

66 0.0724559235299551 0.0428026495849952 0.7149911837717404 -0.694050199526382 207.53545599353657 -20.243211915971692 1182.9923877633676 66 065_0.jpg

67 0.06903903655689901 0.038716221214027194 0.7138822312253806 -0.6957778564936327 220.02047342086965 -14.968887797614896 1180.2572247641278 67 066_0.jpg

68 0.06318061941265186 0.0350831952992935 0.7128732052257297 -0.6975594397679813 235.80157518600276 -10.991275842660112 1176.6831628469051 68 067_0.jpg

69 0.05595645353710572 0.028199415512185872 0.7101541913279029 -0.701252231947773 259.0827280988813 -0.1317913478860789 1171.0029964297498 69 068_0.jpg

70 0.0512784782492623 0.022903039259023757 0.7094104583295012 -0.7025544605750266 275.5379897445945 3.8507538997538435 1166.7011546368572 70 069_0.jpg

71 0.04902267732101105 0.019750682161782163 0.7097301083506382 -0.7024883351081467 284.47283210035334 3.8466175436064334 1164.2877487731555 71 070_0.jpg

72 0.0435303002737906 0.013926573231759304 0.7099253533370963 -0.7027923990804773 303.0905384138759 4.600874900953409 1159.0507640594321 72 071_0.jpg

73 0.03335389825135293 0.005326519907566682 0.7091179530521837 -0.7042803946697607 333.7411471951246 8.18400663453919 1149.8124602784135 73 072_0.jpg

74 0.02639662162378515 -0.0008145858454350416 0.7096767659307015 -0.7040322739156859 355.04045601079855 6.896879199761833 1142.9187438119657 74 073_0.jpg

75 0.01994114974055573 -0.0064209592878795895 0.7103857916508919 -0.7035006388407787 374.5483987186929 4.846796455111405 1136.1811472360205 75 074_0.jpg

76 0.016662816632940933 -0.009606900257809593 0.7104927533813814 -0.7034416147782535 384.9349984312605 4.7427015944993585 1132.4568768280662 76 075_0.jpg

77 0.009859011527430793 -0.01684246646145459 0.7103935896407308 -0.703533992791076 407.3501970874634 5.754388934349949 1124.0782530713382 77 076_0.jpg

78 0.001209636413623174 -0.02823399085049617 0.7097699176500867 -0.7038664948265331 438.99321770376145 9.555228342167545 1111.353317994409 78 077_0.jpg

79 -0.005422709709697741 -0.03473979156259926 0.7088398408579855 -0.7044925983387033 459.5394921997375 12.4061520415574 1102.50334505523 79 078_0.jpg

80 -0.01215946107725163 -0.041036918168524214 0.7080364424003233 -0.7048776596592026 479.77907071169835 14.456861103816392 1093.3426807594215 80 079_0.jpg

81 -0.015668830428647543 -0.04443323237031809 0.7079595513799206 -0.7046796784526038 490.45868127415406 14.42866353803948 1088.3547437245816 81 080_0.jpg

82 -0.02439175097674488 -0.04932287861309924 0.7075689017304084 -0.7044987902286488 511.4281345732408 12.750027889798757 1078.2070980705362 82 081_0.jpg

83 -0.03449312126287758 -0.05871293899206207 0.7065608253340264 -0.7043683805252463 541.0170622889162 14.208432695513483 1062.9586178084883 83 082_0.jpg

84 -0.04146203995993332 -0.06524179737200081 0.7061371449811432 -0.7038428372839434 561.2908219887215 14.127792469836866 1051.9339665489038 84 083_0.jpg

85 -0.04772311479037215 -0.07272303258747778 0.7055200403012623 -0.7033315985929331 581.6898852574919 15.513171524447332 1040.3365387569156 85 084_0.jpg

86 -0.05072322792103868 -0.0768313363361089 0.7050263499966218 -0.7031798814787855 592.139275997752 17.018676689334143 1034.1844621710252 86 085_0.jpg

87 -0.05828393060089508 -0.08288856640467415 0.7042995039271144 -0.7026340994864317 612.0816820051757 16.619307318932332 1022.067751803233 87 086_0.jpg

88 -0.06809884648166571 -0.09281411338248184 0.7031413493385013 -0.7016696732190455 640.550712208026 17.541006802810628 1003.7918852114658 88 087_0.jpg

89 -0.07518889139279807 -0.0991889993190907 0.7026516533875962 -0.7005632212847579 659.7331778294899 16.444120932942994 990.8699866930032 89 088_0.jpg

90 -0.08489596838179464 -0.11013386746181006 0.7011036383785735 -0.6993689255627165 688.6262575415642 18.491767097032643 970.3404744563343 90 089_0.jpg

91 -0.08489596838179464 -0.11013386746181006 0.7011036383785735 -0.6993689255627165 688.6262575415642 18.491767097032643 970.3404744563343 91 090_0.jpg

92 -0.09080950369037998 -0.1164194872048214 0.6994619698391944 -0.6992518071389927 705.3995975779864 21.396837270022026 957.7597032419819 92 091_0.jpg

93 0.10025722446072972 0.1279224465283899 -0.6975240413989919 0.697885770228939 733.7597346379034 24.48139177503063 935.5485007677477 93 092_0.jpg

94 0.10692966536270998 0.1353092622200712 -0.6964515468241782 0.6965721019026591 752.4843532569823 25.127191481079723 920.135927264274 94 093_0.jpg

95 0.11375264557483131 0.1429174478685903 -0.6951050730073766 0.6953156665852317 771.397898892901 26.350476603923703 903.9055364954294 95 094_0.jpg

96 0.1170584621868963 0.1470014699269794 -0.6942735147494737 0.694746119807199 780.9455835742597 27.61739475204264 895.4345117031943 96 095_0.jpg

97 0.12378173919843678 0.15581875772628426 -0.6920888751760671 0.6938382986252445 800.7126582897397 31.75331934481033 877.2604473473903 97 096_0.jpg

98 0.13511293250793568 0.16711360712569184 -0.6891533624168356 0.6920153039146718 828.9558787234944 34.03924053965706 849.9288411085082 98 097_0.jpg

99 0.14310968007883035 0.17399374981125218 -0.6872990677983521 0.6905546943565516 847.1375498698743 34.05327338686922 831.4116278102779 99 098_0.jpg

100 0.15115029768871477 0.18079513085891022 -0.6854499914418238 0.6889303429220737 864.9283064857688 33.6706836840916 812.5097088195658 100 099_0.jpg

101 0.15481100851360902 0.18467164328675595 -0.6846347634644054 0.6878991034045662 873.8040066146591 33.77982432965704 802.7563902626965 101 100_0.jpg

102 0.1621719774125091 0.1934092957080092 -0.6823664739531858 0.6860532700166544 892.3748331753362 36.121332834784376 781.5584246749839 102 101_0.jpg

103 0.17152982330779923 0.20632599972452742 -0.6784397812255257 0.6839053770839432 917.1990897078786 42.65115636878552 751.3248832716345 103 102_0.jpg

104 0.17829543292377364 0.2154502836364532 -0.6755293802181553 0.6822404050930808 934.3525492240515 47.15756188279326 729.194719109633 104 103_0.jpg

105 0.18577715028125882 0.22351128203331477 -0.6734111114931933 0.6797404152724044 950.8296188059749 47.72399283293549 707.1242336294013 105 104_0.jpg

106 0.189498006290669 0.22742373041099806 -0.6726629574690232 0.678154479530169 958.7887174624276 47.04415231551912 696.1367990294806 106 105_0.jpg

107 0.19675471065267058 0.23489987558576708 -0.6709995833303427 0.6751808583307746 973.8294047001112 46.0208848978368 674.6104692558142 107 106_0.jpg

108 0.20463353764036785 0.24180081744709248 -0.6679596517601665 0.673414718858404 988.4386111545265 47.20236142125642 652.5484486564226 108 107_0.jpg

109 0.2168330079863337 0.25163401019695547 -0.6630178406332111 0.6708733968207944 1009.4273579591364 48.538482734022296 618.9068428871389 109 108_0.jpg

110 0.2168330079863337 0.25163401019695547 -0.6630178406332111 0.6708733968207944 1009.4273579591364 48.538482734022296 618.9068428871389 110 109_0.jpg

111 0.2268486093312852 0.26298147233495545 -0.6587626975941607 0.6673920601201856 1028.7029636750278 51.55779015219236 585.4979674385612 111 110_0.jpg

112 0.2324333454273154 0.27040991191902375 -0.6556262036055465 0.6655880862930095 1039.8653188291512 55.62692722687761 564.6797788518945 112 111_0.jpg

113 0.2388122654917738 0.2777773091777444 -0.6525337396831437 0.6633311291744037 1051.3284684927303 58.15980799147482 542.4085552939479 113 112_0.jpg

114 0.2421947748620401 0.2811127089333657 -0.6510733597443968 0.6621335334634652 1056.817189626843 58.627218746591744 531.4187024548138 114 113_0.jpg

115 0.24873412148483243 0.28729362064340597 -0.6483229863874103 0.6597507238862881 1066.9495825881272 59.035113795177516 510.3770258431531 115 114_0.jpg

116 0.2579924719098758 0.2966244938859062 -0.6446391729668218 0.6556631229079563 1081.0930593576984 59.12025570071404 479.12419915011276 116 115_0.jpg

117 0.26346142412365553 0.3032206836574223 -0.6421948460660662 0.6528637489455531 1089.7731855007419 60.31116537042142 458.530213510756 117 116_0.jpg

118 0.2690301510642453 0.30929531848729436 -0.6390647808487788 0.6508113318457929 1097.7801111522863 62.520968321766894 438.3513482036691 118 117_0.jpg

119 0.2778078184420648 0.3175875806046445 -0.6346640063933373 0.6474276358380965 1109.0207431437068 63.615979100297544 408.39121125592595 119 118_0.jpg

120 0.28313851111780036 0.32303786444588656 -0.6325879549794262 0.644446740135431 1115.791599914453 62.96515701423835 389.2843059566347 120 119_0.jpg

121 0.2858440579884466 0.32581306110402536 -0.6314790531307857 0.6429410775364788 1119.1162965438587 62.72587779451104 379.498705480925 121 120_0.jpg

122 0.2911556545644351 0.3312271203656117 -0.6285091096879942 0.6406974938211204 1125.324567457975 63.972469300171554 360.1481662541268 122 121_0.jpg

123 0.2975587425546954 0.33976691061744224 -0.622518306720686 0.6391308152298381 1133.132781509516 72.01724417111308 332.6878254145457 123 122_0.jpg

124 0.3010292767766879 0.3453257599685236 -0.6195930038867766 0.637366459393673 1137.5610398676185 76.09822123687573 315.9575206450314 124 123_0.jpg

125 0.3052112642968647 0.3495863189519037 -0.617464896271075 0.6351162032423027 1141.7165999748138 76.24948323065733 300.2491466451014 125 124_0.jpg

126 0.30739750347631456 0.35117485885400956 -0.6166020026921792 0.6340228415770125 1143.572058477943 75.33661822794119 293.1840416311835 126 125_0.jpg

127 0.3157353268073524 0.35805494340682614 -0.6123534022115171 0.6301834429019608 1150.491092862385 74.29980120510054 264.43857250892825 127 126_0.jpg

128 0.3179114984995593 0.3595650319018916 -0.6115345608779316 0.6290236464609195 1152.1180766893513 73.16100969278757 257.4415150544254 128 127_0.jpg

129 0.3217286286050979 0.3623396939718435 -0.6100083096052732 0.6269692958357618 1154.9111385250299 71.39574152074697 244.85031800130872 129 128_0.jpg

130 0.32669259802385087 0.36684601984073933 -0.6072659893020773 0.6244389180379485 1158.5660938712515 71.22256040992872 226.5973912605929 130 129_0.jpg

131 0.3292511979723348 0.3701181514697553 -0.6051937237067928 0.6231747422451428 1160.5675931270641 73.10890065808466 215.23993321521678 131 130_0.jpg

132 0.33316538082540553 0.3747541316712932 -0.6024882804283135 0.6209412546781632 1163.3788688223979 74.68831538572984 198.5250714830598 132 131_0.jpg

133 0.33641754491183257 0.37729956068870807 -0.601271678606102 0.6188219820641502 1165.326320183584 72.91785892997953 187.20827113390826 133 132_0.jpg

134 0.3395397763655309 0.37948137220272055 -0.5997208095564797 0.6172856542976729 1166.9924052339416 71.80894971178512 176.74733817633754 134 133_0.jpg

135 0.34117619166330126 0.3800950805467698 -0.5989818585304743 0.6167230084386746 1167.7113459227696 70.70675331075479 172.26406813367356 135 134_0.jpg

136 0.3440446909474269 0.3819511682941959 -0.5978153910616905 0.615112440029745 1169.1248933463544 68.9961708270321 162.899827459423 136 135_0.jpg

137 0.34875679857177305 0.38533863713614497 -0.595525996507925 0.6125615215333632 1171.3234866140228 67.10908262320943 146.811451271002 137 136_0.jpg

138 0.3508231110082348 0.387599801764363 -0.5941973054235794 0.6112438962329911 1172.3367907210782 67.43366703761207 138.13273535002645 138 137_0.jpg

139 0.35247044783040865 0.3898320844308315 -0.5925132256581903 0.6105109391113895 1173.1118697862617 69.23454041058767 130.2447134816928 139 138_0.jpg

140 0.3534115837753081 0.39086927288003265 -0.5920093059426103 0.6097921331478554 1173.5408172456896 69.1651634690328 126.2532783297954 140 139_0.jpg

141 0.3557494423601928 0.3923107834183746 -0.5909182662775782 0.6085640361158177 1174.3922670351456 67.89039081164378 118.6012154569141 141 140_0.jpg

142 0.3579268238986264 0.3938018714604785 -0.589807560778276 0.6074006223382116 1175.156029741218 66.97285942820193 111.14787887493118 142 141_0.jpg

143 0.3587539516792906 0.39446293805381566 -0.5892941080910835 0.6069819163909079 1175.4382944575746 66.86645572316245 108.08127182668626 143 142_0.jpg

144 0.3600402048650361 0.3954114650885517 -0.5888365679801709 0.6060464671678251 1175.8860459662856 65.95887577032038 103.4365116552322 144 143_0.jpg

145 0.3609214119414562 0.39649580150200064 -0.5884104960594684 0.6052271490279679 1176.228627780613 65.85368205678972 99.32855410821702 145 144_0.jpg

146 0.36111861864127354 0.39707964130967516 -0.5880713154298939 0.6050563855514233 1176.3210949317686 66.54768973526377 97.65846648651554 146 145_0.jpg

147 0.3617150894566688 0.3976953680717518 -0.5872698905601756 0.6050740978715475 1176.472403604252 67.4157230818086 94.96623329326454 147 146_0.jpg

148 0.3626725638321125 0.39791691040427773 -0.5870440327686172 0.6045742695885387 1176.7287587268722 66.17341095364239 92.39772731267398 148 147_0.jpg

149 0.3655132230608075 0.3965670279049963 -0.5877542809871785 0.6030585223073656 1177.3524256956905 58.36315156467251 89.17843999695445 149 148_0.jpg

150 0.3652466258287695 0.3972139123297148 -0.5878555077090729 0.602695538583561 1177.368424467289 59.1199288896048 88.20461445431349 150 149_0.jpg

151 0.3646094280660254 0.39798068139801546 -0.5879603159048845 0.602473243489174 1177.3082106003603 60.66669475752256 87.84821610227965 151 150_0.jpg

152 0.36401247326019115 0.3993452827536967 -0.5883934337997653 0.6015076321333668 1177.3526114776123 61.89258070200629 86.1600224486238 152 151_0.jpg

153 0.36317810282851604 0.40061790559003285 -0.5883155239850151 0.60124188442321 1177.2748824239404 64.5290223317766 84.95780752964744 153 152_0.jpg

154 0.3635322376191325 0.4000141606820849 -0.5887384744793809 0.6010158002358383 1177.3366769487934 62.59763808326864 85.22818081285355 154 153_0.jpg

155 0.3643911399440052 0.39943343729373054 -0.5893256326332467 0.6003060261428729 1177.5345930576686 59.38190038022822 84.48159149361464 155 154_0.jpg

156 0.3646335713939556 0.3994863485465033 -0.5895484529268045 0.599904690420972 1177.6170035409205 58.50985976505046 83.80183426338924 156 155_0.jpg

157 0.3641544377186486 0.4001508169156327 -0.5897590860798791 0.5995457360350354 1177.5923398400332 59.474921193421665 83.22548922131581 157 156_0.jpg

158 0.363052340396868 0.4008303410514481 -0.5899812516980681 0.5995416236340202 1177.420405709588 61.627063613467634 83.74126137959654 158 157_0.jpg

159 0.36363795668087906 0.4010394960378091 -0.5909145315805042 0.5981260531407144 1177.6679292537842 58.7947073895248 82.00641057841747 159 158_0.jpg

160 0.36424982030495007 0.40116380546338165 -0.5921433672031831 0.5964527661694814 1177.929844041025 55.263936538084664 80.38313672043638 160 159_0.jpg

161 0.36399271805080086 0.40106150128480056 -0.5922412240323239 0.5965813489792208 1177.8680020518273 55.49507498981287 80.97844885955621 161 160_0.jpg

162 0.36347889746505146 0.400410536303913 -0.5914476496024063 0.5981171885961755 1177.6055688124693 57.61708504566692 82.98689816587843 162 161_0.jpg

163 0.3634646393486304 0.4017010729365301 -0.5896206498150426 0.5990635970049405 1177.5599929188552 62.170646772697445 80.01552894476686 163 162_0.jpg

164 0.3637066639741977 0.40208450370069443 -0.5895303884689179 0.5987482238271885 1177.6445429656126 62.153063517019085 78.55087397728667 164 163_0.jpg

165 0.36356050101333837 0.4017514438406885 -0.5905520608670607 0.5980533445107716 1177.6741074895697 60.18363759541693 79.32470073997976 165 164_0.jpg

166 0.3635122353877495 0.401746033377257 -0.5910184490002758 0.5976254448484852 1177.7050118675852 59.34960094625315 79.34814775129355 166 165_0.jpg

167 0.36381748966449584 0.40228339586262707 -0.5913869533033639 0.5967129754664486 1177.8600626084212 58.409472360229444 77.49073314327578 167 166_0.jpg

168 0.3641398719552645 0.40282384659610476 -0.5908170818410998 0.5967162458578521 1177.9285453372843 59.30267379312392 75.42806713134111 168 167_0.jpg

169 0.36401289580881685 0.4032326020227927 -0.5899397723552308 0.5973852570529893 1177.852198373048 61.571670976002935 74.60055913650754 169 168_0.jpg

170 0.3651496953782429 0.4036748629259182 -0.5894934873961349 0.5968330866535975 1178.0994557793795 60.57684459294566 71.24701280667651 170 169_0.jpg

171 0.36592119958833813 0.40399209182879703 -0.5893512130023094 0.5962861839455371 1178.2788734313187 59.59361934577884 68.97567318996174 171 170_0.jpg

172 0.3669289308351398 0.40486689483671356 -0.5888747551931457 0.5955438521869497 1178.5130307062623 59.201521504331204 65.00950713415595 172 171_0.jpg

173 0.36891223677845136 0.40635047063954516 -0.5882699457907914 0.5939036348141332 1178.9549393465568 57.59818638179058 57.796588437733824 173 172_0.jpg

174 0.36891223677845136 0.40635047063954516 -0.5882699457907914 0.5939036348141332 1178.9549393465568 57.59818638179058 57.796588437733824 174 173_0.jpg

175 0.37263845825297254 0.41056144902718944 -0.585843537014699 0.5910729448567656 1179.6183807669793 58.06688059604289 41.479742825119985 175 174_0.jpg

176 0.37377836077820153 0.4116476235004819 -0.5848532933564665 0.5905781881600956 1179.7502280706747 58.53492794922528 36.87547145725158 176 175_0.jpg

177 0.37663277870245976 0.41370840597916836 -0.5824230301287906 0.5897257996769664 1180.0019747288732 59.104998156003404 26.694512680008696 177 176_0.jpg

178 0.38176634380233715 0.4173143705695232 -0.578978047691024 0.587271313063944 1180.3329438022442 58.15868959907082 8.620759430754497 178 177_0.jpg

179 0.38472894861721735 0.420267683028693 -0.5766833318487291 0.5854870156249697 1180.3453091744311 58.748455014808215 -3.6362423885669513 179 178_0.jpg

180 0.38745518544642293 0.42335325483239933 -0.5744466147193015 0.5836622205788432 1180.2146072432465 59.74356173197603 -15.717661654298649 180 179_0.jpg

181 0.3888763403258054 0.4249474993595263 -0.5732374055616648 0.5827466787445685 1180.0961058072116 60.314988424904115 -22.004829029156017 181 180_0.jpg

182 0.39577550275195716 0.4314006962771016 -0.5680784863588823 0.5783960788328952 1179.2779723639276 60.68229506799548 -49.90372533338226 182 181_0.jpg

183 0.3975178002354981 0.4328302283735932 -0.5667459328796134 0.5774397279945418 1178.9923574963632 60.64342244113834 -56.57548192845505 183 182_0.jpg

184 0.40091207726297284 0.4358016992292562 -0.5638221129684599 0.5757178216638446 1178.2703411214065 61.24311770682375 -70.00419428876407 184 183_0.jpg

185 0.4057064801385969 0.4416358367222962 -0.558619584983092 0.5729783582034017 1176.5722375515247 65.0564165932804 -92.51509573595148 185 184_0.jpg

186 0.40965031656773765 0.4451392218446972 -0.5561398118334174 0.5698650726315317 1175.3291895285581 63.95250170455658 -108.25055438167648 186 185_0.jpg

187 0.41638557401498943 0.44982315621832675 -0.5529814139306534 0.5643524942172631 1173.1645875885645 59.10378122601551 -132.43939522744756 187 186_0.jpg

188 0.421085560404112 0.4513289425910763 -0.5512956296758315 0.5613040754342553 1171.9014921101048 53.43412696772666 -145.67187670662497 188 187_0.jpg

189 0.4259510693873647 0.4535367195915694 -0.5485686275052784 0.5585182104344081 1170.1284833305808 49.644190977409586 -160.81994044064945 189 188_0.jpg

190 0.42807759917714844 0.45523545164363205 -0.546759972167577 0.5572825006088542 1168.9994321503182 49.547391105442834 -169.0299785284688 190 189_0.jpg

191 0.431912183076327 0.45901781207600834 -0.5430414352658998 0.5548517945285457 1166.518327073645 50.606840918946766 -185.43474140778426 191 190_0.jpg

192 -0.2093494976293327 -0.21525599544389284 0.6811271002899218 -0.667760074816133 1012.9420488694832 -11.214812288782438 731.1816420643402 192 000_1.jpg

193 -0.21069589836544642 -0.2156672220879317 0.6823203552672839 -0.6659833485281592 1013.7088748081912 -16.365042108477255 727.6592323186256 193 001_1.jpg

194 -0.20974474602169427 -0.21659390968617556 0.6824524030458826 -0.6658475331335635 1012.95649385063 -14.74791252626965 727.1872313617371 194 002_1.jpg

195 -0.20962550554761858 -0.216669101591614 0.6821079786129896 -0.6662134442893579 1012.5332032404465 -13.533378526757298 727.024183376742 195 003_1.jpg

196 -0.209448420805526 -0.2171550394119268 0.6821810589728385 -0.6660360730912196 1012.1332041223546 -13.170799958077763 726.0475007271278 196 004_1.jpg

197 -0.21154856401168667 -0.21708771009021816 0.6822452556966806 -0.6653281463095857 1013.2142741907139 -16.49222870621536 722.1983292636103 197 005_1.jpg

198 -0.21313073523037224 -0.21620798745702693 0.6816726685313069 -0.6656964539768482 1013.2157314620238 -17.74251771090183 720.659403409204 198 006_1.jpg

199 -0.21452088118671103 -0.21594017904870966 0.6822317391750967 -0.664763480246479 1013.6571732450499 -21.562001116373338 718.401149926886 199 007_1.jpg

200 -0.21514503738150195 -0.2166162195677043 0.6829567464347831 -0.6635963447831247 1013.9552376264295 -24.11942239285245 715.6190559416515 200 008_1.jpg

201 -0.2139287773982547 -0.21908099674788692 0.6813147468248527 -0.6648670625198899 1014.6449329385003 -16.10438510694525 713.3894206541479 201 009_1.jpg

202 -0.21323103952895037 -0.21994098076078739 0.6803430236187961 -0.6658016663966985 1014.4695869673881 -11.77657615475365 712.9681195527813 202 010_1.jpg

203 -0.2134271537041827 -0.2204427498005195 0.6795999429306634 -0.6663315703842613 1014.497111825185 -9.649390952079646 711.46275331522 203 011_1.jpg

204 -0.21549478093576113 -0.2208216217016018 0.6810733180943612 -0.6640323381872755 1016.025782511454 -16.651514706038245 706.9196598385595 204 012_1.jpg

205 -0.21732910276837805 -0.22066683522901445 0.6802428315350747 -0.6643371877781995 1017.0801569798738 -17.13300556556061 703.9286827339904 205 013_1.jpg

206 -0.21858606284813384 -0.22113743030236874 0.6797094330179498 -0.6643142755610735 1018.2024911557279 -17.21671052210003 700.8518949392283 206 014_1.jpg

207 -0.21904619233285413 -0.22137066754297152 0.679708803941457 -0.6640856383182303 1018.580040614651 -17.758048462357564 699.5521014599 207 015_1.jpg

208 -0.21928574525176128 -0.22179588664683098 0.6801755367230311 -0.6633864528609718 1018.5936521672647 -19.158238267462508 698.03444200092 208 016_1.jpg

209 -0.2196545775107116 -0.22259114868984897 0.6796567648376047 -0.6635297499841323 1018.8071358291826 -17.748130459566667 695.5945122474541 209 017_1.jpg

210 -0.21990609605003447 -0.22323550775573014 0.6788445393576378 -0.6640612233682908 1019.0785330742468 -15.442485030317949 693.8216666118627 210 018_1.jpg

211 -0.22000778249901193 -0.22351124802684522 0.6784385387613736 -0.6643496419572165 1018.8118336691798 -14.279599031825068 692.815031060898 211 019_1.jpg

212 -0.21986564965163377 -0.2235455562451537 0.6783993030976461 -0.6644252147103824 1018.3659366804936 -13.9298230096663 692.7515998986988 212 020_1.jpg

213 -0.2208975692210674 -0.2233996109465079 0.6780435598058675 -0.6644951532907969 1018.5966413785419 -14.567925139997056 690.948709591152 213 021_1.jpg

214 -0.22147280206738681 -0.2234021382482242 0.6781081994206248 -0.6642368195523787 1018.5447360009258 -15.603899864691087 689.6218209804571 214 022_1.jpg

215 -0.22194663812447116 -0.22393322011447298 0.6785038607663838 -0.6634953757785503 1018.6238093625508 -17.082161763739727 687.4148032393545 215 023_1.jpg

216 -0.2224124017658246 -0.2249448484373184 0.6785981073467043 -0.6629005561980922 1019.5260494401787 -17.41922506489485 684.7258695216715 216 024_1.jpg

217 -0.22253887441666997 -0.22547632428791997 0.6785760923877692 -0.6627000553785372 1019.8927731286991 -17.218763413454262 683.507962275435 217 025_1.jpg

218 -0.2226809093627625 -0.22649429021001052 0.6782406736843204 -0.6626485778056691 1020.4693538918455 -15.867747748835898 681.3298039437535 218 026_1.jpg

219 -0.22300743913954424 -0.22714498003202405 0.6776942841730184 -0.6628750239177021 1020.8520467814327 -14.43554460698189 679.4405527911592 219 027_1.jpg

220 -0.22339932831731643 -0.22778558685286138 0.6775135203688485 -0.6627080022505231 1021.5971228484079 -14.130556326687808 677.6555520038718 220 028_1.jpg

221 -0.22341250408165333 -0.22838038047003614 0.6771285868346759 -0.6628922474487098 1021.6076481547454 -12.71226767281301 676.3262159304988 221 029_1.jpg

222 -0.22299680414635314 -0.2301704173765681 0.6770627891213485 -0.6624801762259982 1022.0822950463704 -10.801719060229903 673.5918830590878 222 030_1.jpg

223 -0.2232815063617573 -0.23055203150133535 0.6773352430622789 -0.6619728832763435 1022.1440736216927 -11.743621803869589 672.1345912164791 223 031_1.jpg

224 -0.2236359238206868 -0.23122225922974216 0.6780902604231057 -0.6608455486215267 1022.585296811376 -13.947680674367403 670.1014320031073 224 032_1.jpg

225 -0.22485332039766667 -0.23113015440435372 0.6783197581641781 -0.6602288555608993 1022.8108258137657 -16.45727085396408 667.7303174350316 225 033_1.jpg

226 -0.22467072744527658 -0.231809800162308 0.6784977210110884 -0.6598697775778797 1022.7219742524306 -16.248515225203807 666.54843942093 226 034_1.jpg

227 -0.22453125514603398 -0.23196350422701578 0.6785398675926773 -0.6598198968329021 1022.4413561709915 -16.05574768517527 666.3204387557996 227 035_1.jpg

228 -0.22517510090287732 -0.23200086697640002 0.6785487809870392 -0.6595781405387697 1022.525652494224 -17.016420319604318 664.859655426814 228 036_1.jpg

229 -0.22596540799559886 -0.23306545607237425 0.67883763665504 -0.6586346412357603 1023.5062941211629 -18.3383962716303 661.3764780101293 229 037_1.jpg

230 -0.2270244992335359 -0.23333327503887805 0.677581927031418 -0.6594681126997604 1024.2233136997554 -16.308965532468292 659.0137673562849 230 038_1.jpg

231 -0.22800266899115854 -0.23375197690856836 0.6761513140829848 -0.6604499956000431 1025.0246731703733 -13.602289274510042 656.5542325635045 231 039_1.jpg

232 -0.22801257289353952 -0.23444000174782864 0.6754931942118539 -0.6608760070969537 1025.439487466229 -11.394920484076339 655.3281965945811 232 040_1.jpg

233 -0.22767384819304035 -0.23490129394474352 0.6751576283541142 -0.6611718217130138 1025.0067219690989 -9.677850740120697 654.780398395528 233 041_1.jpg

234 -0.2285113220132638 -0.23484321411574968 0.6750408191800512 -0.6610227930535073 1024.9312117691868 -10.652997467629692 653.0063860459311 234 042_1.jpg

235 -0.23037674654621532 -0.2350128246507485 0.6745930037181568 -0.6607721288273078 1026.3492764249877 -12.157178300792694 649.4923993371895 235 043_1.jpg

236 -0.23152730388561735 -0.23490253384227708 0.6740577073468063 -0.6609554556218614 1026.7849204125787 -12.514129041735227 647.5169729763874 236 044_1.jpg

237 -0.23192101938909598 -0.23544830232118255 0.6737318563898097 -0.6609554624822587 1027.4206226492524 -11.896156552856096 645.8877463127251 237 045_1.jpg

238 -0.23244952954275064 -0.23647525550439333 0.6733820155362645 -0.6607596619814227 1028.386638012243 -11.126270482295096 643.119452245851 238 046_1.jpg

239 -0.23301304736695957 -0.23724445054283172 0.6731561111715363 -0.660515586822754 1029.1407387957165 -10.904088847463433 640.696073704668 239 047_1.jpg

240 -0.23418442143978765 -0.23859232738660877 0.6726589816277103 -0.6601221496834695 1030.7681621066367 -10.529054908727135 636.2597892716499 240 048_1.jpg

241 -0.2355074498095411 -0.23883040025801622 0.6720545999465463 -0.6601809567743451 1031.723062801084 -10.779839094324009 633.4915715280492 241 049_1.jpg

242 -0.2355074498095411 -0.23883040025801622 0.6720545999465463 -0.6601809567743451 1031.723062801084 -10.779839094324009 633.4915715280492 242 050_1.jpg

243 -0.2372394363645991 -0.24065432514812182 0.6718162514461715 -0.6591402505641147 1034.3033462405658 -11.692684518537565 627.4012349068098 243 051_1.jpg

244 -0.23896412729549482 -0.24168215182079508 0.6718543016056737 -0.6581015732933062 1036.3757790033526 -13.830710132382322 622.7333510044626 244 052_1.jpg

245 -0.23964637653902857 -0.2421891439941536 0.6719913137918634 -0.6575269628930653 1037.2327933075505 -14.943942095208122 620.6835783689138 245 053_1.jpg

246 -0.24169251335739605 -0.24378949585269638 0.6719396174954071 -0.6562381893329579 1040.0887646218769 -17.00274165979928 614.5729927765094 246 054_1.jpg

247 -0.2441357887181308 -0.24659967019990692 0.6717178707124378 -0.6545085343139705 1044.1523772031976 -18.497140295672093 605.7362106806175 247 055_1.jpg

248 -0.24567491502896993 -0.24904591224565112 0.6714009651627553 -0.6533304781638162 1047.2791996091332 -18.561189369143193 599.066401609848 248 056_1.jpg

249 -0.24741892585780315 -0.2519664958869782 0.6710506419866182 -0.6519108803871554 1050.9993217646936 -18.575814538124764 591.2932897367425 249 057_1.jpg

250 -0.24822539378276837 -0.2538449141188914 0.6707854997008922 -0.6511480068681671 1053.166155648409 -17.988774945771873 586.8377900051465 250 058_1.jpg

251 -0.2502782102016602 -0.2572283554540733 0.6697338692957168 -0.650116093453188 1057.5091893567962 -16.365377121343787 577.8235450560718 251 059_1.jpg

252 -0.2526262273071961 -0.2630964118851284 0.6675447466371073 -0.6491103747182786 1063.9647784292806 -10.71872434794706 564.1758274102938 252 060_1.jpg

253 -0.2544767694443175 -0.2670786982259442 0.6669195082571375 -0.6474016622415921 1068.4741832991317 -9.576977270044198 554.3647449609552 253 061_1.jpg

254 -0.25711232832644704 -0.2712114476872796 0.6660312370092796 -0.645554019888198 1073.6880272872127 -8.923060117955773 542.9695673809467 254 062_1.jpg

255 -0.25822314916083633 -0.27284455596163937 0.6660344846386947 -0.6444181241954826 1075.7307245024751 -9.702822708147488 538.2671791402236 255 063_1.jpg

256 -0.26180274171720935 -0.2759848248580358 0.6662328661480419 -0.6414245621595706 1080.7538892740088 -14.031314622121327 526.7215807728878 256 064_1.jpg

257 -0.2650796488939741 -0.28114283423306274 0.6658630954647463 -0.6382145600029461 1086.814746478844 -15.165899771557745 512.1179786918381 257 065_1.jpg

258 -0.26738939854045146 -0.28552156737800555 0.6634076149782883 -0.6378641552078326 1091.5681567120364 -9.874680161562106 500.74428099195956 258 066_1.jpg

259 -0.27209521016624383 -0.28953937625029924 0.659882022066295 -0.6377200507737489 1097.703097517344 -6.085116786201136 485.8534488426466 259 067_1.jpg

260 -0.2774007044073076 -0.2972544302260574 0.6541051459082519 -0.6378362728801618 1106.5026076978488 4.49385822153343 463.4192204307323 260 068_1.jpg

261 -0.28117363630804837 -0.3025309091174891 0.6511257402741885 -0.6367508976250014 1112.4169824366647 8.889441035100493 447.5945068919823 261 069_1.jpg

262 -0.28328267826595355 -0.3053189204201573 0.6503780108201767 -0.6352477658910166 1115.5822246819866 8.928880390938504 438.94739255789216 262 070_1.jpg

263 -0.2942092272904995 -0.315390056801567 0.6440591748332777 -0.6317893810130947 1128.4893669679134 12.080157187940877 401.58508231627417 263 071_1.jpg

264 -0.29688472800757704 -0.3187681282700898 0.642688231754016 -0.6302366027453078 1132.0414411009572 12.897167528725781 390.69598986783717 264 072_1.jpg

265 -0.30319847715062 -0.3242956803994669 0.6400179171495373 -0.6271204516321885 1138.7441930158996 11.799241581907063 369.2068177269252 265 073_1.jpg

266 -0.3094164174649474 -0.3288452969770056 0.6376504239839392 -0.6241187291312167 1144.4930353595025 9.362985517899626 349.43704675126355 266 074_1.jpg

267 -0.31233673136735063 -0.3316983639769913 0.636274984199951 -0.6225561067527159 1147.4510373658632 9.242939251652414 338.783948970527 267 075_1.jpg

268 -0.31843101365718346 -0.33805927326193225 0.633067537524006 -0.6193085743279871 1153.5387728867706 9.91969946548277 315.65374015420946 268 076_1.jpg

269 -0.32605545019426596 -0.3483761747817141 0.6284191058526756 -0.6143381085708414 1161.5108335046336 13.503682849856336 281.9333123118902 269 077_1.jpg

270 -0.3312198683304012 -0.35449651833657647 0.6247918691607159 -0.6117685326502957 1166.0320997788747 16.293168868621997 260.485532631059 270 078_1.jpg

271 -0.3369966039032692 -0.3600733870672904 0.6208487227089204 -0.6093663170821426 1170.2156935123419 18.143673655572876 238.70991008841318 271 079_1.jpg

272 -0.33992060478745717 -0.3630979581579554 0.6192552249105456 -0.6075663104908325 1172.2796992495626 18.239044663356193 227.21867703971134 272 080_1.jpg

273 -0.34747050379322203 -0.3673809730239686 0.6148320659159957 -0.605208228938698 1176.100772892908 16.6731359708051 204.21176165718484 273 081_1.jpg

274 -0.3561907472015956 -0.37549538316935116 0.6092906752818621 -0.6007464039351744 1180.742256819068 17.513605048841608 171.13567661072275 274 082_1.jpg

275 -0.36210349364028754 -0.38106977861362556 0.6057941084087891 -0.5972272448055773 1183.420771040497 17.347632351077564 148.33592130261252 275 083_1.jpg

276 -0.3675240958040524 -0.38727446624772827 0.6022932429102629 -0.5934537693372498 1185.7072622856813 18.40382626746854 125.09924185060984 276 084_1.jpg

277 -0.36989147079097595 -0.3909658793403556 0.6004734689966617 -0.5914030724123999 1186.7164105975633 20.08779503680533 112.92945508937535 277 085_1.jpg

278 -0.37626317934554687 -0.396134823933753 0.5964128444409973 -0.588043314834506 1188.3391637102802 19.52573087233618 89.57780029259523 278 086_1.jpg

279 -0.3844815876246524 -0.40441632912307807 0.5908615804006541 -0.5826696614057424 1189.8340514815422 20.230363628234606 55.88406086833139 279 087_1.jpg

280 -0.3905017069336165 -0.40960131660818183 0.5871508095655956 -0.5787824333385057 1190.3528977790304 19.215318786088627 32.80261978546203 280 088_1.jpg

281 -0.3965028986430322 -0.41536001523608945 0.5832123759957928 -0.5745649080792272 1190.4321284991854 18.916656715272417 8.4269861060689 281 089_1.jpg

282 -0.3986493991396238 -0.41865048274817 0.581326990489595 -0.572598777494898 1190.2675121463733 20.55556414563049 -2.893318550087059 282 090_1.jpg

283 -0.40313591839226 -0.4242585837859338 0.5770747215033579 -0.5696234292827191 1189.656389443493 23.60889944984422 -24.01211075238137 283 091_1.jpg

284 -0.410591350332218 -0.4337168321207393 0.5711207012246204 -0.5631390567170903 1187.8922593664472 26.363303958550038 -59.63797545158978 284 092_1.jpg

285 -0.4160329778080023 -0.4396787308066982 0.5670710924635142 -0.5585960536422125 1186.1081176996815 26.97066070236573 -83.85585646754863 285 093_1.jpg

286 -0.4215068712234942 -0.4457659622026611 0.5627838568157716 -0.5539846522788168 1183.7825341652695 27.89256218004363 -108.55033794224259 286 094_1.jpg

287 -0.42410775770944 -0.4491164757171145 0.5605149013304833 -0.5515886569506194 1182.3692420258005 29.027992289414133 -121.30946591309221 287 095_1.jpg

288 -0.42908258375039243 -0.4564733659308734 0.555545806482109 -0.5467074715219916 1178.9475239675696 32.90582203091856 -147.85081647699175 288 096_1.jpg

289 -0.4377346489253238 -0.4657381049629456 0.5477399682025221 -0.5398678745297295 1172.9195526145625 35.22014360155927 -186.7251419199039 289 097_1.jpg

290 -0.4440108067913306 -0.47118032221205314 0.5424659997054277 -0.5353262057626622 1168.2832370231408 35.00575491949787 -212.33523605299615 290 098_1.jpg

291 -0.45034600214237513 -0.4764200112444244 0.537095232649794 -0.5307929561562643 1163.1205897357565 34.451781973230396 -237.7614047334884 291 099_1.jpg

292 -0.45325054889709765 -0.47931697553210506 0.5346426613930608 -0.5281821669744066 1160.2996325389045 34.4781675683253 -250.54524295042992 292 100_1.jpg

293 -0.4588059266134287 -0.48616620840678976 0.5292865382996724 -0.5224895213135935 1153.7155620644085 36.47875287839153 -277.9496784362813 293 101_1.jpg

294 -0.4654755636002212 -0.49661343882449377 0.5214896473978589 -0.514544594497721 1143.2856143905763 42.509403433184204 -315.97093091303134 294 102_1.jpg

295 -0.4700433623423209 -0.5039312740258043 0.5158717632047011 -0.5089094541318017 1135.186092407486 47.010730706340226 -342.4911315428585 295 103_1.jpg

296 -0.4756612316519597 -0.5099745459974822 0.5104928043233087 -0.5030600877351799 1126.679771678089 47.71360925457945 -368.6421810430956 296 104_1.jpg

297 0.47864211829252074 0.5127646889146991 -0.5080742282790459 0.4998346476159017 1122.2522291722184 47.04468257577553 -381.62422513512547 297 105_1.jpg

298 0.4843857330682215 0.5180071384001766 -0.5033288959248912 0.49365887887634713 1113.3366244636873 45.67191026072126 -406.40394900537837 298 106_1.jpg

299 0.48994994526031743 0.5233042639049021 -0.4971403510553404 0.48882836442961586 1103.7990290367884 46.63164189125371 -430.95862448348674 299 107_1.jpg

300 0.4985904847425074 0.5307598242664943 -0.4870808559054086 0.48213460493858556 1088.4669186482577 47.650051929700325 -467.47461108043547 300 108_1.jpg

301 0.5034418953606845 0.536446777985336 -0.4813887107545371 0.47648297088445646 1077.5975264935123 49.28262970867758 -491.4137482372996 301 109_1.jpg

302 0.5056617480927111 0.5392008529232815 -0.4786596624497076 0.47376530504687797 1072.2194429709668 50.267519459262545 -502.73011507675534 302 110_1.jpg

303 0.5092179203509416 0.5449857268591485 -0.4733161414384842 0.46867845839877553 1061.598922083809 54.176369696033966 -523.9987353693097 303 111_1.jpg

304 0.5134209411132965 0.5504903332775173 -0.46763590948197414 0.463331400141747 1050.062955480728 56.714739302039774 -546.1308084276501 304 112_1.jpg

305 0.5157356809856178 0.5529065703102375 -0.4648685981601853 0.46066063247325095 1044.2712490860415 57.08050157613121 -556.9289973079489 305 113_1.jpg

306 0.5202957197382412 0.5573228143485585 -0.45937557921163835 0.455694768296323 1032.878343827284 57.44422098140057 -577.4438393967731 306 114_1.jpg

307 0.5269229548507305 0.5636682302902135 -0.4517608841181172 0.44781963935684066 1015.467045324994 57.24047151130525 -607.1216225738824 307 115_1.jpg

308 0.5306570901876918 0.568208122511633 -0.4471560482749612 0.4422601617107937 1003.7035151847367 58.23873638943999 -626.0281195586278 308 116_1.jpg

309 0.534214249606264 0.5726798229443798 -0.4418401397540172 0.43752742406866413 991.7401170735293 60.256601439336904 -644.384617355093 309 117_1.jpg

310 0.5399383147699904 0.578491768769956 -0.43387110053221034 0.43077808420545155 973.8011815646901 61.37808606776885 -670.7666094484227 310 118_1.jpg

311 0.5437907754775824 0.581960353386161 -0.4295058630416987 0.42560363391887274 961.9869712600704 60.57053937606351 -687.4848179634089 311 119_1.jpg

312 0.5456491448574873 0.5837154198833207 -0.42734032195326976 0.42299357978532887 955.9945263500485 60.29427629441654 -695.7287490481642 312 120_1.jpg

313 0.549117394731176 0.5873949562681173 -0.42233685960760275 0.41841227177415585 943.754030125454 61.04992385820206 -712.0220883969617 313 121_1.jpg

314 0.5521279627952766 0.5942430745971238 -0.4140456829835626 0.413032750996298 925.723831655375 68.84040245883851 -734.4195540812207 314 122_1.jpg

315 0.5538834322563001 0.5984040320954588 -0.4097645343912232 0.4089239344902936 914.5055238450944 72.94251242788486 -747.8235993845677 315 123_1.jpg

316 0.5565019835123243 0.601228665118911 -0.40598970904259246 0.40497159250704506 904.1192070590752 73.33790831390046 -760.186495917154 316 124_1.jpg

317 0.5580624853513725 0.6021871857596961 -0.40417998834742674 0.40320638979279655 899.2845238214474 72.44905874873935 -765.9248461017105 317 125_1.jpg

318 0.5635566197676514 0.6064865121794597 -0.396581070147028 0.39661253341452934 879.7808672224668 71.16545020435646 -788.1659468042733 318 126_1.jpg

319 0.5650958814154173 0.6073198817205107 -0.3948344037568037 0.3948860591162045 874.9753823609365 70.080082034556 -793.5478225249495 319 127_1.jpg

320 0.5701391202750128 0.6107099127699407 -0.3882858929672698 0.38885582328052637 857.3005018964915 67.76695283004152 -812.6461630604095 320 128_1.jpg

321 0.5710641480440576 0.6116175233496861 -0.38700574146702466 0.3873451949125858 853.3386434023018 67.68566083917158 -816.7772085963697 321 129_1.jpg

322 0.5724286243467335 0.6138761146984995 -0.3840071659622574 0.38473378110170736 845.263426443182 69.35526841315031 -824.9276310131825 322 130_1.jpg

323 0.574556964476255 0.617052413148879 -0.3797604620563323 0.380673883340764 833.2316413284537 71.22946010676618 -836.8306335336712 323 131_1.jpg

324 0.5769277780570767 0.6183056814216698 -0.3772065552860415 0.3775812996919307 825.0868833206562 69.28016792117545 -844.9682520758176 324 132_1.jpg

325 0.5789836853895987 0.6195700166688228 -0.37441406470107286 0.3751333025095129 817.4209111064083 68.1650660036403 -852.4265629194667 325 133_1.jpg

326 0.5800907449978855 0.6198990185711205 -0.37299168643572855 0.3742955198665767 814.0775273345804 67.11528680177521 -855.6779258242249 326 134_1.jpg

327 0.5821367988850715 0.6207205092406776 -0.370667062456799 0.3720601101992571 807.3573029919761 65.18355990323155 -862.1245645420458 327 135_1.jpg

328 0.5852560580679249 0.6225605483108354 -0.366454722123099 0.3682453622455932 795.4764605450625 63.28372959980238 -873.1828633421148 328 136_1.jpg

329 0.5865929171833905 0.6238917340689115 -0.3643009891671315 0.3659954138546223 788.8804187400494 63.2767735886419 -879.1142138361517 329 137_1.jpg

330 0.5872605556475643 0.6255593857492041 -0.36204987182771753 0.36430809075715836 782.8705489400816 65.1216682880637 -884.3055358302488 330 138_1.jpg

331 0.5878415069957669 0.6262066311509862 -0.3611548654997038 0.3631456744632509 779.7628662034797 65.16232941319365 -887.0285428796251 331 139_1.jpg

332 0.5894059254188543 0.6269248591804034 -0.3590426809980829 0.361461241690564 773.9975476390986 63.927123421925806 -892.1241203141298 332 140_1.jpg

333 0.5908577705946085 0.627677206496282 -0.35707795663226277 0.35972733043281624 768.3650537287276 62.8673781142183 -897.0301770975252 333 141_1.jpg

334 0.5923216954881915 0.6285276509055779 -0.3551874214957471 0.35770084807323627 762.2780662117274 61.839477611954536 -902.2380729405318 334 142_1.jpg

335 0.5923216954881915 0.6285276509055779 -0.3551874214957471 0.35770084807323627 762.2780662117274 61.839477611954536 -902.2380729405318 335 143_1.jpg

336 0.5929461142654698 0.6290627497022171 -0.35441285161568553 0.35649192574896277 759.1574008233514 61.57840228226373 -904.859481386948 336 144_1.jpg

337 0.5930000816794995 0.6294990588973003 -0.35402779422087977 0.356014267824505 757.7728165215823 62.18623664695943 -905.966830712056 337 145_1.jpg

338 0.5931180167920888 0.6301061968412724 -0.35304177152865795 0.3557227943423837 755.6259082672204 63.19585924813572 -907.6629499117254 338 146_1.jpg

339 0.5945602069542388 0.6297133716547155 -0.35213011102107794 0.3549135314102099 752.8093302365759 60.211808000727544 -910.1638381988861 339 147_1.jpg

340 0.5966456799978691 0.6282494216918783 -0.3517004926970135 0.3544338585975935 751.345160193072 54.355664359724464 -911.7064344824254 340 148_1.jpg

341 0.596642819150749 0.6284979426510764 -0.3518289021718651 0.3538701824620874 750.514599303522 54.57895688741157 -912.3506926498584 341 149_1.jpg

342 0.5961046166449501 0.6290893459194725 -0.35218908454098335 0.35336769744187335 750.2109691860885 56.20111696615728 -912.4913495309678 342 150_1.jpg

343 0.5957494946695675 0.6298705699249915 -0.3528960807466347 0.35186639643050016 748.8943491780668 57.468525705855896 -913.4717751150683 343 151_1.jpg

344 0.5949491715383366 0.6309633245299076 -0.3532093428076741 0.3509471848261284 747.7120335154309 60.25582950037546 -914.2301182301102 344 152_1.jpg

345 0.5953812348175891 0.6303661252454082 -0.35345038025083053 0.35104495733554775 748.0424435979417 58.51898016265883 -914.0434901851613 345 153_1.jpg

346 0.5964126034658147 0.6295055541092073 -0.35356492284825225 0.35072298057597867 747.5886232150533 55.28631607929058 -914.5866112100769 346 154_1.jpg

347 0.5967733729224308 0.6293144304968802 -0.3536589608280501 0.35035728673055533 747.1149064187376 54.25502176347274 -915.0223401599434 347 155_1.jpg

348 0.5965170792388442 0.6297134573281135 -0.3540356246306266 0.34969574250859115 746.524362032999 55.05655179972872 -915.4340194112054 348 156_1.jpg

349 0.5956224135634023 0.6303156032790536 -0.3547660705228888 0.3493955007289287 746.902112012748 57.238748978969724 -914.9599462721742 349 157_1.jpg

350 0.5963981759858744 0.6299718904850536 -0.3552870604888299 0.3481605054118232 745.730811378849 54.92977498237822 -916.0317829030137 350 158_1.jpg

351 0.5976454290204204 0.6292340410780406 -0.3561171670069628 0.3465040058679428 744.4175988345451 51.00251221016004 -917.298772690738 351 159_1.jpg

352 0.5975263427420742 0.6291836276259358 -0.3563662459508359 0.34654484731944546 744.7609534038819 51.05552273684341 -917.0041097177176 352 160_1.jpg

353 0.5966970093052554 0.6293072827820639 -0.35595127054638737 0.34817196314469684 746.288561991187 53.16134151138546 -915.6150833872488 353 161_1.jpg

354 0.5958292628927427 0.6308305158750944 -0.3543258748141698 0.3485592118401498 744.0273838125597 57.67228210649871 -917.1545845333668 354 162_1.jpg

355 0.5959437500836376 0.6311364001037957 -0.3540423242726827 0.34809757802068797 742.7257550022533 57.95428057662354 -918.1721667149544 355 163_1.jpg

356 0.5962949971535507 0.6305319430083124 -0.35497038096389183 0.3476460467978295 743.3168058650059 56.003645995667064 -917.7885573218094 356 164_1.jpg

357 0.5964551824092668 0.630297933848944 -0.3554495185776587 0.34730587341101987 743.4714514520622 55.13271858499754 -917.7030976333631 357 165_1.jpg

358 0.5971055348166955 0.6305931136307511 -0.35534922117658563 0.3457516975257484 740.6884805739028 54.19742942521009 -919.9677359929758 358 166_1.jpg

359 0.596981067464038 0.6307823529024741 -0.35507787442120936 0.34590017556056846 740.3920921659308 54.830672172416065 -920.1597080505911 359 167_1.jpg

360 0.5964560645227075 0.6314277196710633 -0.3543884769968872 0.34633510549309254 739.7644256669564 57.0671796398851 -920.511884916494 360 168_1.jpg

361 0.5971338056559689 0.6316330709638358 -0.35347436694849377 0.3457264145505448 737.2972761646568 56.39982750308345 -922.514546760009 361 169_1.jpg

362 0.5977857294264168 0.6316277070793365 -0.3529925746421734 0.3451012946821793 735.5551342298103 55.299796714853414 -923.9627671561186 362 170_1.jpg

363 0.5984786151424576 0.6320650700328628 -0.35208730720719217 0.3440227064673298 732.3950014234181 54.87212639212628 -926.4806826225798 363 171_1.jpg

364 0.5999631458633468 0.6325730410982443 -0.3506758585616059 0.3419386107235567 726.88957259011 53.15737407571727 -930.8868809274607 364 172_1.jpg

365 0.6008936112049035 0.6337158925136595 -0.3490474922584608 0.33984832460500075 721.1043914760252 53.46529152446579 -935.3543252315169 365 173_1.jpg

366 0.6021441841467208 0.6349640561949502 -0.3469102756757158 0.3374852433356676 714.0943885241857 53.49539970373573 -940.7153160372249 366 174_1.jpg

367 0.6027083355621506 0.6356742851676661 -0.3455630801329521 0.33652195035317606 710.4623222708009 53.87423991909319 -943.4413381878406 367 175_1.jpg

368 0.60405401243386 0.6371347766630383 -0.3421452331576467 0.3348352816783109 702.4055966388532 54.56167746420773 -949.4212297372396 368 176_1.jpg

369 0.6070552486925229 0.6391407623192676 -0.33672655386092804 0.33105624733834627 687.9282834200234 53.421979220650236 -960.0397500162848 369 177_1.jpg

370 0.608652375853129 0.6409317036731473 -0.33331513168337534 0.32810038035008793 677.8854950174738 53.92449810139648 -967.1460535584872 370 178_1.jpg

371 0.6100717599353379 0.6428072139295441 -0.33007400586662217 0.3250576627318572 667.9325291333611 54.80013186626898 -974.0170629749805 371 179_1.jpg

372 0.6107665724330645 0.6438028814863758 -0.3283696502056313 0.3235048942628798 662.75488301878 55.36883201267257 -977.5274818045244 372 180_1.jpg

373 0.6145021980969286 0.6475280884766086 -0.32065730330052233 0.3166596232674908 639.5383357983088 55.67527705227479 -992.9097503611857 373 181_1.jpg

374 0.6154432704889828 0.6483544111577734 -0.3186843757953677 0.3151291909138197 633.9066542249507 55.59637362999948 -996.5338027581838 374 182_1.jpg

375 0.6183577208653369 0.6527656640373174 -0.30999845098592094 0.308920179474368 609.8152168614574 58.597447867511704 -1011.3600242349561 375 183_1.jpg

376 0.6190103692021309 0.6540497495420687 -0.3077430527415939 0.3071470355277472 603.2719167696876 59.741006684002436 -1015.2325382420985 376 184_1.jpg

377 0.6212985328759144 0.6557869714510198 -0.3036884312217782 0.302828198593511 589.7207932063125 58.8293454484095 -1023.2589191189979 377 185_1.jpg

378 0.6258004936596608 0.6574368107021499 -0.2978257665278708 0.2957201292796902 568.6817759064589 53.99399683186745 -1035.4261037332374 378 186_1.jpg

379 0.6291680300693487 0.6574054449548312 -0.29419270880417653 0.29226070719283537 557.0967921222762 48.38871864438004 -1042.0160462531271 379 187_1.jpg

380 0.6323296149024538 0.6579473834150117 -0.289610125076738 0.2887740885669804 543.840065596721 44.166451604907486 -1049.2256515749882 380 188_1.jpg

381 0.633433218855359 0.6588315504594393 -0.2870387841724336 0.2869008221503756 536.5162307062661 43.87771458715097 -1053.0266297385972 381 189_1.jpg

382 0.6351531570378266 0.6610626632331686 -0.28195376080378537 0.28298180003765955 521.6237282882494 44.840924346555994 -1060.4977523536365 382 190_1.jpg
