1 0.5545152009191755 0.5618504496246959 0.43288352065015023 -0.4352571903548805 -720.7742992137938 6.9863966434177485 160.47163170986744 1 000_0.jpg

2 0.5565795903190974 0.5638795070044471 0.4303860643954555 -0.4324660643274085 -722.289602907142 6.726246996517209 152.87712351908303 2 001_0.jpg

3 0.5585460742095452 0.5646142426047118 0.4286342309386933 -0.4307084119222745 -723.2567508002294 6.183982993250796 147.84788267336722 3 002_0.jpg

4 0.5603760107244469 0.5655044887028223 0.42686496962610565 -0.42891688888130497 -724.2012241022272 5.751316659747989 142.73628271609493 4 003_0.jpg

5 0.5610454395620917 0.565851922249339 0.4264372298104008 -0.4280080675231936 -724.5491913654331 5.157980370107719 140.75203516453286 5 004_0.jpg

6 0.5616220414957621 0.5672780782647966 0.4254299429901177 -0.4263632583065255 -725.2171427811504 4.963722241027797 136.8358206986442 6 005_0.jpg

7 0.5628506968577242 0.5691470323053601 0.4231828214693148 -0.42448444998379614 -726.2134539419183 5.628116078291709 130.77234205869235 7 006_0.jpg

8 0.5639217111405148 0.5701060692903414 0.4228814596672154 -0.42206947832364694 -726.8574677396163 3.619708025676387 126.77604210101919 8 007_0.jpg

9 0.5648746197367558 0.5711083736056556 0.42347957964089267 -0.41882804968379495 -727.460767585229 0.08529931515200137 122.86618801972324 9 008_0.jpg

10 0.5661419017152779 0.5724999531519414 0.42289499012455134 -0.41579679903865213 -728.2442589700211 -2.0953318021160157 117.46677831434508 10 009_0.jpg

11 0.5661419017152779 0.5724999531519414 0.42289499012455134 -0.41579679903865213 -728.2442589700211 -2.0953318021160157 117.46677831434508 11 010_0.jpg

12 0.5664343489779109 0.5739508706009387 0.41887684708835066 -0.41746222991753107 -728.743425703098 3.759621620867228 113.7189989522468 12 011_0.jpg

13 0.5675607460377508 0.5738445698318128 0.41738858075409957 -0.4175691342612527 -729.0299235392605 4.660973976199966 111.43116226223252 13 012_0.jpg

14 0.5692144281393678 0.5732378290755606 0.4169753487060615 -0.41656318210587134 -729.3270072917103 3.0352304727115373 109.08581078393598 14 013_0.jpg

15 0.5702564388834482 0.572840898211808 0.41699974654920147 -0.4156586467592835 -729.504920501256 1.4861807103141493 107.7050183918818 15 014_0.jpg

16 0.5700408896153883 0.573753060996023 0.41741315388158357 -0.41427897379763323 -729.7006765287206 0.37904547732953314 105.97358144520092 16 015_0.jpg

17 0.568814500595192 0.5753823466939167 0.4171001570514214 -0.4140201420381902 -729.8191473559787 1.8192642834469737 104.7475135757996 17 016_0.jpg

18 0.5683673472505899 0.5760492527032416 0.4167454935370965 -0.41406401758168515 -729.8818295007287 2.7324318889685766 104.10692792878764 18 017_0.jpg

19 0.5673081013975089 0.577149356775894 0.41590984162619976 -0.4148242298858578 -729.8942773574453 5.2604317371786165 103.5300908952927 19 018_0.jpg

20 0.5660347860723675 0.5786415304465189 0.4142615912912537 -0.4161321114494265 -729.9303849927876 9.341493047774303 102.65157451504385 20 019_0.jpg

21 0.5660755619468473 0.5785972470548136 0.41424314988387945 -0.4161565770733824 -729.9348465953583 9.342761860471702 102.41649472074691 21 020_0.jpg

22 0.5670228228148445 0.5779046399161643 0.4139733827977648 -0.4160978056964846 -730.014782876721 8.746676641000832 101.49199415976919 22 021_0.jpg

23 0.5688885272355035 0.5766778433749236 0.41400449542092405 -0.4152213702490913 -730.2021795404894 6.410608811771532 99.88950867978104 23 022_0.jpg

24 0.568317988084692 0.578568361122241 0.4120255404897019 -0.41534114883052564 -730.514686254045 9.565852637306586 96.85329104493186 24 023_0.jpg

25 0.568317988084692 0.578568361122241 0.4120255404897019 -0.41534114883052564 -730.514686254045 9.565852637306586 96.85329104493186 25 024_0.jpg

26 0.568192360803114 0.5794985353152178 0.4101024278662736 -0.4161188380146818 -730.6793665082115 12.578960342347711 94.95458336304237 26 025_0.jpg

27 0.5695911100392425 0.5801223825356613 0.40815094771547905 -0.41525509331538324 -731.1501610334491 13.215705222331477 90.6956435190611 27 026_0.jpg

28 0.5704832122240069 0.5819213809011644 0.40724511273658465 -0.4123928093127076 -731.7687287221881 11.90178206053798 85.47333057044106 28 027_0.jpg

29 0.5706207150050484 0.5832235740616709 0.40643924768251277 -0.411156174961694 -732.0729429305271 12.10795783744047 82.6722732119708 29 028_0.jpg

30 0.5704624177003554 0.5855641029445278 0.40382410081531644 -0.4106256286874172 -732.4736042764063 15.298422341424157 78.30944759918324 30 029_0.jpg

31 0.5683602298713534 0.5907473960818115 0.39784637931323097 -0.41194953767481574 -732.817234340322 25.69065041190006 72.00611400563203 31 030_0.jpg

32 0.568742517174588 0.5935096361540364 0.39464807239829974 -0.4105254680315498 -733.282888336756 28.577098567846527 65.84553131116 32 031_0.jpg

33 0.5751435000840632 0.5903494313573597 0.3955621018322455 -0.40525069623771337 -734.1163073822826 18.103054530964606 59.65686864645391 33 032_0.jpg

34 0.5778435377764416 0.5887769868169395 0.3954558574303238 -0.40379842801677535 -734.3607175009193 14.68727653747321 57.40833525753013 34 033_0.jpg

35 0.5815429455465247 0.586961306977169 0.3953152032123709 -0.40126065930500476 -734.714211805687 9.66792971465961 53.566247920776455 35 034_0.jpg

36 0.5808924018807515 0.5902271887810471 0.39236165647066407 -0.40031014675177823 -735.025544480812 13.531885776155015 48.14606269621842 36 035_0.jpg

37 0.5787073663565225 0.5931917360656778 0.38775843845090474 -0.40356504035681895 -734.917692224605 23.313194030132824 46.20204482100273 37 036_0.jpg

38 0.5778732833812269 0.5938805459752463 0.3852380897482011 -0.40615265562778274 -734.7387097694641 28.7077813137904 45.96531789059786 38 037_0.jpg

39 0.5782827538289361 0.593796005279525 0.3852367817629093 -0.4056944450138019 -734.8071946438627 28.03911557681143 45.20223363836443 39 038_0.jpg

40 0.5797442577920386 0.594560644078795 0.38806108057761307 -0.3997534662897898 -735.3107491669391 19.81680451813757 40.90595981800755 40 039_0.jpg

41 0.58101720998897 0.5948895711380556 0.3937834172496445 -0.3917397352158776 -735.7029800584257 7.028250258705546 37.445278105275946 41 040_0.jpg

42 0.5809333414902036 0.5950992449365049 0.39445526375971274 -0.39086875842574537 -735.7353072158966 5.811495184575397 36.84273002440052 42 041_0.jpg

43 0.5806193541840027 0.5962419384479718 0.39189493866211256 -0.39216714986568646 -735.7854332578365 10.063888731108575 34.96116006670453 43 042_0.jpg

44 0.5801614640408128 0.5968102661319846 0.39056004790288734 -0.39331034929630915 -735.7615246252892 12.833976371630795 34.57683750466484 44 043_0.jpg

45 0.5793103313747585 0.5976889478656461 0.3884223088272074 -0.3953423472979665 -735.6860649074888 17.493956135341378 34.15996400119184 45 044_0.jpg

46 0.5796122810203097 0.5977453304724868 0.38828054493930303 -0.3949535947556483 -735.7373379476322 17.15581708003982 32.9956682396643 46 045_0.jpg

47 0.5797080667514055 0.5979541393662108 0.38789453039645794 -0.3948762310479998 -735.7622841501276 17.502169522159257 32.10808905413477 47 046_0.jpg

48 0.5800587305963069 0.5978186593034095 0.3879836186832035 -0.39447868292362964 -735.8009612367225 16.81522893854915 31.39931164211819 48 047_0.jpg

49 0.5800310248695966 0.5979413586240725 0.3878645274428605 -0.3944505674822264 -735.8080593409827 16.98115503577177 31.070191743226594 49 048_0.jpg

50 0.5803077576228672 0.5980666528425507 0.38809165990636707 -0.3936293290794628 -735.8654466680152 15.975714167575026 30.02155251238176 50 049_0.jpg

51 0.5803082259697081 0.598245674457378 0.3885169558209378 -0.39293644639376296 -735.9037665288906 15.085148626831788 29.258583731406766 51 050_0.jpg

52 0.5798292878211503 0.5985794136267197 0.38828749799356543 -0.3933617946229744 -735.8762555630148 16.109452452503824 29.243571843068978 52 051_0.jpg

53 0.5789831409471276 0.5997771459818604 0.3875547870089369 -0.3935062702464984 -735.8695804417955 18.00585991930725 28.27652426022305 53 052_0.jpg

54 0.5786183675480524 0.6002641842308682 0.3874056954699889 -0.39344697353403457 -735.8696518525221 18.551103183561914 27.901872474286037 54 053_0.jpg

55 0.5782216349929361 0.6010268521621489 0.38723626748505136 -0.39303248841590693 -735.8942623241462 18.97304396991959 26.944294677283192 55 054_0.jpg

56 0.5768229007520337 0.6023342674626501 0.38595175755798816 -0.39434757796408776 -735.7991399557602 22.75832578365111 26.693782144818954 56 055_0.jpg

57 0.5766371657237002 0.6024095990259056 0.38530142695368097 -0.39513929758383026 -735.7568612859736 24.186459123411293 26.638842371445264 57 056_0.jpg

58 0.5764245758238784 0.6028735139673644 0.38437727621352674 -0.39564168647094555 -735.7299621085472 25.83344033306812 25.899936982945547 58 057_0.jpg

59 0.576581119046567 0.6028053431025993 0.3842824311171871 -0.39560958610811064 -735.7414490937596 25.77214037110402 25.615873256680114 59 058_0.jpg

60 0.5769559132527614 0.6024858508277796 0.3844925098347355 -0.3953456507867317 -735.7771875534563 24.980722034814015 25.283737427440094 60 059_0.jpg

61 0.5768262054501865 0.6026217598536268 0.38463851152246586 -0.3951857268559164 -735.7916352232953 24.861274135253684 24.913456096910927 61 060_0.jpg

62 0.576626093008232 0.6028554486168503 0.3838787670121755 -0.39585950686101984 -735.7513340282676 26.376838407380156 24.603200076981775 62 061_0.jpg

63 0.5766544731078429 0.6028758099071606 0.38308477167981186 -0.39655571384173477 -735.7152848500323 27.702495158708093 24.266117688220245 63 062_0.jpg

64 0.5766960667075343 0.6028939941212407 0.3829218586589447 -0.3966249218818398 -735.7142865092156 27.899426958688558 24.04312851582502 64 063_0.jpg

65 0.5770559221944362 0.603030466612974 0.3824405667242738 -0.39635833777086577 -735.7481298176754 27.9829897452049 22.887980470539258 65 064_0.jpg

66 0.5775822297238861 0.6031174969625865 0.38164967274831446 -0.396221629969734 -735.7814320084298 28.34223299039985 21.411768253703258 66 065_0.jpg

67 0.577428913704496 0.6038279064498951 0.38061262882501135 -0.396360613317338 -735.7628274170577 29.87136549119016 20.128128385281475 67 066_0.jpg

68 0.5771886205041342 0.6050578881054128 0.3790908318971885 -0.39629331255201583 -735.7380011489752 31.987660184802472 18.02206991662906 68 067_0.jpg

69 0.5771646256160625 0.6055004454591056 0.3785197929160466 -0.39619814721561775 -735.7325083827086 32.67490235371502 17.122077473237628 69 068_0.jpg

70 0.5775385540683189 0.6062490024899191 0.3775997759670232 -0.39538560258854555 -735.7737454953271 33.00232827516864 14.784173026148082 70 069_0.jpg

71 0.5779526383645514 0.6074679499156397 0.37574425428477765 -0.3946766942761132 -735.7789834985447 34.49805375448751 11.352471451679854 71 070_0.jpg

72 0.5785075519923142 0.6079351977378442 0.37449193114654306 -0.39433437733152427 -735.7810248633073 35.27625208798686 9.217003185654624 72 071_0.jpg

73 0.5788581816942929 0.6087684287525991 0.3729426376567722 -0.3940025312828308 -735.7526509876145 36.64311761095863 6.746968168972578 73 072_0.jpg

74 0.5788997747794896 0.6093380908656553 0.3721397627006121 -0.3938199319455363 -735.7263028729313 37.4961203614244 5.468336980309348 74 073_0.jpg

75 0.5789629706238159 0.6104443226976726 0.3705553975602293 -0.3935076935354719 -735.6625745261694 39.222026677037995 3.0099593702379406 75 074_0.jpg

76 0.5790662888806415 0.6120946801966861 0.3681893504150075 -0.3930126433053941 -735.546427136417 41.76910578348123 -0.6715257656365327 76 075_0.jpg

77 0.5790552350449291 0.6131436489508665 0.36707933764587475 -0.39243172704528423 -735.4880418980841 42.851163640338996 -2.841385560644973 77 076_0.jpg

78 0.5793444339248539 0.613861047354265 0.3664815639597787 -0.39144080612400434 -735.489027053974 42.77081858207731 -4.89624832540427 78 077_0.jpg

79 0.5794716747613141 0.6141792227011074 0.366435338156259 -0.3907961150035775 -735.5082954733047 42.36492755740754 -5.793473284653594 79 078_0.jpg

80 0.5797454667865397 0.6146897863748143 0.3664179290765853 -0.3896017986587957 -735.5490759402321 41.48824677184019 -7.381078010516926 80 079_0.jpg

81 0.5798933853624091 0.6151302013721283 0.36615675495859457 -0.38893152067041453 -735.551738675882 41.312332744837995 -8.636920477428417 81 080_0.jpg

82 0.580014431445132 0.6156848434358039 0.3653246478288844 -0.3886558047521117 -735.4984747494481 42.0618207961609 -10.04761308699857 82 081_0.jpg

83 0.5800968013166615 0.6163586906969643 0.3644550533021339 -0.3882810575176705 -735.4370219730592 42.8489444236881 -11.614727270516036 83 082_0.jpg

84 0.5801276502524257 0.6166185690710697 0.3641124800436638 -0.3881437253979488 -735.4111854782382 43.165864857961076 -12.225344321472962 84 083_0.jpg

85 0.5803195793197762 0.6168158745116846 0.3638822731833601 -0.3877590154611679 -735.4073022750949 43.04504309015057 -13.041156571682267 85 084_0.jpg

86 0.5808564450082956 0.6169611599099865 0.36357647954731853 -0.38701015616496054 -735.4207220857004 42.45457135364486 -14.431816230743483 86 085_0.jpg

87 0.5811958582400322 0.6170388303188795 0.3632139082571649 -0.38671709697386963 -735.4109371090565 42.37733038175416 -15.287062675029107 87 086_0.jpg

88 0.581317084226842 0.6171557450916046 0.3629189019283026 -0.3866252766046006 -735.3922625466143 42.5585118735895 -15.79408379666534 88 087_0.jpg

89 0.5814218900775199 0.6171815625632172 0.36281188082969285 -0.3865268990633519 -735.3893637124177 42.52454662369138 -16.065316298990616 89 088_0.jpg

90 0.5815985552842478 0.6171657837016339 0.3627181722070744 -0.38637422723310977 -735.3929987347318 42.36776788462102 -16.39276841880087 90 089_0.jpg

91 0.581721946656948 0.6171867856371691 0.3626600719503798 -0.38620942586303536 -735.3971664469566 42.2204810041268 -16.694661790129384 91 090_0.jpg

92 0.5815600510909243 0.6173457575984651 0.3627155362990061 -0.3861470733770007 -735.3938446635178 42.30105724006195 -16.703718569695535 92 091_0.jpg

93 0.5814590691650848 0.6174978067602488 0.3627249542457038 -0.386047169526481 -735.3898380462977 42.35164708841178 -16.817093403505186 93 092_0.jpg

94 0.5814683129491903 0.6174892379833355 0.3627232959473803 -0.38604851066653695 -735.3903980058753 42.34423303622624 -16.822211527806925 94 093_0.jpg

95 0.5816417175100398 0.6172103112580519 0.36276524886185607 -0.3861938869880066 -735.4043697463537 42.17410520389504 -16.61569408640858 95 094_0.jpg

96 0.5821662964538922 0.6165704904996067 0.36268288328375553 -0.3865027292157394 -735.427157289422 41.848843638291754 -16.38612024703163 96 095_0.jpg

97 0.5823527545209725 0.6164335050241371 0.362564723022799 -0.38655119299375384 -735.4274546835054 41.81077216377538 -16.482295610937566 97 096_0.jpg

98 0.582216548956243 0.616556431171534 0.3625569387931397 -0.38656761819305535 -735.4188496419357 41.979158393586246 -16.456595319672545 98 097_0.jpg

99 0.5821763958134126 0.6165856113480269 0.362580747628404 -0.3865592186011247 -735.4187681452217 41.99033253608835 -16.43348963049412 99 098_0.jpg

100 0.5822891744415876 0.6165068884584101 0.36255005060273554 -0.38654370337572125 -735.422875333259 41.89516749863433 -16.497336474118043 100 099_0.jpg

101 0.5822804376417637 0.6165318931809424 0.36256706760557633 -0.3865010195566535 -735.4243182045537 41.86270105509262 -16.526093284944682 101 100_0.jpg

102 0.5822730331563829 0.6165637850198421 0.3625949756975884 -0.3864351141650264 -735.426804870165 41.80387535995289 -16.57095507207391 102 101_0.jpg

103 0.5823468871513118 0.6165142359725099 0.3625725480110715 -0.38642392174549567 -735.4293100044183 41.743879263338584 -16.617607138213558 103 102_0.jpg

104 0.5823445530768302 0.6165110019139586 0.36256344952991576 -0.38644113534374425 -735.428374638325 41.76617509108477 -16.60744368568944 104 103_0.jpg

105 0.5823227153048245 0.6165402599732963 0.36254384244340304 -0.38644575994368147 -735.4254486821529 41.81657018974999 -16.62321989869759 105 104_0.jpg

106 0.5823660317560967 0.6165168075138766 0.36253518898829296 -0.38642601860482567 -735.4274946830742 41.76930255578285 -16.661199586677817 106 105_0.jpg

107 0.5823692309977901 0.616513328629525 0.3625302180923441 -0.38643141096332123 -735.4273576766731 41.77452830520402 -16.660923118460083 107 106_0.jpg

108 0.5823729446091135 0.6165165908714445 0.3625327584837866 -0.38641822627005973 -735.4279842997528 41.760727539151524 -16.674106348808856 108 107_0.jpg

109 0.5823568405514066 0.6165362352377414 0.3625322892502519 -0.38641159422671006 -735.4270815484668 41.7758089489697 -16.68119868789086 109 108_0.jpg

110 0.5823496714838668 0.6165433469918732 0.3625381909861637 -0.3864055142970542 -735.4273457548464 41.77351305292414 -16.680824722305744 110 109_0.jpg

111 0.5823808166525594 0.6165347053451652 0.362560199521647 -0.3863517092273203 -735.4315199581217 41.68528062802576 -16.722152587315264 111 110_0.jpg

112 0.5823719538795971 0.6165531717519263 0.3625410323527606 -0.3863535862363578 -735.4293678971763 41.71940427413904 -16.741964080017073 112 111_0.jpg

113 0.5823799932054453 0.6165425607329083 0.36255295772456725 -0.3863472106332614 -735.4310585556767 41.6927806864602 -16.736114080533056 113 112_0.jpg

114 0.5823922467510168 0.616542195902371 0.3625491775674022 -0.3863328687044186 -735.4315283760302 41.676647353331326 -16.759001376602 114 113_0.jpg

115 0.5824050920329955 0.6165413529794112 0.3625472661149016 -0.38631664301834834 -735.4322605201844 41.656639782765076 -16.781965245022565 115 114_0.jpg

116 0.5824031698301128 0.6165359253002741 0.3625605635970761 -0.386315723612361 -735.433516233415 41.64210419627623 -16.766997105814188 116 115_0.jpg

117 0.5823933114126904 0.6165303795352316 0.36257461640427785 -0.38632624745310185 -735.4342868962892 41.64115933928763 -16.736650536279758 117 116_0.jpg

118 0.5823822708381291 0.6165268590923073 0.3625945883364351 -0.3863297647610513 -735.4355421467916 41.630798452192224 -16.707581808960757 118 117_0.jpg

119 0.5823784635712113 0.6165343377664245 0.3625937256118923 -0.3863243788194573 -735.4353023147107 41.633371182749144 -16.714763163670433 119 118_0.jpg

120 0.5823936925035444 0.6165331641429489 0.3625950428655699 -0.38630205711759585 -735.4364671441867 41.60373699491965 -16.741454432647387 120 119_0.jpg

121 0.582418741916744 0.6165074079179572 0.36260488305581323 -0.38629616077626033 -735.4389745114846 41.5610641097425 -16.739061554137407 121 120_0.jpg

122 0.582418734099793 0.6165106997336284 0.3626017261040939 -0.38629388230967143 -735.4387773136774 41.563785385907465 -16.745569907709758 122 121_0.jpg

123 0.5824114256447482 0.6165243375442443 0.3626106875299573 -0.3862747231998674 -735.43929646602 41.55136296544277 -16.757280174169168 123 122_0.jpg

124 0.5823966362363517 0.6165424719749397 0.3626179763193169 -0.386261234919706 -735.4391691160555 41.552098344137974 -16.763483120406743 124 123_0.jpg

125 0.5823849442007524 0.6165585366240521 0.3626128202891208 -0.3862580617233296 -735.438102922152 41.56974382409191 -16.772398963186316 125 124_0.jpg

126 0.5823842496038767 0.6165856162758542 0.3625952864003471 -0.38623234185565714 -735.4366461290662 41.57902104820193 -16.82422552484136 126 125_0.jpg

127 0.5824013807212463 0.6165763008748624 0.36259328549017045 -0.386223259593335 -735.4375600166809 41.557951796721625 -16.839076245045554 127 126_0.jpg

128 0.5824016237591271 0.6165883675118193 0.36258733358405865 -0.3862092168970652 -735.4371357458572 41.55791291717227 -16.863093035941272 128 127_0.jpg

129 0.5824012670174694 0.6165902366447076 0.3625899178773615 -0.38620434449208124 -735.4373968854211 41.55271959187852 -16.86583210113809 129 128_0.jpg

130 0.582412158194926 0.6165814975873287 0.3625905103192197 -0.38620131621492876 -735.4381607223032 41.538426466911034 -16.869737286264137 130 129_0.jpg

131 0.5823992097369156 0.6165816798303067 0.3625968289682235 -0.386214619373273 -735.4380396811639 41.551722442577756 -16.844991729212694 131 130_0.jpg

132 0.5823863254645022 0.6165762355222727 0.36260960336560333 -0.3862307461196967 -735.4384671742737 41.55848761706669 -16.80916236902731 132 131_0.jpg

133 0.5823956212179288 0.6165572509839693 0.36262018070617147 -0.38623710488493584 -735.4400149008464 41.538486920542766 -16.789730246353937 133 132_0.jpg

134 0.5823879489267938 0.6165604836523808 0.3626240149797533 -0.3862399133998819 -735.4399361379897 41.54371325955925 -16.781085681823228 134 133_0.jpg

135 0.582392580241833 0.6165496514715327 0.3626298887346137 -0.38624470681928225 -735.4407840027312 41.533827654188876 -16.76873848807541 135 134_0.jpg

136 0.5824165408206726 0.61654966614853 0.36261123225170905 -0.38622606902630924 -735.4406187969564 41.52072251872107 -16.815630127088163 136 135_0.jpg

137 0.582428054349871 0.6165499309815071 0.3625846897369795 -0.38623320271729755 -735.4389124674447 41.54391028932788 -16.839759923193718 137 136_0.jpg

138 0.5824363906020784 0.616547259073137 0.36258977854538604 -0.38622011952542457 -735.4399449353808 41.52192899068776 -16.850175670120922 138 137_0.jpg

139 0.5824205953207797 0.6165708973566596 0.36259178046191337 -0.3862043234098393 -735.4392681328046 41.529069767153615 -16.865376674287955 139 138_0.jpg

140 0.5824161906126131 0.6165647280294262 0.3625973057492447 -0.3862156275005983 -735.4395329111977 41.53287100763059 -16.84475386296898 140 139_0.jpg

141 0.5824204273203948 0.616542360297786 0.36262080691027593 -0.38622288149992384 -735.4419671780857 41.503162161408966 -16.808342447378404 141 140_0.jpg

142 0.5824259865292302 0.6165343368690362 0.36263528406514495 -0.38621371341253835 -735.4436734574817 41.47476861763075 -16.802604915464986 142 141_0.jpg

143 0.5824432806985891 0.6165151357086125 0.3626160259943402 -0.38623636532999794 -735.4429205088585 41.49044488546155 -16.79988702359674 143 142_0.jpg

144 0.5824383394393584 0.6165164899627481 0.36260450803515676 -0.38625246809271974 -735.4415655214273 41.518021519563405 -16.79380665808803 144 143_0.jpg

145 0.5824248683983281 0.6165203559623103 0.362592494574712 -0.3862778873212703 -735.4396610457136 41.560310867073305 -16.776334690677917 145 144_0.jpg

146 0.5824084886594428 0.6165348655030969 0.362642649429467 -0.38623234040054 -735.4434376181772 41.49449516753838 -16.769836388622366 146 145_0.jpg

147 0.5824370542348853 0.6165101719400468 0.362630752369458 -0.3862398518855922 -735.4440443391024 41.48113852458927 -16.777574915345422 147 146_0.jpg

148 0.5824236813357978 0.6165324735958604 0.362623930346112 -0.38623082419890414 -735.4427043949802 41.49974413066022 -16.79538976483879 148 147_0.jpg

149 0.5824171086984552 0.6165518403627319 0.3626170100249938 -0.3862163172125092 -735.4417469870216 41.508196802176094 -16.820529354245814 149 148_0.jpg

150 0.5824509704068451 0.6165354678769157 0.3626041519324132 -0.3862034605273398 -735.4426230217675 41.47994821591816 -16.854399019246287 150 149_0.jpg

151 0.5824636042874389 0.6165231905050235 0.3626037373349433 -0.3862043952633417 -735.4433708438893 41.46693504745333 -16.854872935734804 151 150_0.jpg

152 0.5824537493196644 0.6165476580213963 0.3625810992513539 -0.38620145229850805 -735.4407774989471 41.503975255286214 -16.884552412183304 152 151_0.jpg

153 0.5824563789925001 0.6165463822485067 0.36257860936878383 -0.38620186060585243 -735.4407350420446 41.504304829682894 -16.88725116364414 153 152_0.jpg

154 0.5824682139682424 0.616530568606595 0.3625981641943089 -0.38619089711332044 -735.4432457350215 41.46187145775516 -16.878162605468468 154 153_0.jpg

155 0.5824744329343841 0.6165108816053191 0.36264054289306774 -0.3861731535078805 -735.4475289971637 41.39443409490764 -16.849481638939256 155 154_0.jpg

156 0.5824458542590699 0.6165202422932667 0.36268877350877116 -0.3861560193364558 -735.450323234377 41.3586928151068 -16.80996655843915 156 155_0.jpg

157 0.5824622137120508 0.6164936923383543 0.36267285356649404 -0.3861886821109808 -735.4497804337456 41.376346649313064 -16.791128380146638 157 156_0.jpg

158 0.5824665803312716 0.6164885201978938 0.3626843147462579 -0.3861795891789762 -735.451121980196 41.3529862408234 -16.78880210535908 158 157_0.jpg

159 0.582452585254425 0.6164955293965689 0.36270370803949353 -0.3861712940378696 -735.4520981677013 41.340681803238766 -16.77438309834811 159 158_0.jpg

160 0.5824400497818559 0.6164993378857413 0.3627030154149889 -0.3861847710687541 -735.4512982429702 41.36215435316939 -16.757868289767295 160 159_0.jpg

161 0.5824145854059694 0.616506685260944 0.3627225392052264 -0.3861931088037037 -735.4515992503633 41.3707154941476 -16.722245067315363 161 160_0.jpg

162 0.5823959513417107 0.6165318292524697 0.3627457516507339 -0.38615926641572523 -735.4527266663043 41.34609617986927 -16.73362753323992 162 161_0.jpg

163 0.5824197972744855 0.61652272598196 0.3627334329347665 -0.38614940725304703 -735.4530475688998 41.32978495796614 -16.762361986186562 163 162_0.jpg

164 0.5824186131359596 0.6165263074398464 0.3627291929058014 -0.3861494580098221 -735.4526061690586 41.33629238677798 -16.76725434289466 164 163_0.jpg

165 0.5824078109181345 0.6165374988965726 0.36273547751794205 -0.3861419785334613 -735.4525877057339 41.336844049073825 -16.76777957715633 165 164_0.jpg

166 0.5824308387256498 0.6165386999203156 0.3627285865849381 -0.3861117999698999 -735.4534087735576 41.304645692688965 -16.81441034537457 166 165_0.jpg

167 0.5824364280104305 0.6165302960176481 0.36277808970906866 -0.3860702773406428 -735.4583300440748 41.21730077948069 -16.80579354026874 167 166_0.jpg

168 0.5824610655418204 0.6165136236092121 0.36277654161343115 -0.3860611867141328 -735.4596592788821 41.18735987229718 -16.82079356006635 168 167_0.jpg

169 0.5824573625347413 0.6165148396285229 0.362777235565609 -0.3860641795119876 -735.4595102213916 41.19211235715446 -16.816021976999682 169 168_0.jpg

170 0.582454868466985 0.6165146296571674 0.3627781396691042 -0.38606742804336236 -735.4594589700422 41.19539854858891 -16.810801438520325 170 169_0.jpg

171 0.5824602523529756 0.6165103035482581 0.3628046558137534 -0.386041295417481 -735.4622534473166 41.14401713825517 -16.811093417456064 171 170_0.jpg

172 0.5824506382047622 0.6165005561167421 0.36281230356479655 -0.386064179566842 -735.4623511911942 41.1567931578299 -16.7735394785355 172 171_0.jpg

173 0.5824287850082717 0.6165249373972062 0.3628052159808831 -0.3860648743646908 -735.4604616997374 41.189980924641695 -16.779214011902628 173 172_0.jpg

174 0.5824344625996811 0.6165295646452769 0.3627949249984708 -0.386058590229359 -735.4598845786354 41.193100218639565 -16.799585884325513 174 173_0.jpg

175 0.5824570219548768 0.6165064056247876 0.36278645845350127 -0.3860694949899912 -735.4604177582958 41.183908895256124 -16.798583187705557 175 174_0.jpg

176 0.5824824309731905 0.6164942033651976 0.3627905167502344 -0.3860468310720483 -735.4623316388817 41.13948005042723 -16.823315025588947 176 175_0.jpg

177 0.5824571421921915 0.6165162540125427 0.36279136537761925 -0.3860489752027452 -735.4609545422356 41.16751974878254 -16.81743657194615 177 176_0.jpg

178 0.5824076716359401 0.6165299953571052 0.362804528249893 -0.386089294238967 -735.4591950264783 41.22642397349584 -16.748712806187307 178 177_0.jpg

179 0.5824099040187913 0.6165222383056167 0.3628154221858784 -0.3860880764793672 -735.460318192074 41.21005719646939 -16.737382588600678 179 178_0.jpg

180 0.5824314576874033 0.6165192889984293 0.36281919445812316 -0.38605672578230815 -735.461997675528 41.16589974369028 -16.772594035679155 180 179_0.jpg

181 0.5824496936524192 0.6165188062662033 0.36281432815862263 -0.3860345569597442 -735.4626865565298 41.14054668128782 -16.80674200517526 181 180_0.jpg

182 0.5824645152052507 0.616520751057534 0.3627835694558299 -0.38603799524794646 -735.4607723566376 41.16337069156293 -16.840649564781195 182 181_0.jpg

183 0.5824663466122271 0.6165236955361866 0.3627795609400206 -0.38603429649549814 -735.4605371726725 41.1643798799483 -16.850035932946525 183 182_0.jpg

184 0.5824763085167266 0.6165132916257263 0.3627916641115864 -0.38602450662708593 -735.4622351068741 41.13368771084469 -16.84826027077578 184 183_0.jpg

185 0.5824867087810519 0.6165005776749324 0.36281443097990557 -0.38600772076814716 -735.4649407440784 41.086001890431994 -16.842212308957972 185 184_0.jpg

186 0.5824873863789385 0.616493600185892 0.36284170394283144 -0.3859922065523256 -735.4674908490647 41.044222059696686 -16.828386151734694 186 185_0.jpg

187 0.5824827819472205 0.6165018929764021 0.3628142000282852 -0.38601176270856735 -735.4647128034788 41.09265684151836 -16.837265160916846 187 186_0.jpg

188 0.5824928896097145 0.6164991910746408 0.3628141477423451 -0.3860008745539759 -735.4653271126867 41.07607755435076 -16.851344107662463 188 187_0.jpg

189 0.5824918767014939 0.6164972771257773 0.36281999980525176 -0.3859999593453234 -735.4658038229169 41.06960396247901 -16.845364729026414 189 188_0.jpg

190 0.5824944216953968 0.616495199090867 0.3628286287966024 -0.38599132673835457 -735.4667582679733 41.05194018178407 -16.845684175933158 190 189_0.jpg

191 0.5825114996812407 0.6164909471553709 0.36280260927382124 -0.38599680247210966 -735.4654008417713 41.06750477350341 -16.871683806940798 191 190_0.jpg

192 0.5825264211976867 0.6164739612483232 0.3628098909246861 -0.3859945682993915 -735.4669337254377 41.040982490518054 -16.867009563983572 192 191_0.jpg

193 0.5825463089775267 0.6164642566078943 0.3628016885158901 -0.38598776280026736 -735.4673655946136 41.02555472260427 -16.88677298554764 193 192_0.jpg

194 0.5825480794638556 0.6164576084239454 0.36279846938951044 -0.38599873411428637 -735.4671589154176 41.03301348605909 -16.877556090518464 194 193_0.jpg

195 0.5825507109476389 0.6164544530187808 0.36279773155461614 -0.3860004954744758 -735.4672494745639 41.031881443988674 -16.87654709633626 195 194_0.jpg

196 0.5825617081884253 0.6164378164350338 0.36281282210162946 -0.38599628332413116 -735.4692660809652 40.99919076882905 -16.864580410120755 196 195_0.jpg

197 0.582557348169199 0.6164439184634897 0.36282948573974155 -0.3859774549909409 -735.4705640090007 40.974269511315754 -16.866972461537816 197 196_0.jpg

198 0.5825831297519224 0.6164277561013689 0.3628190949314102 -0.3859741219167917 -735.4711285887832 40.95672084189116 -16.88569741678077 198 197_0.jpg

199 0.5825816720421241 0.6164214512326652 0.36282929192985125 -0.3859768060110617 -735.4719612715722 40.94724364381829 -16.870152798439356 199 198_0.jpg

200 0.5825955783648504 0.6164039143649932 0.3628228805981638 -0.38598984927027535 -735.472165612923 40.94619327227239 -16.86334122300075 200 199_0.jpg

201 0.582616415938464 0.6163941575695188 0.3628218675071119 -0.38597493034112174 -735.473312404521 40.91687987513868 -16.88437953836607 201 200_0.jpg

202 -0.29222187544895595 -0.29955019224358853 -0.6381956774964669 0.6462061088079789 -284.06134337226257 9.55697898514116 681.0816860604864 202 000_1.jpg

203 -0.29525423832561876 -0.30265007675749883 -0.6368025239650839 0.644756086641404 -291.2074942682335 9.53977013973711 677.9097130056667 203 001_1.jpg

204 -0.2977550083515709 -0.3041061161140854 -0.6362248741381274 0.6434899647014599 -295.81661916604713 8.881476303170867 675.8278652315894 204 002_1.jpg

205 -0.30032892300992364 -0.30585675328375056 -0.6353835873589095 0.6422942327230917 -300.8238787144279 8.559728019047855 673.5257981155512 205 003_1.jpg

206 -0.30112156712359706 -0.306391391796965 -0.6353528275130869 0.6416984505333275 -302.4479537599422 7.983992443157859 672.7554138062533 206 004_1.jpg

207 -0.3020812938187243 -0.30837415243699995 -0.6347787628053175 0.6408651935664144 -305.97235263480337 7.707565150912653 671.0712950301596 207 005_1.jpg

208 -0.30420119667520096 -0.3109611249840387 -0.6333075205589969 0.6400674926079692 -311.56001383753835 8.43340712604633 668.3575959477565 208 006_1.jpg

209 -0.30530808253342967 -0.3129225428745105 -0.6334597381776782 0.6384318421010796 -315.2151115320924 6.577286559029683 666.577033890154 209 007_1.jpg

210 -0.30591639544136096 -0.3152854634860677 -0.6343074885301824 0.6361322547309426 -318.7804093506709 3.298352824652344 664.8185849493236 210 008_1.jpg

211 0.3072026119743457 0.3180523310803155 0.6346625095661861 -0.6337765922165852 -323.68139254089704 0.502169612821941 662.3354443415894 211 009_1.jpg

212 0.3072026119743457 0.3180523310803155 0.6346625095661861 -0.6337765922165852 -323.68139254089704 0.502169612821941 662.3354443415894 212 010_1.jpg

213 -0.3093987720510142 -0.31858897927116087 -0.6312215157530366 0.6358717324985623 -327.1277238410583 6.318856711727629 660.510785932393 213 011_1.jpg

214 -0.31105317311106495 -0.31848133693146197 -0.6302953396143515 0.6360372209111004 -329.16525017759585 7.476421451022423 659.4175425765146 214 012_1.jpg

215 -0.3126669251773656 -0.3184024306198192 -0.630558538220153 0.635023791643421 -331.20665224589584 6.156074398419657 658.3346810025599 215 013_1.jpg

216 -0.31367894218805825 -0.3183620383531319 -0.6311347575927843 0.6339716488311739 -332.43711064481977 4.460825691312828 657.691151160574 216 014_1.jpg

217 -0.3133740109191076 -0.3198420586544628 -0.6314256241566235 0.6330872514547775 -334.0806895753925 3.2503680902649124 656.7987839253485 217 015_1.jpg

218 -0.3122344482761465 -0.32197574976608895 -0.6301298574969127 0.6338593129103459 -335.73903950276537 5.439866731652604 655.8451687771322 218 016_1.jpg

219 -0.31169749262245794 -0.3225436583315391 -0.6290310291256472 0.6349253703862442 -336.172477526417 7.7122245682909085 655.5374488978346 219 017_1.jpg

220 -0.31169749262245794 -0.3225436583315391 -0.6290310291256472 0.6349253703862442 -336.172477526417 7.7122245682909085 655.5374488978346 220 018_1.jpg

221 -0.3112987861199034 -0.323307886089387 -0.6268484893235126 0.6368877828829161 -336.91465375408495 12.053998444555004 655.0386195789677 221 019_1.jpg

222 -0.3112675092580212 -0.3233556090336422 -0.6267771500415776 0.636949049746169 -337.1317638684357 12.196752824274256 654.8926786023046 222 020_1.jpg

223 -0.31219475325702595 -0.32279228031192336 -0.6269207815522978 0.6366395475209417 -337.92036594871536 11.72123803425031 654.4316416248146 223 021_1.jpg

224 -0.31410634352488687 -0.3221655619467945 -0.6276184570360103 0.6353279688795934 -339.88052278040595 9.61817109015441 653.3569063783796 224 022_1.jpg

225 -0.31432950670891646 -0.3235235859119252 -0.6259720078104349 0.6361513153398264 -341.8817716592372 12.222987598774672 652.2243692458301 225 023_1.jpg

226 -0.3150365685891514 -0.32404772349967037 -0.6242220211632136 0.6372534045740098 -343.51188103872937 15.207204447612838 651.2601308648808 226 024_1.jpg

227 -0.3154977594918755 -0.3242611912653566 -0.6235301795011643 0.637593882378136 -344.386715657866 16.2863656096224 650.7493063425983 227 025_1.jpg

228 -0.31709748950793726 -0.3249684327238648 -0.6230186981637477 0.6369398728444529 -347.14630147454835 16.14201146577207 649.2401378158185 228 026_1.jpg

229 -0.31832109326383423 -0.3277348587850446 -0.6226524684160158 0.635268012334878 -351.63386992134684 14.845161886359586 646.8122453513625 229 027_1.jpg

230 -0.31888539527889453 -0.32944177984750933 -0.6220649702847266 0.6346773913677646 -354.1524672049919 14.889702820684539 645.4187347304868 230 028_1.jpg

231 -0.31997517512828894 -0.331869277374063 -0.619799379984054 0.6350806237071166 -358.0823434702003 17.74280276408683 643.1501517181579 231 029_1.jpg

232 -0.3208135584124168 -0.3357449476981491 -0.6135927029529229 0.638637601239432 -363.2446464350498 28.06366639703201 639.8627878851436 232 030_1.jpg

233 -0.3224095152436178 -0.338972348118915 -0.6105062256230389 0.6390868486885298 -368.4196612241611 31.868702735865977 636.7099806651469 233 031_1.jpg

234 -0.3275635019570712 -0.3388228897794241 -0.6140986667671123 0.6330750579686387 -374.10249669323105 21.72122301048623 633.7817771580959 234 032_1.jpg

235 -0.3300443192099802 -0.33812404217718856 -0.615339204587463 0.6309520922832792 -376.16136986294674 18.098490145767673 632.6616290707618 235 033_1.jpg

236 -0.3335950170872487 -0.33754125287603015 -0.61702039801034 0.6277468403907739 -379.58997234130914 12.839943983833983 630.7150122238561 236 034_1.jpg

237 -0.33454990096795073 -0.3406696506954445 -0.6145481601625992 0.6279738145003677 -384.1642664339985 15.77447451920261 627.8645723894989 237 035_1.jpg

238 -0.33454990096795073 -0.3406696506954445 -0.6145481601625992 0.6279738145003677 -384.1642664339985 15.77447451920261 627.8645723894989 238 036_1.jpg

239 -0.3350921867606234 -0.34145894686197126 -0.6065013361974133 0.6350394815841369 -385.92292163203956 31.519767009492657 626.204069672384 239 037_1.jpg

240 -0.33543232273242835 -0.341517721936638 -0.606529937121325 0.6348009434816075 -386.4816094739701 31.22938437727503 625.8686730177559 240 038_1.jpg

241 -0.33559262132331236 -0.34461099261746264 -0.6094796621720271 0.6302026639734449 -390.1327019309376 23.5622190179261 623.9166809215795 241 039_1.jpg

242 -0.33412582544257174 -0.34891772274732985 -0.6152134731418071 0.6229997897190115 -393.5724456169622 10.480453483574822 622.0791338922343 242 040_1.jpg

243 -0.33361469611777456 -0.349521809032158 -0.6161375714837767 0.6220210869023706 -393.9813255913531 8.577478048749896 621.8373189036428 243 041_1.jpg

244 -0.3344808747097522 -0.3499654404158966 -0.6138098719718007 0.623605785763625 -395.53487192005133 12.64444949873423 620.7850068533742 244 042_1.jpg

245 -0.3347708046375987 -0.3499330945548932 -0.6124026324151002 0.6248506649661075 -395.90303411802563 15.388930707519798 620.4897622700952 245 043_1.jpg

246 -0.33499547827780746 -0.3497790003874611 -0.6100254509895342 0.6271376480218571 -396.1869556048224 20.22223157591483 620.1713159962956 246 044_1.jpg

247 -0.33528502228369844 -0.34993877950708113 -0.6099438705536031 0.6269731088359402 -397.05199935168315 20.142086147366346 619.6086008311715 247 045_1.jpg

248 -0.335578537757663 -0.35021903078768224 -0.6096203122481071 0.6269742820603454 -397.8816297268454 20.491136651141268 619.0576732342239 248 046_1.jpg

249 -0.33584793751653685 -0.3502612386142098 -0.6098646315610244 0.6265687183073089 -398.46374215200666 19.80979790754307 618.695504827949 249 047_1.jpg

250 -0.33585413046809176 -0.3504261766547132 -0.6097545335098288 0.626580327353878 -398.75558432306264 19.95150928982149 618.4992300399624 250 048_1.jpg

251 -0.33601498502305915 -0.3508800136336885 -0.61000869801764 0.6259924394233524 -399.62904271014634 19.108444494645642 617.9517582399371 251 049_1.jpg

252 -0.335847440173117 -0.351401326056127 -0.6104550263392409 0.6253545120907954 -400.35055991552906 18.040812668524136 617.50264831399 252 050_1.jpg

253 -0.33553471210844643 -0.35145176886050794 -0.6100710182329556 0.6258685675501898 -400.30197062180713 19.00149628703535 617.4975371546135 253 051_1.jpg

254 -0.3351271488598967 -0.3523785493250768 -0.6090669132415164 0.6265434121168638 -401.02002162513355 20.85133792988596 616.9703496971648 254 052_1.jpg

255 -0.33487021293204644 -0.35288396309180065 -0.6086994187850694 0.6267534336995604 -401.3665042328202 21.511140070014434 616.7218017077448 255 053_1.jpg

256 -0.33457881214409824 -0.3537178250504318 -0.6084201633158377 0.6267101591458094 -402.11203020040716 21.84957089686349 616.2226877247925 256 054_1.jpg

257 -0.33393949866193334 -0.35438869421993546 -0.6066004420474865 0.6284337422117781 -402.3787211143365 25.634493800857125 615.9070094419241 257 055_1.jpg

258 -0.3340064352660799 -0.3540899797119324 -0.6059537599991094 0.6291899778376884 -402.3283104405609 27.068872257898413 615.8798782151206 258 056_1.jpg

259 -0.33425189917395076 -0.35423645788593583 -0.6050109562253411 0.6298840708021842 -402.8864212621552 28.77455818293486 615.4408959238883 259 057_1.jpg

260 -0.33442992282252154 -0.35421606907326764 -0.604947481156311 0.6298620072474918 -403.14517720582484 28.808696490181948 615.2691316418609 260 058_1.jpg

261 -0.3346985311156983 -0.3540202544771713 -0.6052920346348601 0.629498296658938 -403.4372984900551 28.046295047365987 615.1091779084123 261 059_1.jpg

262 -0.33451378068410703 -0.3542261415969043 -0.6054375468729127 0.6293407248687349 -403.76132820631176 27.769265920974046 614.905934149225 262 060_1.jpg

263 -0.33465601018460117 -0.3541554044697834 -0.6046812033044173 0.6300317029344558 -403.99073718832426 29.26367760964474 614.6883927852995 263 061_1.jpg

264 -0.33505325709505984 -0.3538228401222403 -0.6039715225856388 0.6306878091602919 -404.2197447145155 30.634689046585706 614.4728469914164 264 062_1.jpg

265 -0.33516790397098395 -0.3538093195283779 -0.6038194728387748 0.6307800613393446 -404.4054429236105 30.88281594894818 614.3373461287892 265 063_1.jpg

266 -0.33567191503792637 -0.3540548569349642 -0.6035550250472941 0.630627350719657 -405.33227500246784 30.994927051640076 613.7202899479303 266 064_1.jpg

267 -0.33653870061039903 -0.3541409265791214 -0.603149245703913 0.6305052692245691 -406.5428021918662 31.250113445624198 612.9084095727936 267 065_1.jpg

268 -0.33689400733230107 -0.3546631167997811 -0.602184046088577 0.630944431817762 -407.5491126586107 32.7370406910375 612.1683289478143 268 066_1.jpg

269 -0.33758312541231067 -0.35624734363225663 -0.6001706627339805 0.6316016459646632 -409.96445191245715 35.616510516682816 610.4071578107782 269 067_1.jpg

270 -0.33758312541231067 -0.35624734363225663 -0.6001706627339805 0.6316016459646632 -409.96445191245715 35.616510516682816 610.4071578107782 270 068_1.jpg

271 -0.3383253573131638 -0.35726993331891344 -0.5995071123293653 0.6312569758915341 -411.8660847221351 35.99886177355158 609.1089143325578 271 069_1.jpg

272 -0.33953353217012444 -0.35868252364359926 -0.5980699678847549 0.6311704534268585 -414.6623735377948 37.46034236352597 607.1347883714935 272 070_1.jpg

273 -0.3405842339039476 -0.35926474439180506 -0.5972275524696307 0.6310708942934118 -416.3992650138985 38.21726987710511 605.9079357446199 273 071_1.jpg

274 -0.34163058029027427 -0.36011515591263044 -0.5960251365185721 0.6311573953702593 -418.379490737421 39.56614949857502 604.4690993730759 274 072_1.jpg

275 -0.34204747409054925 -0.3607035652488501 -0.5953368266512153 0.6312452188475604 -419.4168714334627 40.401255118384775 603.7014975832087 275 073_1.jpg

276 -0.3428409100495744 -0.361825176610959 -0.593960710545507 0.6314691807959469 -421.3893786035072 42.1187747614977 602.2228880156555 276 074_1.jpg

277 -0.34403646257527976 -0.36350471613164226 -0.5918895232751676 0.6317990392568169 -424.32636576545946 44.69572087574735 599.9925091994246 277 075_1.jpg

278 -0.34453488742589855 -0.3647029760890018 -0.5908625538157638 0.6317981426662808 -426.0584682517061 45.85111214365104 598.6871227760594 278 076_1.jpg

279 -0.34508569418612184 -0.3658012130448905 -0.5904056149596656 0.6312895896710701 -427.7593698765954 45.876010395170724 597.4797878597194 279 077_1.jpg

280 -0.34522928429605537 -0.3663755996633878 -0.5904137510276143 0.6308702432618205 -428.50811824134183 45.486448522698694 596.97547601648 280 078_1.jpg

281 -0.3454853063618945 -0.3674093038917148 -0.5905162096158362 0.630032469546435 -429.86419319915274 44.610304793030224 596.0717472231483 281 079_1.jpg

282 -0.3457294198135312 -0.3681343419977005 -0.5904008745516803 0.6295832604556209 -430.91278152727165 44.33038544273147 595.3425340389583 282 080_1.jpg

283 -0.34619651427450077 -0.3687355335062414 -0.5897350573082804 0.6295987944839572 -431.9929353924534 45.06845474146627 594.5121198932843 283 081_1.jpg

284 -0.34669014604804177 -0.36949661434705144 -0.5889998848242675 0.6295691624406753 -433.246993206706 45.84800686759916 593.5477230348722 284 082_1.jpg

285 -0.3468750548055162 -0.36981423761560084 -0.588685682190542 0.6295746926253613 -433.7517865881593 46.20156417920697 593.1547739235419 285 083_1.jpg

286 -0.3471615599612296 -0.3701829399586685 -0.5885265817832189 0.629348794217803 -434.44052866733205 46.15301638678552 592.6580559249469 286 084_1.jpg

287 -0.347757680827552 -0.37064770363718463 -0.5885224625672688 0.6287497008092184 -435.5571859820912 45.5426287491638 591.8909702442231 287 085_1.jpg

288 -0.3482412490329683 -0.3708630536360787 -0.5883590328597035 0.6285079763790399 -436.2782101102825 45.44595466932937 591.370855719817 288 086_1.jpg

289 -0.3484961401069635 -0.3710077916181531 -0.5881467453901534 0.6284799637030116 -436.6915662429517 45.632473899702255 591.0543785250529 289 087_1.jpg

290 -0.34862784097725724 -0.37107920933560284 -0.5880973873012411 0.628410941935175 -436.9039601553556 45.60941958925979 590.9003789858815 290 088_1.jpg

291 -0.34883975954900404 -0.37113827702708346 -0.588086663372706 0.6282684759291354 -437.18925429167206 45.461734620620305 590.7029105549616 291 089_1.jpg

292 -0.34898672067557646 -0.3712435970678238 -0.5880951066774552 0.6281167136211893 -437.46006817763424 45.29611577404758 590.5181537237576 292 090_1.jpg

293 -0.34883228295467056 -0.3713966998260167 -0.5880715852243978 0.628134014664578 -437.4638335096619 45.37117361380409 590.5114735732025 293 091_1.jpg

294 -0.3487283462531884 -0.37158727981277506 -0.5880296339869976 0.6281182878677999 -437.5531365980273 45.431133556067394 590.442622753074 294 092_1.jpg

295 -0.3487298180644702 -0.37159426297881276 -0.5880260041044655 0.628116737725472 -437.5645586459774 45.434123331146644 590.4342946244774 295 093_1.jpg

296 -0.3488649232151378 -0.3712930799717241 -0.5881341531921177 0.6281185652121719 -437.4182370373364 45.275617215088474 590.5543924220158 296 094_1.jpg

297 -0.3493423423071884 -0.3705903282445424 -0.5883104012940705 0.6281031827750432 -437.22735696955976 44.94974131471711 590.7194185979045 297 095_1.jpg

298 -0.34959651749137927 -0.3704064861790838 -0.5883109398469952 0.6280696999622807 -437.30372621134387 44.869472980074214 590.6691931779308 298 096_1.jpg

299 -0.3494784893565357 -0.37052016058437026 -0.588231506619444 0.6281427311509902 -437.28756669597857 45.05152674519118 590.6678988975325 299 097_1.jpg

300 -0.3494548472385596 -0.3705204623092045 -0.5882309103448247 0.628156264687814 -437.26299439110534 45.068307764085915 590.6848601866379 300 098_1.jpg

301 -0.34953513158504085 -0.37048595636456677 -0.5882523195055652 0.6281118980888541 -437.3106998951991 44.988783584393175 590.6557378660659 301 099_1.jpg

302 -0.3495327050989666 -0.37052356631383415 -0.5882670820413314 0.6280772365393081 -437.34440025641635 44.942303278171885 590.6346068624227 302 100_1.jpg

303 -0.3495044506454259 -0.37058324297884254 -0.5882844886532125 0.628041447208981 -437.3743097817064 44.89691945517451 590.6160906204817 303 101_1.jpg

304 -0.34958519589242126 -0.3705450242271083 -0.588300540072696 0.628004020993149 -437.41974921439004 44.82966818863448 590.5877190038701 304 102_1.jpg

305 -0.34959180473362117 -0.3705297033891695 -0.5882968261630686 0.6280128607726788 -437.4113466360137 44.84023693382833 590.5932393012254 305 103_1.jpg

306 -0.3495776072142203 -0.3705563944167717 -0.5882646922508137 0.6280351160104647 -437.42100287155523 44.90103034383972 590.5818584360075 306 104_1.jpg

307 -0.3496227281359642 -0.3705407806207889 -0.5882830297537698 0.6280020340503902 -437.4526759021843 44.841847663480344 590.563123008342 307 105_1.jpg

308 -0.34962247301519117 -0.37054313220986673 -0.5882761864991557 0.6280071989498637 -437.454378242516 44.85459201401215 590.5611129194191 308 106_1.jpg

309 -0.34962970548412015 -0.3705445260095703 -0.5882797850822027 0.627998979100339 -437.46333602915814 44.84187462402162 590.5556115783635 309 107_1.jpg

310 -0.3496167548674262 -0.3705656405998459 -0.5882744802567168 0.6279986995221292 -437.47042635257066 44.85078075341203 590.549814770162 310 108_1.jpg

311 -0.34960462815940263 -0.37057965900802237 -0.5882747107023776 0.6279969626097388 -437.47182918546 44.85152830728605 590.5488889297964 311 109_1.jpg

312 -0.3496217251923638 -0.37059267631425413 -0.5883083584901233 0.6279482405950433 -437.5037863600856 44.76626728087284 590.5317944438352 312 110_1.jpg

313 -0.34961939328652264 -0.37061413915295327 -0.5882871884497269 0.627956705198531 -437.52106178791064 44.79973347566909 590.5167525632104 313 111_1.jpg

314 -0.34962372219712606 -0.3706038167461135 -0.5882983754153666 0.627949906739288 -437.5161379398424 44.779491834917685 590.5220082409531 314 112_1.jpg

315 -0.3496370889440298 -0.37060754400308404 -0.5883061478682838 0.6279329826845598 -437.5337484983046 44.75315920083132 590.5110138332469 315 113_1.jpg

316 -0.3496500825891271 -0.3706168240690023 -0.588310411283101 0.6279162758189433 -437.5561798748029 44.73138508928746 590.4961949613942 316 114_1.jpg

317 -0.34964365080042575 -0.37061370934654214 -0.588320935055149 0.6279118355909384 -437.5473311295985 44.71611283234587 590.5040313199602 317 115_1.jpg

318 -0.34962732956899434 -0.37060634416526234 -0.5883229134076892 0.6279234170202619 -437.52385144179755 44.72666120775215 590.5207026255821 318 116_1.jpg

319 -0.34960871021716694 -0.3705976834751839 -0.5883369522416608 0.6279257419234459 -437.4974956420217 44.71519355169896 590.5410988446645 319 117_1.jpg

320 -0.349607289152971 -0.37060460843894594 -0.5883373523298105 0.6279220711429683 -437.50282582923666 44.711939269654756 590.5374641377465 320 118_1.jpg

321 -0.3496156897534935 -0.370618907365496 -0.5883451388618635 0.6279016583502622 -437.5256890503175 44.68369852175953 590.5227780411918 321 119_1.jpg

322 -0.34963297057531306 -0.37059756283600204 -0.5883654143723177 0.6278856356671878 -437.5237270554204 44.64200441583775 590.5274306159846 322 120_1.jpg

323 -0.3496355534571864 -0.37060246607632635 -0.5883607766606305 0.6278856491305815 -437.53086959089995 44.64717664934255 590.5218900762138 323 121_1.jpg

324 -0.3496274093651846 -0.37061813935367605 -0.5883672964937492 0.627874823367879 -437.5382381723841 44.631837878598354 590.5176748871531 324 122_1.jpg

325 -0.3496143768873933 -0.3706412448592612 -0.5883667136341674 0.6278689874250412 -437.54743238258686 44.63034959779388 590.511051074517 325 123_1.jpg

326 -0.3495987661282176 -0.3706607827130474 -0.5883599660348787 0.6278724689358622 -437.55022479357467 44.64469950680953 590.5080420155485 326 124_1.jpg

327 -0.349610235042353 -0.37069360869022516 -0.5883401317596214 0.6278652892069447 -437.59254245198014 44.66069728016482 590.4757967696711 327 125_1.jpg

328 -0.34962523739380025 -0.3706904106130133 -0.5883471762278225 0.6278522223275409 -437.6050470949714 44.63813504051482 590.4683049033425 328 126_1.jpg

329 -0.3496306869458511 -0.3707065417640706 -0.5883400943502505 0.6278462996777427 -437.62580413592275 44.64077632357928 590.4528823602004 329 127_1.jpg

330 -0.3496254520797012 -0.3707136089924072 -0.5883446058398487 0.6278408143351643 -437.6276283619362 44.63175029623007 590.452237113338 330 128_1.jpg

331 -0.34963398640358423 -0.37070711853391203 -0.5883471835903102 0.6278374784776489 -437.63014322400454 44.624079007742914 590.4510223258658 331 129_1.jpg

332 -0.3496246218168895 -0.3706987840662986 -0.5883471851421068 0.627847612917756 -437.61263846550725 44.63442627821857 590.4633005922367 332 130_1.jpg

333 -0.3496064000339335 -0.3706868486498727 -0.5883547923666624 0.6278576778160168 -437.5831190170767 44.63719831228621 590.4849518281737 333 131_1.jpg

334 -0.3496049685002814 -0.37067112516741746 -0.5883683211223028 0.6278550801472906 -437.5672604355564 44.618753281599886 590.4980691592569 334 132_1.jpg

335 -0.34960267407360396 -0.37066858211433024 -0.5883672690308422 0.6278588450019049 -437.56243816701607 44.62364580846726 590.5013058656099 335 133_1.jpg

336 -0.3496015946319624 -0.37065502782999976 -0.5883778515533654 0.6278575309547358 -437.5488699254482 44.60980808042297 590.5123933600502 336 134_1.jpg

337 -0.3496283541072837 -0.37066788193076333 -0.5883708081182595 0.6278416420272391 -437.58804404823036 44.59976608758152 590.4843293872308 337 135_1.jpg

338 -0.3496510234418989 -0.3706651385032373 -0.5883520151306847 0.6278482485410557 -437.6072559511562 44.62367832864826 590.4684783479216 338 136_1.jpg

339 -0.3496589323688953 -0.3706656802478206 -0.5883607164719525 0.6278353699925445 -437.61629768567593 44.6006858378304 590.4635446882222 339 137_1.jpg

340 -0.3496491805728369 -0.37068978543472547 -0.5883540262281747 0.6278328386761856 -437.6294161107904 44.60876527486914 590.4533079279723 340 138_1.jpg

341 -0.34964030768091503 -0.3706819807776796 -0.5883558965114711 0.6278406353619637 -437.61300057333926 44.61477408963204 590.4650407219684 341 139_1.jpg

342 -0.3496311667036136 -0.370660362119436 -0.5883814443970886 0.6278345475618192 -437.5843176650324 44.580266728214 590.4888012548926 342 140_1.jpg

343 -0.3496309322341685 -0.37065836855774514 -0.5883934160699236 0.627824635522327 -437.58286905663044 44.55739578566371 590.4915898508142 343 141_1.jpg

344 -0.3496475274756 -0.3706358372065203 -0.5883902128854476 0.6278316972637163 -437.5776679879052 44.56382196856616 590.4950135010282 344 142_1.jpg

345 -0.3496553387043761 -0.3706236205546522 -0.5883741694307378 0.6278495940503416 -437.5728237540071 44.59679032099237 590.4962129788867 345 143_1.jpg

346 -0.3496532651131064 -0.37061161335210624 -0.5883535759302453 0.6278771344255066 -437.55793797931176 44.64537756989455 590.5037038061747 346 144_1.jpg

347 -0.3496101888175582 -0.3706489440415032 -0.5883952265606501 0.6278400540874334 -437.55298271005 44.57224894042511 590.5127614472597 347 145_1.jpg

348 -0.34964035223604706 -0.37062472015707026 -0.5883937467071457 0.6278389441032418 -437.559959931373 44.566997118007436 590.508045060797 348 146_1.jpg

349 -0.3496354291620284 -0.37064289739438167 -0.5883869110529257 0.6278373612547906 -437.57222411023406 44.57506009844467 590.498457497011 349 147_1.jpg

350 -0.3496269073228313 -0.3706704873075785 -0.5883759494328004 0.6278360913837985 -437.5897191238336 44.58917182443495 590.4845466269801 350 148_1.jpg

351 -0.349661902908728 -0.37066452481178613 -0.5883814316415351 0.6278149843702023 -437.61965966346224 44.5577541970969 590.4647887922472 351 149_1.jpg

352 -0.34967802099279377 -0.37065129406864944 -0.5883841565763641 0.6278112647362417 -437.62329989969146 44.54803598197138 590.4628723354006 352 150_1.jpg

353 -0.3496804313254131 -0.3706708300233545 -0.5883596095947016 0.6278213930055592 -437.6432688848445 44.586057073046206 590.4454114699657 353 151_1.jpg

354 -0.3496829071752923 -0.37067418004124003 -0.588358404530707 0.6278191654435783 -437.64895235371466 44.58517604753926 590.4413207911329 354 152_1.jpg

355 -0.349685286973349 -0.3706645577761793 -0.5883802867168612 0.6278030136005562 -437.6432955788382 44.54443167607591 590.4484795853386 355 153_1.jpg

356 -0.3496713971724225 -0.3706535120208677 -0.5884184197735148 0.6277815315038521 -437.6207465222558 44.482652809403 590.4696455645982 356 154_1.jpg

357 -0.3496209763537613 -0.3706752997017751 -0.5884525871362484 0.6277647232658888 -437.59286401833464 44.437066828718066 590.4935806062769 357 155_1.jpg

358 -0.3496394874021562 -0.3706385586058708 -0.5884451803593427 0.6277830496561537 -437.5755848733438 44.457631368090226 590.5048700524047 358 156_1.jpg

359 -0.34964295924705674 -0.3706336448180274 -0.5884529887533432 0.6277766978831907 -437.5748119736395 44.442069798597984 590.5066038398073 359 157_1.jpg

360 -0.3496208467635477 -0.37064388673287935 -0.5884663903459123 0.6277704040245421 -437.5631561250341 44.42491278432081 590.5164639375032 360 158_1.jpg

361 -0.3496114440984845 -0.37064036212954604 -0.588461780012821 0.6277820430531552 -437.5499946909171 44.44216910956137 590.5249527971521 361 159_1.jpg

362 -0.34958388970339555 -0.37063946078184834 -0.5884670689975001 0.6277929617928798 -437.5215972605923 44.45039180522858 590.5453484231948 362 160_1.jpg

363 -0.34955239893248685 -0.3706786930985248 -0.5884793484201437 0.6277758225404324 -437.52850656661894 44.42748853545407 590.5419452682495 363 161_1.jpg

364 -0.3495741578066002 -0.37067984327428893 -0.588478610631784 0.6277637189363843 -437.5516031889304 44.41388833064666 590.5259260296873 364 162_1.jpg

365 -0.3495788514814976 -0.370681085476753 -0.5884796473306704 0.6277593998851971 -437.55761809806233 44.408067272906315 590.5219256169229 365 163_1.jpg

366 -0.3495641574295427 -0.3706951636287502 -0.5884817360506754 0.6277573112577909 -437.5565293562245 44.406762106799974 590.5228509789215 366 164_1.jpg

367 -0.3495910939332628 -0.37070585554411883 -0.5884782470234362 0.6277392679194692 -437.59393899254326 44.39053417322109 590.4964717038941 367 165_1.jpg

368 -0.3495712711447852 -0.3707227799562711 -0.5885236706156919 0.6276977265664945 -437.59290375975206 44.30432412019944 590.5035036324892 368 166_1.jpg

369 -0.34959311908078056 -0.3707111165239234 -0.588537356469424 0.6276796151038677 -437.6044807438586 44.26802584506497 590.4976127099787 369 167_1.jpg

370 -0.3495961053749216 -0.3707071211946954 -0.5885379700010788 0.6276797362263956 -437.6036643066324 44.26676684378289 590.4983180517551 370 168_1.jpg

371 -0.34958805839190693 -0.3707076038669509 -0.5885340888817291 0.6276875720365613 -437.5957789325864 44.279686140262704 590.5032249049267 371 169_1.jpg

372 -0.34958147150281604 -0.3707175406216125 -0.58856128137019 0.6276598743979649 -437.60032410783793 44.22464677564531 590.5038834116071 372 170_1.jpg

373 -0.3495668546472576 -0.37069807097444846 -0.5885655633467105 0.6276754989245759 -437.5669306829227 44.23538269875805 590.5277632205621 373 171_1.jpg

374 -0.34955565044110826 -0.3707153559969776 -0.5885504248515914 0.6276857250883912 -437.57150479785446 44.26473150284881 590.5222908541131 374 172_1.jpg

375 -0.349559227058718 -0.37072649684489195 -0.5885395841909108 0.627687317982143 -437.5853060566298 44.27861614013777 590.5111171923788 375 173_1.jpg

376 -0.3495839583806051 -0.3707025379755469 -0.588543653890992 0.6276838789120489 -437.58733214753136 44.26572971608854 590.5105745856799 376 174_1.jpg

377 -0.34960504624814415 -0.37069871796890685 -0.5885579055338743 0.6276610263252139 -437.60578547746377 44.22494620169924 590.499937745748 377 175_1.jpg

378 -0.34959071278689835 -0.3707163248553415 -0.5885478694278893 0.6276680216569818 -437.6077799155509 44.245989714592476 590.4969650319197 378 176_1.jpg

379 -0.3495328940697294 -0.3707173767249468 -0.5885367454620711 0.6277100300284572 -437.54970025583935 44.30636569017033 590.5354611008303 379 177_1.jpg

380 -0.3495348108588951 -0.37070097319429146 -0.5885463089354972 0.6277096834596738 -437.53630055721544 44.29396678018452 590.546250471079 380 178_1.jpg

381 -0.3495489102472624 -0.37071581384104374 -0.5885599392408549 0.6276802869566042 -437.5657513160017 44.24992258920397 590.5277303906048 381 179_1.jpg

382 -0.34957069378762984 -0.3707228159290442 -0.5885674687637135 0.6276569592600325 -437.59500925227945 44.216841749431964 590.5085629471733 382 180_1.jpg

383 -0.34959489069152155 -0.3707250399030908 -0.5885469512546192 0.6276614082131605 -437.6204532847468 44.24076353084231 590.4880806587379 383 181_1.jpg

384 -0.34959833086477393 -0.3707325329118224 -0.5885459329715074 0.6276560211453773 -437.6311276456302 44.236826960858835 590.4805049866724 384 182_1.jpg

385 -0.3496018997292786 -0.37072688149174937 -0.5885533771389716 0.6276503909848167 -437.62968227099117 44.222289796193785 590.4826286888056 385 183_1.jpg

386 -0.34960040893411576 -0.37072389939003203 -0.5885785084723978 0.6276294160239434 -437.6267228578645 44.17433294092348 590.4882877444242 386 184_1.jpg

387 -0.34959134114593376 -0.3707220005686562 -0.5886082505031033 0.6276076958816205 -437.61742399230013 44.12164818476505 590.4989673482443 387 185_1.jpg

388 -0.349595890191682 -0.37072286488051764 -0.5885797903913418 0.6276313419187661 -437.621238712185 44.17528699856748 590.4923008226002 388 186_1.jpg

389 -0.34960564115152326 -0.3707270706727866 -0.5885795278447663 0.6276236723924928 -437.6351631525629 44.16723882124211 590.4826217683532 389 187_1.jpg

390 -0.34960323223687484 -0.3707240863382177 -0.5885863647112246 0.6276203654234371 -437.6302273931727 44.15659758095281 590.4870371698354 390 188_1.jpg

391 -0.34959931255130017 -0.37072703710851085 -0.5885990187417517 0.6276089385570048 -437.6298537511053 44.13237571110461 590.4890716216995 391 189_1.jpg

392 -0.3496246473217482 -0.3707231828758915 -0.5885825704381816 0.6276125281094176 -437.65079493908985 44.15036218066609 590.4723435683935 392 190_1.jpg

393 -0.34963770588827625 -0.37070330877995766 -0.5885956360549155 0.6276047392251624 -437.6454837388715 44.125204372351 590.4780872020418 393 191_1.jpg

394 -0.3496605074672656 -0.3707009703124259 -0.5885958663450945 0.6275932012447456 -437.666283491263 44.11067089867715 590.4637987594756 394 192_1.jpg

395 -0.3496612183906373 -0.3706908091427735 -0.5886012135428962 0.6275937920235354 -437.6574579617281 44.1044643956634 590.4707632648577 395 193_1.jpg

396 -0.3496613339757981 -0.37068958575372024 -0.5885968456438156 0.6275985467113121 -437.65614119487964 44.113752581205574 590.4710769649363 396 194_1.jpg

397 -0.3496660536396561 -0.37067346901001214 -0.588614564560497 0.6275888181695156 -437.646311058545 44.08297673019717 590.4805619132721 397 195_1.jpg

398 -0.34965631983049106 -0.37068633805307516 -0.5886271390450973 0.6275748465027755 -437.64966920988155 44.05791876300959 590.4798977904176 398 196_1.jpg

399 -0.3496839976042944 -0.37067540395120735 -0.5886295424743064 0.6275636290063165 -437.6671948921439 44.039993988833174 590.4682658031925 399 197_1.jpg

400 -0.34967886642923035 -0.3706684101375198 -0.588640643092652 0.6275602069908202 -437.6558618613982 44.02458653038066 590.4777403296348 400 198_1.jpg

401 -0.34969221257543515 -0.370645532452894 -0.5886394043503647 0.6275674444893197 -437.6471158000725 44.02941047527847 590.4838562748641 401 199_1.jpg

402 -0.34971786342808553 -0.37063774607891026 -0.5886491254860184 0.6275486309804092 -437.66606018688555 43.99660521828148 590.4722452028539 402 200_1.jpg
