1 0.3294942884765258 0.3411588193835574 0.6412551141839749 -0.6031882395662753 -27.77905413890773 -87.13803300833862 1596.4985306286605 1 000_0.jpg

2 0.3294741317234054 0.3411419662699261 0.6412670697892631 -0.6031960714216308 -27.684183826250347 -87.14926974460849 1596.4995356068682 2 001_0.jpg

3 0.3294597884688835 0.34114651037152566 0.6412608946909224 -0.6032079004651436 -27.66040329045436 -87.13256686897209 1596.5007816719071 3 002_0.jpg

4 0.32943973922852865 0.341132522343708 0.6412736141245298 -0.6032132394469824 -27.573309733985234 -87.15324658598823 1596.5010705540765 4 003_0.jpg

5 0.3294412211446618 0.34112217996371613 0.6413016338361042 -0.6031884900979623 -27.549496440696604 -87.24688197503225 1596.4961872551667 5 004_0.jpg

6 0.3294470079668631 0.341121855728365 0.6413029405701395 -0.6031841235495263 -27.563170115190545 -87.25200743921964 1596.4956354832061 6 005_0.jpg

7 0.3294443141188203 0.3411241576736976 0.6412997185684826 -0.6031877186334081 -27.562598436652053 -87.24348888547043 1596.4960752110583 7 006_0.jpg

8 0.32943932967207934 0.34114248062636776 0.6413079823892391 -0.6031712921725824 -27.598196163374478 -87.31746197229035 1596.4913199944795 8 007_0.jpg

9 0.3294510901972689 0.3411289850667375 0.6413091700940113 -0.603171238595226 -27.592296373291212 -87.29372111092628 1596.4927570424186 9 008_0.jpg

10 0.32945480374884833 0.34111133916571074 0.6413126353381969 -0.6031755054169228 -27.55529319032765 -87.26976011887331 1596.4947187717446 10 009_0.jpg

11 0.3294550430639269 0.34112171734009755 0.6413063969238568 -0.6031761383072356 -27.583279624126487 -87.26661567285862 1596.4944117283255 11 010_0.jpg

12 0.3294607289928271 0.3411449709460482 0.641280834533811 -0.6031870589703943 -27.659075202807553 -87.21192141251714 1596.496170861592 12 011_0.jpg

13 0.3294521075842135 0.34115279147767197 0.6412760393578696 -0.6031924427749372 -27.658180693803843 -87.20852964508381 1596.4964675415495 13 012_0.jpg

14 0.329459274525615 0.341140175391843 0.6412644540608279 -0.6032079799876212 -27.6432776440301 -87.13343058944191 1596.5009023631894 14 013_0.jpg

15 0.3294530217566007 0.34112955156484365 0.6412786674272836 -0.6032022929393595 -27.59954256300262 -87.1686619702362 1596.4996931663811 15 014_0.jpg

16 0.3294491288646555 0.3411352984287743 0.6412755433724441 -0.6032044903087236 -27.604957605638216 -87.1679988037778 1596.4996261415208 16 015_0.jpg

17 0.3294600989357298 0.3411275699838811 0.6412667973110894 -0.6032121673777225 -27.612368565488204 -87.11563399413724 1596.5023903339707 17 016_0.jpg

18 0.3294582296898331 0.3411316865876443 0.6412658138976669 -0.6032119057360135 -27.618596421374715 -87.12042578824365 1596.502004288358 18 017_0.jpg

19 0.32946818177475934 0.34112269065998485 0.6412484661489023 -0.6032299990688514 -27.620265984331986 -87.02956055178618 1596.507012717919 19 018_0.jpg

20 0.3294671983259915 0.34113527356861606 0.6412548663270105 -0.6032166167857241 -27.650785493256937 -87.08354087667111 1596.5035050808394 20 019_0.jpg

21 0.32947112351508734 0.34113930524029534 0.6412556267416556 -0.6032113844764878 -27.67122229220449 -87.0957963076268 1596.50248792131 21 020_0.jpg

22 0.3294814299184008 0.34113095544273 0.6412516183836916 -0.6032147382963651 -27.675253629823963 -87.06166795552525 1596.5043438511088 22 021_0.jpg

23 0.3294936286800721 0.3411286868234601 0.6412609647654733 -0.6031994220433194 -27.699795818623706 -87.09634038552247 1596.5020618761 23 022_0.jpg

24 0.3294931359227149 0.34112778726701165 0.6412654046372739 -0.6031954798815399 -27.69617438861713 -87.11274400188731 1596.5012367810637 24 023_0.jpg

25 0.32947417528512213 0.34113994613726434 0.641261251655733 -0.6032033754005158 -27.680687337655193 -87.12074651760423 1596.5010785217307 25 024_0.jpg

26 0.3294742459229335 0.34113835578160173 0.6412458251139426 -0.6032206356401267 -27.67696609431165 -87.0533251554776 1596.504878999517 26 025_0.jpg

27 0.3294568795632495 0.3411649568975469 0.6412377385898329 -0.6032236726967357 -27.703455841554856 -87.0767265549684 1596.5031267641289 27 026_0.jpg

28 0.32947534045957483 0.34114434805992383 0.6412581658361909 -0.6032035299666448 -27.695350042174734 -87.11766905046129 1596.5010126023624 28 027_0.jpg

29 0.32950161428769137 0.34112314459972387 0.6412435436689301 -0.6032167140448899 -27.705823415616837 -87.01258858419838 1596.5066676568808 29 028_0.jpg

30 0.32948703997475354 0.3411122044293193 0.641250503590458 -0.6032234628419467 -27.64049689647069 -87.01645339057727 1596.5075609633664 30 029_0.jpg

31 0.3294691598689185 0.3411381300133984 0.6412465880461948 -0.6032227302293446 -27.663827604289718 -87.05562734677198 1596.5049733507067 31 030_0.jpg

32 0.32946164638434 0.34116179789616413 0.6412328048819905 -0.6032281004405813 -27.707398735820103 -87.0497124303351 1596.504544165427 32 031_0.jpg

33 0.32946281852778947 0.3411559006584348 0.6412171071776142 -0.6032474816494713 -27.695167178828353 -86.9718308365097 1596.5090758566091 33 032_0.jpg

34 0.329464716049487 0.3411587145470864 0.6412111219609488 -0.6032512158633347 -27.70744505964373 -86.95331361197375 1596.5098994451575 34 033_0.jpg

35 0.3294551132347435 0.3411589135426399 0.6412160906652862 -0.6032510664274168 -27.68385196207099 -86.97365017154527 1596.509168225146 35 034_0.jpg

36 0.3294572312457645 0.34117843888939553 0.641205327303164 -0.6032503077951242 -27.740616858135517 -86.97189055881393 1596.508291963036 36 035_0.jpg

37 0.3294677922375205 0.34118031777068336 0.641189816019841 -0.603259964257924 -27.772306826272015 -86.91247032294488 1596.5110751155903 37 036_0.jpg

38 0.32944918334443785 0.3412019760074837 0.6411971417616349 -0.6032500912216932 -27.782457511746617 -86.98886176986986 1596.5067342622349 38 037_0.jpg

39 0.3294412171393275 0.34121160572893955 0.6412042612892009 -0.6032414275148943 -27.78769028581205 -87.03885993607007 1596.5038979503934 39 038_0.jpg

40 0.3294507543195704 0.341212395294145 0.6411860543102299 -0.60325512474738 -27.813993137364708 -86.96580724494815 1596.5075166637605 40 039_0.jpg

41 0.32944676140138723 0.3412080694700342 0.6411930068690479 -0.6032523623434051 -27.79252893836871 -86.98487815188919 1596.5068455676233 41 040_0.jpg

42 0.32944115150051123 0.34120811825228403 0.6411821360852814 -0.6032669526021363 -27.778800742808254 -86.93952079775079 1596.5095973761627 42 041_0.jpg

43 0.32945441982875784 0.3411816821776302 0.6411851831820129 -0.6032714197354188 -27.742641358483525 -86.89529385727103 1596.5126615713048 43 042_0.jpg

44 0.32956451620992977 0.34113103826887503 0.6411504992686782 -0.6032767869497705 -27.88626408566238 -86.64876100098897 1596.5238087699458 44 043_0.jpg

45 0.3297082839695403 0.34116535607859405 0.6410487473500324 -0.6032869556144749 -28.338510027149272 -86.31260885755141 1596.5346107077976 45 044_0.jpg

46 0.3298002931896188 0.3411950932274344 0.6409922012436489 -0.603279929149301 -28.648239097808066 -86.1500897233721 1596.538261371204 46 045_0.jpg

47 0.33000593870431594 0.3412824669796408 0.6408393781719017 -0.6032804070549814 -29.395925728743737 -85.723196271235 1596.5488126379844 47 046_0.jpg

48 0.3302872536140709 0.3414567316147048 0.6406102079252299 -0.6032712425079383 -30.562967849573006 -85.17601725935467 1596.5579357831584 48 047_0.jpg

49 0.3307370639086893 0.34198352261753423 0.6402709247644884 -0.6030865673486593 -33.08059979104905 -84.95760395821938 1596.522757030183 49 048_0.jpg

50 0.3307370639086893 0.34198352261753423 0.6402709247644884 -0.6030865673486593 -33.08059979104905 -84.95760395821938 1596.522757030183 50 049_0.jpg

51 0.33104444093872515 0.3426148800862791 0.6400692058219338 -0.6027736173933882 -35.51404428095979 -85.5282260976714 1596.4434261103136 51 050_0.jpg

52 0.33130425573814243 0.3430869427375841 0.6399959248414531 -0.6024400850201673 -37.40837857249345 -86.27982957028827 1596.356819102803 52 051_0.jpg

53 0.3316226277580285 0.3437162789525606 0.6398127805431973 -0.6021006213212606 -39.865955829135146 -86.9258531899043 1596.252553010235 53 052_0.jpg

54 0.3317614579173545 0.3439416811668122 0.6397352621591501 -0.601977781439533 -40.80892304523975 -87.11016347848876 1596.2124602392948 54 053_0.jpg

55 0.3319111075258365 0.3442138325758849 0.6396262826559369 -0.601855524773297 -41.90289225687691 -87.2670132630293 1596.1608151663884 55 054_0.jpg

56 0.33208121055450535 0.3441336163762168 0.6396767041038176 -0.601753967916588 -42.11918824051268 -87.31517319719997 1596.1266634557644 56 055_0.jpg

57 0.3323284059916225 0.3436458613942157 0.6397430133990326 -0.6018257466450068 -41.456512802264285 -86.54444754196697 1596.1780761962605 57 056_0.jpg

58 0.33235596592450056 0.34352157224040125 0.6397004881454749 -0.6019266789122377 -41.20026704627343 -86.09776153745288 1596.2047447530138 58 057_0.jpg

59 0.33222613516543675 0.34351125649879527 0.6397362234063438 -0.6019662583845082 -40.846566492063296 -86.21114901563811 1596.206247269544 59 058_0.jpg

60 0.33186554873469226 0.34355539987241696 0.6398135762058477 -0.6020577484628937 -40.056050634221634 -86.59537329280307 1596.2032818264124 60 059_0.jpg

61 0.3320554290143271 0.34333802944042324 0.6397573985068271 -0.6021367458126557 -39.9631762405126 -85.90331780286353 1596.242475890017 61 060_0.jpg

62 0.33203430918192806 0.343307181947433 0.6397798024686158 -0.60214217648543 -39.82912008848166 -85.9267956916517 1596.244446296654 62 061_0.jpg

63 0.3319301701403593 0.34333327419435117 0.6398533555525839 -0.6021065589824421 -39.635308952320976 -86.27974795398053 1596.2298853304835 63 062_0.jpg

64 0.33191996483833347 0.34335974354393467 0.6398377507825961 -0.60211367375989 -39.67976203802434 -86.27200886104576 1596.2292379973853 64 063_0.jpg

65 0.33199861006311876 0.34334015118174227 0.6397687017026374 -0.6021548570130256 -39.82742591711879 -85.9496485992044 1596.2434218837368 65 064_0.jpg

66 0.3319554035045226 0.3433417972161652 0.639829425836191 -0.602113217096796 -39.72282070551205 -86.20142233855331 1596.232439073659 66 065_0.jpg

67 0.3319740796488028 0.3433533412586499 0.6398328734490655 -0.6020926735493161 -39.80043837708372 -86.24277261777563 1596.2283683318758 67 066_0.jpg

68 0.3320033069619322 0.3433141891877944 0.6397827082806927 -0.6021521882827382 -39.77218680734521 -85.95139968244874 1596.2451619529347 68 067_0.jpg

69 0.3320104593243362 0.34328839690016744 0.6397714362919458 -0.6021749253812361 -39.72274225893077 -85.84875345081092 1596.2520315614968 69 068_0.jpg

70 0.33200466169199755 0.3433338028511546 0.6397866068041881 -0.6021361159974795 -39.82765902593861 -86.01069644080269 1596.240616014808 70 069_0.jpg

71 0.3320041964321656 0.34330668959785293 0.6397775300707467 -0.6021614753912528 -39.75591954205678 -85.91357023250414 1596.2478035733866 71 070_0.jpg

72 0.33204945899887933 0.34329188996189525 0.6397699330353765 -0.6021530269365516 -39.83121458578059 -85.85380447677696 1596.249224641089 72 071_0.jpg

73 0.3320347014829844 0.34334641081182316 0.6397716136483763 -0.6021282932760235 -39.93777102660503 -85.97887569672845 1596.2398211517807 73 072_0.jpg

74 0.3320129929764064 0.3433664301964864 0.6397709644104486 -0.6021295377294613 -39.93604402246956 -86.01803203049434 1596.2377705620863 74 073_0.jpg

75 0.33200229715703794 0.34335211922904857 0.6397737065720674 -0.6021406823014116 -39.87183087747232 -85.99707698282732 1596.2405698123014 75 074_0.jpg

76 0.3320483718269677 0.34332167175353373 0.6397604261372748 -0.6021467475790858 -39.90824267840413 -85.87950659496467 1596.2461542545027 76 075_0.jpg

77 0.3320466679951539 0.3433240487197907 0.6397669208207705 -0.6021394314172398 -39.910402962566664 -85.9115287193656 1596.2443801117108 77 076_0.jpg

78 0.3320874721696272 0.3432907800094582 0.6397313360897352 -0.6021737031898082 -39.926378278522506 -85.6946837471804 1596.255855454688 78 077_0.jpg

79 0.332124484941238 0.3432885546927267 0.6396957739898559 -0.6021923375957349 -40.01428512936818 -85.54560548510568 1596.2618215281566 79 078_0.jpg

80 0.33224368343486427 0.34337993406014816 0.6395947756205768 -0.6021817655005389 -40.55602237821815 -85.33764160122958 1596.259747427633 80 079_0.jpg

81 0.3325934014256562 0.3435526390149986 0.6393430327813429 -0.6021575375164685 -41.89377779118774 -84.7041442458662 1596.2607987846125 81 080_0.jpg

82 0.33286380917870395 0.34373541400026525 0.6391359729894214 -0.602123623296724 -43.058001430776486 -84.27124795860085 1596.2545869878716 82 081_0.jpg

83 0.33322760811632396 0.3440274230793806 0.6389170821667115 -0.601987919707705 -44.74477069397071 -84.03853057910624 1596.222761139605 83 082_0.jpg

84 0.33389262343259773 0.3446345542211016 0.6384932749744138 -0.6017217611708651 -48.02253978822024 -83.67814341033521 1596.1510842276343 84 083_0.jpg

85 0.33442248734772434 0.3453381647290767 0.6381736482410272 -0.6013630738817041 -51.21351681107653 -83.95047477744926 1596.034944568709 85 084_0.jpg

86 0.33474657061810553 0.3457856413196466 0.6380005672813693 -0.6011092245717321 -53.21068121551793 -84.24899534655493 1595.9489544317703 86 085_0.jpg

87 0.3354919616187377 0.3466796695770224 0.6376472141151677 -0.6005533953965654 -57.449576935602664 -84.8288193457286 1595.756164331988 87 086_0.jpg

88 0.3364534011820982 0.34812528378777685 0.6371048279831876 -0.5997543945492948 -63.6940568037415 -85.86672141310302 1595.4326396317288 88 087_0.jpg

89 0.33685176389872473 0.3487963653585379 0.636886875960258 -0.5993722481901995 -66.47355685151031 -86.48619436848514 1595.2633403093735 89 088_0.jpg

90 0.33749185322106207 0.34948259819732913 0.6364858486274563 -0.5990383352204132 -69.90696198752485 -86.41036338460556 1595.092058219829 90 089_0.jpg

91 0.3377626538657603 0.34981222953940333 0.6363143383757296 -0.5988754933170064 -71.46389555933582 -86.45803286865568 1595.0053139034158 91 090_0.jpg

92 0.3380027308142355 0.3500790814158268 0.6362246819664718 -0.5986793338456176 -72.77641082796487 -86.70477146078245 1594.9083949781525 92 091_0.jpg

93 0.337977243551466 0.3494680853611215 0.636402470548108 -0.5988616999238217 -71.09508129351653 -86.09598666927872 1594.9990925348432 93 092_0.jpg

94 0.3380295040730157 0.34918427798737983 0.6364408854985617 -0.5989569213627888 -70.47705810315237 -85.63838029359691 1595.0466872784343 94 093_0.jpg

95 0.33794953645392806 0.3492656367063058 0.6364120169927668 -0.5989852840044673 -70.49048838517777 -85.6855994878529 1595.0418443183187 95 094_0.jpg

96 0.3378237789479886 0.34928808432848774 0.636439784660074 -0.5990136300830513 -70.23187411348161 -85.83299094119938 1595.0449673362677 96 095_0.jpg

97 0.3376924973405199 0.349218397800225 0.6364644168814668 -0.599102106423856 -69.716172409481 -85.76376425501435 1595.0713380805648 97 096_0.jpg

98 0.3379752216424046 0.3491172659297057 0.6364113137359121 -0.5990580305233083 -70.1636653280915 -85.35961500769906 1595.0746233135399 98 097_0.jpg

99 0.33810228685051125 0.3490508602226153 0.636327895165373 -0.59911363733328 -70.31068157729504 -84.8836139019992 1595.094894250096 99 098_0.jpg

100 0.3382442226816602 0.3491733767392702 0.6361475565578442 -0.5991536406335687 -70.99559574073024 -84.4215921362066 1595.090520040329 100 099_0.jpg

101 0.338415135361706 0.349300310185115 0.6360070230423214 -0.599132336052349 -71.76470271552299 -84.13965345000366 1595.0719880889178 101 100_0.jpg

102 0.3389336138514186 0.34953717787523375 0.6356925895115693 -0.5990348056037397 -73.70536336174439 -83.42597709682624 1595.023818025885 102 101_0.jpg

103 0.3394156207059647 0.3498346533675434 0.6353960820773191 -0.5989028056411059 -75.71421029981482 -82.91692886286847 1594.9597370062193 103 102_0.jpg

104 0.3403151043738227 0.350585328010165 0.6348971003722756 -0.5984824387214015 -79.9800198762282 -82.62925232055083 1594.771457934072 104 103_0.jpg

105 0.3403151043738227 0.350585328010165 0.6348971003722756 -0.5984824387214015 -79.9800198762282 -82.62925232055083 1594.771457934072 105 104_0.jpg

106 0.3422077169065417 0.3523885595151496 0.6337324392923865 -0.5975779254632584 -89.5580257084972 -82.05840999203897 1594.279498534637 106 105_0.jpg

107 0.34373948659603076 0.35398672199987813 0.6327309669085827 -0.5968149541670418 -97.68748214485765 -81.67784402054265 1593.8020999243167 107 106_0.jpg

108 0.3455440681886089 0.3559567495328075 0.6315279933811205 -0.5958745530543483 -107.50785554147105 -81.35075584510136 1593.1581185484206 108 107_0.jpg

109 0.3489975455166726 0.36022464542682003 0.6290648814255642 -0.593899227990322 -127.6622823848657 -81.23219925549984 1591.6110987586796 109 108_0.jpg

110 0.35109169452019506 0.3633064587681579 0.6275585140807041 -0.592379397397561 -141.22510722951728 -82.25819369834689 1590.3607743850266 110 109_0.jpg

111 0.3522814594277899 0.36504971304261774 0.6267598150866116 -0.5914462059591942 -148.92068415700646 -83.08500442407318 1589.5847977511266 111 110_0.jpg

112 0.3544916282153186 0.3682812281059414 0.6252423297893352 -0.5897259122589373 -163.21938922185078 -84.50344691166927 1588.0443556756932 112 111_0.jpg

113 0.35842569153344706 0.3732161286586422 0.6225160837315514 -0.5871238970211979 -186.53996386008998 -85.21726738204907 1585.334958826618 113 112_0.jpg

114 0.3606185555803712 0.3757655092163611 0.6208740141003658 -0.5858924799563433 -199.02616308733187 -84.7080682607597 1583.7806956929123 114 113_0.jpg

115 0.3624650645293962 0.37823989142527054 0.6193877511228425 -0.5847328238514475 -210.43724357201654 -84.61208908429664 1582.245555107684 115 114_0.jpg

116 0.3632829299291982 0.37922837782107066 0.6188178139213246 -0.5841882089283295 -215.20542931505682 -84.71363215854083 1581.5698621692836 116 115_0.jpg

117 0.36474495150563424 0.38119577926388215 0.6176258674750815 -0.5832573926219942 -224.27745007610943 -84.62740214351531 1580.258881259634 117 116_0.jpg

118 0.3666001138890536 0.383551867310874 0.6162344525357302 -0.5820201208608373 -235.42095255985 -84.74673394155296 1578.5541475648238 118 117_0.jpg

119 0.3672924132925007 0.38458462329214715 0.6156223979321067 -0.5815496658320175 -239.99866986858757 -84.75176108607629 1577.8260107033218 119 118_0.jpg

120 0.36800641023060926 0.3854988358064696 0.6151327682570159 -0.5810108493285625 -244.31267524490275 -85.0242072007924 1577.1066305148101 120 119_0.jpg

121 0.36818748804965723 0.385751437202353 0.6149883394568242 -0.5808813516305552 -245.46342617723002 -85.05435856663401 1576.9077347388231 121 120_0.jpg

122 0.36821613475573267 0.38579344645198893 0.6149538576827607 -0.5808717997125833 -245.65135897484456 -85.01271540371046 1576.8515956213826 122 121_0.jpg

123 0.36848806004379575 0.38479206963348056 0.6152546340135661 -0.5810450482339345 -243.6401259409605 -84.13548339981533 1577.188851346394 123 122_0.jpg

124 0.3686488185231126 0.3845046354252578 0.6152094052402486 -0.5811812296022149 -243.27781732110458 -83.356568013109 1577.282646483355 124 123_0.jpg

125 0.36850500796864505 0.3845257836915745 0.6152147641003735 -0.581252763271996 -242.96479192670355 -83.36786989215007 1577.3300094052909 125 124_0.jpg

126 0.36839957552837965 0.3845686416109961 0.6152265802761427 -0.5812787348266801 -242.80913282382875 -83.47201624578508 1577.3488817598225 126 125_0.jpg

127 0.3684946149670462 0.38454805916031115 0.6151197723530414 -0.5813451424039499 -242.99931259630358 -83.0087860637146 1577.3461422598025 127 126_0.jpg

128 0.36876547946499266 0.38464649036622967 0.6149454553100601 -0.5812926849680797 -243.9645324875671 -82.60042134503092 1577.2225772259953 128 127_0.jpg

129 0.3686981860311306 0.38474241864080594 0.6149853514722818 -0.5812296761094455 -244.050100715751 -82.9605130969155 1577.1922115068016 129 128_0.jpg

130 0.3688363654566259 0.38480269165697817 0.6148492388892949 -0.581246107468726 -244.570159228773 -82.57375988200505 1577.134111620141 130 129_0.jpg

131 0.36893979344582406 0.3848178448819298 0.6147703216416031 -0.5812539089771867 -244.87826864421888 -82.314385123199 1577.1009781781327 131 130_0.jpg

132 0.3690267618981228 0.3848648380672289 0.6147289357004062 -0.5812113565951009 -245.22968174550263 -82.28068302542708 1577.0497155447829 132 131_0.jpg

133 0.3691123221719869 0.3850061406605646 0.6146927788834561 -0.581101671709001 -245.83226468174774 -82.482794842194 1576.9470689575833 133 132_0.jpg

134 0.36920425549946245 0.3850185415768506 0.6145967294856498 -0.5811366452639739 -246.10355327589085 -82.1394420328887 1576.9240490296527 134 133_0.jpg

135 0.36926645020209997 0.38505277368288876 0.6145565885067035 -0.581116898530112 -246.3566855901224 -82.07186989104369 1576.8889641667051 135 134_0.jpg

136 0.3692860262018063 0.385102316060276 0.6145469245775094 -0.581081848373717 -246.5410874043705 -82.15127075063918 1576.8563567398137 136 135_0.jpg

137 0.36929890422312617 0.38516971100756503 0.6145198155599891 -0.5810576643897437 -246.75665608707544 -82.19392789753532 1576.8211138512659 137 136_0.jpg

138 0.36936209661697533 0.3851612574002759 0.6144765548594214 -0.5810688521239518 -246.89705311898493 -82.01663285053903 1576.809300939386 138 137_0.jpg

139 0.36939769853875465 0.38523198590215807 0.61446166471021 -0.5810150772171994 -247.1800604201697 -82.1285698034041 1576.7595283253297 139 138_0.jpg

140 0.3693947421183766 0.3852743268230202 0.6144384369689193 -0.5810134462829223 -247.28709690081755 -82.1242812917773 1576.7434109918138 140 139_0.jpg

141 0.3694082626399475 0.3852742407673796 0.6144263454027188 -0.5810176941965826 -247.32181911268182 -82.0781589316123 1576.7405871062592 141 140_0.jpg

142 0.36945740362726687 0.38529505467825226 0.614390422914503 -0.5810106332731092 -247.50503659809556 -81.99273029524599 1576.7167170537132 142 141_0.jpg

143 0.36946581319284644 0.38533392458803606 0.6143761672897871 -0.5809945821689236 -247.63189279688547 -82.02365609369268 1576.6956572018876 143 142_0.jpg

144 0.3694563301035209 0.3853469708763017 0.6143651487031399 -0.5810036112124137 -247.64282578415649 -82.0022436290153 1576.6952696403373 144 143_0.jpg

145 0.36949048658539074 0.3853684148865475 0.6143299482261801 -0.5810048879683714 -247.78913200660563 -81.91502770645718 1576.6771112643207 145 144_0.jpg

146 0.36950517345734774 0.38536708374115053 0.614320897442183 -0.5810060004190382 -247.82346743159815 -81.87955848487773 1576.6736945788832 146 145_0.jpg

147 0.3695036544138804 0.3853673462282887 0.6143270063592968 -0.5810003331267362 -247.8202062353819 -81.90560201842692 1576.672975416693 147 146_0.jpg

148 0.3695291313532279 0.3853823639832108 0.6143192922055328 -0.5809823248913291 -247.92651942251337 -81.91750073052499 1576.655850744834 148 147_0.jpg

149 0.36955314648754495 0.3853684662315948 0.6142904719905045 -0.5810067410771982 -247.95112582772956 -81.7730463968999 1576.6597356344942 149 148_0.jpg

150 0.36954986324401995 0.3853996304599639 0.6142724231285304 -0.5810072405757549 -248.02706215066084 -81.76534703143615 1576.6483158543826 150 149_0.jpg

151 0.36956255320344955 0.38540158883551207 0.6142779915870277 -0.5809919824271397 -248.06500344338264 -81.79891870683478 1576.6406445510613 151 150_0.jpg

152 0.3695467070325485 0.3854091836464679 0.6142958110559463 -0.5809781828962942 -248.04452547541973 -81.88555590263607 1576.639378302489 152 151_0.jpg

153 0.36955083954109846 0.38540954250174503 0.6142999230401792 -0.5809709683761269 -248.05610786439715 -81.90567326093488 1576.636585559394 153 152_0.jpg

154 0.3695443182747846 0.3854143829619365 0.6143036701865234 -0.5809679432053558 -248.05235163268927 -81.92991016390422 1576.6359330301996 154 153_0.jpg

155 0.3695280064079976 0.3854153853738841 0.6143192457420682 -0.5809611841664878 -248.01288093398895 -81.99180618532961 1576.6388587637825 155 154_0.jpg

156 0.369542613418007 0.3854086223231707 0.6143025106310014 -0.5809740752732376 -248.0324044593635 -81.91116477822808 1576.6400511262564 156 155_0.jpg

157 0.36956379951128004 0.38540131159625945 0.6142798099977795 -0.5809894509711522 -248.06746185264808 -81.80658958814641 1576.6400723869838 157 156_0.jpg

158 0.3695530063700583 0.3854280798977901 0.6142791062329797 -0.5809793028626458 -248.11200238563367 -81.8597933334808 1576.6303085492 158 157_0.jpg

159 0.36957374118384506 0.38542268266158725 0.6142665436141821 -0.5809829764404529 -248.15097001269604 -81.80265698542951 1576.6272454771474 159 158_0.jpg

160 0.3695707464558606 0.3854237281528407 0.6142773884007474 -0.5809727215974777 -248.1459756922674 -81.85006900184244 1576.6255754977371 160 159_0.jpg

161 0.3695669559606581 0.3854202821427814 0.6142787940486207 -0.5809759326832086 -248.126882128855 -81.84665018601093 1576.6287712079077 161 160_0.jpg

162 0.3695731058392542 0.38542274367702517 0.6143002016191563 -0.5809477518567959 -248.14917712488983 -81.94623118483358 1576.6200264243275 162 161_0.jpg

163 0.369583236642329 0.38543078721357715 0.614298444714992 -0.5809378282412365 -248.19704003576248 -81.96126603083239 1576.6117552061135 163 162_0.jpg

164 0.3695964004065819 0.38544188799011647 0.6142874680345309 -0.5809336953601824 -248.26107142942655 -81.9451599089835 1576.6026317589242 164 163_0.jpg

165 0.3695734958496783 0.3854409451618077 0.614305190967087 -0.580930151833343 -248.19933121182567 -82.00902352955616 1576.6089995783293 165 164_0.jpg

166 0.36956891545546333 0.3854403956504038 0.614305395412776 -0.5809332141448671 -248.18604213004352 -82.00671604059298 1576.6112099441477 166 165_0.jpg

167 0.3695573213162234 0.38545336466096136 0.6143039655235711 -0.5809334969470574 -248.1912335943496 -82.02515763827519 1576.6094132992807 167 166_0.jpg

168 0.36955584526943913 0.3854606233606062 0.6143255282759311 -0.5809068172901238 -248.2068430296264 -82.13307895343107 1576.6012567051796 168 167_0.jpg

169 0.3695547389633728 0.38545854184201056 0.614330750538495 -0.5809033795508111 -248.19831750097404 -82.15018463668262 1576.6016854998013 169 168_0.jpg

170 0.36955750727787323 0.38546075550371534 0.6143492265507596 -0.5808806096071318 -248.21125573973598 -82.2352681105345 1576.5951306201437 170 169_0.jpg

171 0.36956669383544005 0.3854578819342996 0.6143438535904463 -0.5808823543695454 -248.22721268768709 -82.20968072276042 1576.5939852516094 171 170_0.jpg

172 0.369561333846779 0.3854524071872512 0.6143548818057034 -0.5808777337103248 -248.1984984807436 -82.24207985324253 1576.596786860305 172 171_0.jpg

173 0.369570796428563 0.38544601173539594 0.614343440490995 -0.580888057710022 -248.205708776636 -82.18270311304694 1576.5988196560538 173 172_0.jpg

174 0.36955370619209993 0.38546739126389606 0.6143548784993241 -0.580872646778939 -248.21934757945652 -82.27286312445892 1576.591893495102 174 173_0.jpg

175 0.36954715740621613 0.3854513404084268 0.6143551465659445 -0.5808871805422025 -248.15908974669424 -82.23480537726685 1576.603373321383 175 174_0.jpg

176 0.3695376702408176 0.38546253419698645 0.6143630904737366 -0.5808773864310653 -248.164823725102 -82.29013236305501 1576.5995166926489 176 175_0.jpg

177 0.36953690419746843 0.3854859444874164 0.6143575196735763 -0.580868230375295 -248.22618135507767 -82.31916692891768 1576.5883270543848 177 176_0.jpg

178 0.3695378095149518 0.38549188943633067 0.6143557346334642 -0.5808655970538068 -248.2446017969259 -82.32542476058396 1576.585133016014 178 177_0.jpg

179 0.36952197536167264 0.38550502243012696 0.614360244060098 -0.5808621849667711 -248.23926107647728 -82.36781436869562 1576.583744283994 179 178_0.jpg

180 0.3695189455020464 0.3854834077557404 0.6143674550098842 -0.5808708302925487 -248.17296139351333 -82.34825683333365 1576.5951892433548 180 179_0.jpg

181 0.3695145542266858 0.38547622828603967 0.6143708390551595 -0.5808748090248724 -248.1422092870765 -82.3445544843482 1576.6001962729551 181 180_0.jpg

182 0.36950614474139754 0.38546821540918125 0.6143657778636519 -0.580890828725674 -248.09893398902616 -82.30120279426099 1576.6092316665943 182 181_0.jpg

183 0.36949131022014514 0.38548060820654584 0.6143614863225334 -0.5808965798591689 -248.0942536803267 -82.30475187843045 1576.6096954384113 183 182_0.jpg

184 0.3694963369426985 0.38549794280173577 0.6143607335179656 -0.5808826750668544 -248.15406946999363 -82.34300703204752 1576.598241384824 184 183_0.jpg

185 0.36951430382937567 0.38548982081711447 0.6143331690106894 -0.5809057882007758 -248.17867221808376 -82.21445097378889 1576.601229776874 185 184_0.jpg

186 0.36951430382937567 0.38548982081711447 0.6143331690106894 -0.5809057882007758 -248.17867221808376 -82.21445097378889 1576.601229776874 186 185_0.jpg

187 0.36951817981186397 0.38547997872833323 0.6143279461491679 -0.5809153771146671 -248.16210696419103 -82.17144420942223 1576.6061304911357 187 186_0.jpg

188 0.3695090788660827 0.3855080102132458 0.6143260846551953 -0.580904532956303 -248.21444550732159 -82.22329243114837 1576.59518799075 188 187_0.jpg

189 0.36951248551053667 0.3855235471010452 0.6143035862517031 -0.5809158472625361 -248.26543396127906 -82.163938199505 1576.5903627303455 189 188_0.jpg

190 0.36951570188722116 0.3855226286998669 0.6143116634464486 -0.5809058692876121 -248.27116287033363 -82.19769975591926 1576.5877227017522 190 189_0.jpg

191 0.3695106341941131 0.3855254563516976 0.6143165993778585 -0.5809019964254756 -248.26570256686577 -82.22305799877178 1576.5872580504908 191 190_0.jpg

192 0.36949248945587876 0.3855145194153585 0.6143471771005756 -0.5808884587803379 -248.18909938605125 -82.32114124389419 1576.5940967409178 192 191_0.jpg

193 0.3694805301704443 0.3855256678676368 0.6143448008696172 -0.5808911798991706 -248.18844675661697 -82.3312595049325 1576.593626273931 193 192_0.jpg

194 0.3695043447195198 0.385532840109604 0.6143317814411818 -0.5808850409002843 -248.2693158125809 -82.30199134346658 1576.5824795710282 194 193_0.jpg

195 0.36949762386033536 0.3855520700626638 0.614330122005824 -0.5808783077618498 -248.30399823418202 -82.33572814551677 1576.5752750529466 195 194_0.jpg

196 0.3694979687739767 0.3855477778450879 0.6143301408427078 -0.5808809173340082 -248.2932840644602 -82.32621131991696 1576.5774891537972 196 195_0.jpg

197 -0.0020144396105022163 0.024359536979631093 0.7187708116526973 -0.6948172963501386 1289.7292700253934 -78.53192134833218 942.4083910117479 197 000_1.jpg

198 -0.0020414664838284582 0.02434518831615523 0.7187702415353924 -0.694818310138413 1289.7833730191683 -78.55297889093768 942.3325812005432 198 001_1.jpg

199 -0.0020503044204833367 0.024340733818050984 0.7187615425546088 -0.6948274389181112 1289.8009958931186 -78.53769447120767 942.3096141046303 199 002_1.jpg

200 -0.002073570811596053 0.024328905674918883 0.7187562822490363 -0.6948332255874742 1289.846996576839 -78.54414631139808 942.2460266836706 200 003_1.jpg

201 -0.0020865669664410576 0.024327316450498564 0.7187862448385539 -0.6948022467893309 1289.8638794077044 -78.64469517717505 942.2142278954332 201 004_1.jpg

202 -0.0020819854826626526 0.024328524292169727 0.7187882927686156 -0.6948000996121073 1289.8563010477208 -78.64398236241108 942.2246001879616 202 005_1.jpg

203 -0.002081986350573406 0.024330667526991173 0.7187892320805562 -0.6947990528171232 1289.8531115249907 -78.6505489428886 942.2283312432874 203 006_1.jpg

204 -0.002088987704375575 0.02435263774441665 0.7187917659335897 -0.6947956407400178 1289.8302326213422 -78.71191962364315 942.2543572208006 204 007_1.jpg

205 -0.0020808498670254485 0.024344124578321424 0.7187987993097501 -0.6947886871367493 1289.8318902748194 -78.69943543143147 942.2531774046214 205 008_1.jpg

206 -0.002079950339689195 0.024322330187213633 0.7188029813658594 -0.694785126525029 1289.8616428285936 -78.66749212470378 942.2151769833303 206 009_1.jpg

207 -0.0020740712487854794 0.024328337348465384 0.718794780282803 -0.694793418267985 1289.8461166088223 -78.64627250002003 942.2382202062104 207 010_1.jpg

208 -0.002062717084800293 0.024347787532392633 0.7187794065657056 -0.6948086752031508 1289.804923236201 -78.62143534980233 942.2967299556516 208 011_1.jpg

209 -0.002062163606726449 0.02435368098417615 0.7187666328296966 -0.694821684487783 1289.796447005354 -78.59767311296348 942.3105046805389 209 012_1.jpg

210 -0.0020525555043677014 0.024333147357089243 0.7187624754237818 -0.6948267329905182 1289.8139746117072 -78.52991275469184 942.2922958962014 210 013_1.jpg

211 -0.0020666266971313134 0.02432892485433239 0.7187715970720449 -0.6948174031441852 1289.8370422698056 -78.57207215202023 942.257148619747 211 014_1.jpg

212 -0.002069606942894588 0.024332354283513855 0.7187674878891165 -0.694821525008899 1289.8360241806906 -78.57316208036376 942.2584302771053 212 015_1.jpg

213 -0.00205723944496361 0.024325330844892638 0.7187654724886706 -0.6948238925103906 1289.8307049258726 -78.53166485632899 942.2692061916158 213 016_1.jpg

214 -0.0020543085344419828 0.024325952943394274 0.7187619507556031 -0.694827522465713 1289.8262723086582 -78.51808533331119 942.2763991260907 214 017_1.jpg

215 -0.0020394832191415564 0.024310007787662437 0.7187512427427458 -0.6948392008841477 1289.8310583593675 -78.43201645692073 942.2771476857196 215 018_1.jpg

216 -0.002042407066130827 0.024324285185365228 0.7187582355207573 -0.694831459128532 1289.8139549551636 -78.48310506082511 942.2962325262591 216 019_1.jpg

217 -0.0020397056319291723 0.02433276797301617 0.7187608946919027 -0.6948284192988955 1289.798348812343 -78.50130268450569 942.3160637305638 217 020_1.jpg

218 -0.002028729837643358 0.024323527925412963 0.718759220590818 -0.6948305067138226 1289.7979519668806 -78.45907136611935 942.3202440934563 218 021_1.jpg

219 -0.0020212131567945405 0.02432933500222565 0.7187757637477435 -0.6948132120250538 1289.7795186851843 -78.50020437323438 942.342082768225 219 022_1.jpg

220 -0.0020245160151181694 0.02432889577930069 0.7187787246356946 -0.6948101547733372 1289.7841065973219 -78.51332802992901 942.3347324934498 220 023_1.jpg

221 -0.0020385184387776887 0.02433886980550773 0.7187658955331628 -0.6948230359433801 1289.7878997386445 -78.52399949701449 942.328671180839 221 024_1.jpg

222 -0.0020336927229138357 0.024328942370118692 0.7187535937808098 -0.6948361231860581 1289.796639396315 -78.46356051699507 942.3218377218567 222 025_1.jpg

223 -0.0020399830955196933 0.02434656622740171 0.7187376187175005 -0.6948520120300447 1289.780045686933 -78.46618495151169 942.3443185258833 223 026_1.jpg

224 -0.0020386006383946646 0.02434361926466812 0.7187620658410678 -0.6948268309560407 1289.7813375967796 -78.52299769664589 942.3377616342906 224 027_1.jpg

225 -0.0020058067371432216 0.02431689595286094 0.7187618135303957 -0.6948281231506447 1289.778657136561 -78.41111354706644 942.3509306599491 225 028_1.jpg

226 -0.0020196386404797094 0.024300604829629056 0.7187638349842073 -0.6948265619443974 1289.8190042375602 -78.41104109578262 942.2957108654517 226 029_1.jpg

227 -0.002033685325334052 0.024321759355709505 0.7187510357289424 -0.6948390207698566 1289.8068778261916 -78.44310831039527 942.3095575191306 227 030_1.jpg

228 -0.0020381534313674513 0.024345844225424015 0.7187361004059744 -0.6948536131968768 1289.7787381032106 -78.45740680680753 942.3468309078237 228 031_1.jpg

229 -0.002028807719490626 0.024330744862078642 0.718722859915233 -0.6948678647260659 1289.7892652301537 -78.37631942090793 942.339309849564 229 032_1.jpg

230 -0.0020249500098997106 0.02433428979400958 0.7187170589208941 -0.6948737519389968 1289.7796643241427 -78.36052736970701 942.3537977201033 230 033_1.jpg

231 -0.002035950128724078 0.0243298617659763 0.7187171573521195 -0.6948737730417018 1289.7996482350595 -78.37265979993384 942.3254127299522 231 034_1.jpg

232 -0.002027547522940868 0.0243463916054947 0.7187099058273156 -0.6948807189241367 1289.7659252546798 -78.36929495260678 942.3718386093466 232 035_1.jpg

233 -0.0020170577281365698 0.024351384638498477 0.7186997303537304 -0.694891098758492 1289.7462350911162 -78.3324039369597 942.4019659840606 233 036_1.jpg

234 -0.0020283910860413278 0.02436876926365245 0.7186973971838094 -0.6948928694377247 1289.7356606859819 -78.38012057239331 942.412501905141 234 037_1.jpg

235 -0.002042413893811501 0.024382071139208858 0.7187014888933215 -0.6948881298561459 1289.7339331363614 -78.44211117253076 942.4096567066679 235 038_1.jpg

236 -0.0020259799291178705 0.024376939683652427 0.7186896934957976 -0.6949005574036496 1289.721367100391 -78.37072649425474 942.4329379449574 236 039_1.jpg

237 -0.002028160547083346 0.024372193028608064 0.7186913348116122 -0.6948990200298708 1289.7307844826282 -78.3700941023875 942.4201337360577 237 040_1.jpg

238 -0.0020315231074307023 0.02436663908803268 0.7186796539633824 -0.6949112855555667 1289.7434466359941 -78.33471150750502 942.4058146756414 238 041_1.jpg

239 -0.0020230317484289584 0.024344027242061816 0.7186878590875144 -0.6949036169717263 1289.7647346993838 -78.29791207102313 942.3797949424217 239 042_1.jpg

240 -0.0019182212568455807 0.02429707914525778 0.718711116838511 -0.6948815027794012 1289.7001031790464 -78.0773220945374 942.4868503706878 240 043_1.jpg

241 -0.0017464572608604256 0.024315374241294378 0.718686372150001 -0.6949069081167722 1289.4612509146561 -77.72975234493761 942.8430292647798 241 044_1.jpg

242 -0.001638994352273468 0.02434014560971955 0.7186748343130526 -0.6949182351430401 1289.2925946071673 -77.54813228867536 943.0891243825445 242 045_1.jpg

243 -0.0013944126500055627 0.024417479547735897 0.7186407775757311 -0.6949512753504711 1288.87909893437 -77.15397560748795 943.6879584219508 243 046_1.jpg

244 -0.001044769110484694 0.024562335959419975 0.718566087348969 -0.6950240126943213 1288.2396629459136 -76.58677281717704 944.6091745197045 244 047_1.jpg

245 -0.00048521929838875745 0.02509868734500461 0.7184712011089853 -0.6951035560496021 1286.7788118367469 -76.32347603433091 946.6238164518112 245 048_1.jpg

246 -0.00020551301094197166 0.025556572616458367 0.7184216296701907 -0.695138246237775 1285.7765259789423 -76.54677885274818 947.970275485657 246 049_1.jpg

247 -0.00010423413522259052 0.025801068600088548 0.7184277838029066 -0.6951228765149243 1285.2993553221527 -76.8413287129005 948.5945204258278 247 050_1.jpg

248 0.00014470548509207647 0.02635853683578712 0.7184816409080848 -0.6950462849869964 1284.1818636749676 -77.58604859715308 950.0414775810932 248 051_1.jpg

249 0.0005241459242550358 0.027072268655280608 0.7184723005660621 -0.6950283237827193 1282.6700474148638 -78.21941840730584 952.0128450925857 249 052_1.jpg

250 0.0006786139669604426 0.02735063488246034 0.7184664940157491 -0.6950232940206592 1282.0693366965488 -78.44878710398007 952.7919232398704 250 053_1.jpg

251 0.000854204350632408 0.027622268661168358 0.7184465291063283 -0.6950329959246593 1281.4454454541074 -78.5884916117185 953.5954751136268 251 054_1.jpg

252 0.0010046725875220766 0.027692419423966993 0.7185422448776346 -0.6949310490010129 1281.1273955492943 -78.7003708091857 953.9685389327482 252 055_1.jpg

253 0.0011888175928449088 0.027208281922028725 0.718732842254317 -0.6947527600323825 1281.57736755913 -77.95255956697822 953.4118183770142 253 056_1.jpg

254 0.001258695667992246 0.027035972563612686 0.7187139983532599 -0.6947788572228039 1281.734369501076 -77.44666927927328 953.2349000604053 254 057_1.jpg

255 0.0011423737076237473 0.027001473379661595 0.7186875568233555 -0.6948077511692826 1281.930843625785 -77.52347727427868 952.9620939087949 255 058_1.jpg

256 0.0007713861421032022 0.027005986759348368 0.7185877582003762 -0.6949113003881368 1282.3949637682322 -77.94527202128035 952.2995540497787 256 059_1.jpg

257 0.0009427753199594075 0.026779915713019284 0.7186240830401013 -0.6948822738880833 1282.5015083503247 -77.29870205790321 952.2077317085531 257 060_1.jpg

258 0.0009328457471457362 0.026739828600554603 0.71862858073749 -0.6948791796509995 1282.5711810954688 -77.25278087231136 952.1175551836068 258 061_1.jpg

259 0.0008062134336831507 0.0267707322321427 0.7186520822690726 -0.6948538425928005 1282.684898469765 -77.60638112267915 951.9351081584938 259 062_1.jpg

260 0.0007913344751495373 0.02680007967165163 0.7186330246328515 -0.6948724382405601 1282.662151138988 -77.63850096129634 951.96311840096 260 063_1.jpg

261 0.0008929231995198314 0.026768927706488418 0.7186069203690132 -0.6949005117247845 1282.5800742756119 -77.32338662819458 952.1000238926422 261 064_1.jpg

262 0.0008345213124285759 0.026777963676414933 0.7186355008035148 -0.6948706794939653 1282.6391391312031 -77.52396021898991 952.0042649235966 262 065_1.jpg

263 0.0008423864986865764 0.026805600951786506 0.7186581101375001 -0.6948462210274998 1282.5882153262519 -77.62242778837155 952.0648796018178 263 066_1.jpg

264 0.0008901733830718818 0.026750626545338555 0.7186216678503291 -0.6948859691106098 1282.6087272222856 -77.33309150865519 952.0614345895182 264 067_1.jpg

265 0.0009033146527685516 0.02671345859790725 0.7186143143455692 -0.6948949865771256 1282.6459336159803 -77.21877684611512 952.0208298122587 265 068_1.jpg

266 0.0008956712898897645 0.02675934628704144 0.7186247316888872 -0.6948824578044158 1282.5888171353222 -77.3477641714405 952.0871627701282 266 069_1.jpg

267 0.0008954451776591247 0.026733297119334785 0.7186151135783404 -0.6948934073221965 1282.6268112754997 -77.27302611926697 952.0423379540259 267 070_1.jpg

268 0.0009391536988201507 0.026718761455592113 0.7186296106702731 -0.694878916390835 1282.5917665359557 -77.20402493806476 952.0952591596565 268 071_1.jpg

269 0.0009336398655257497 0.02677478633625206 0.7186265663022376 -0.6948799157681168 1282.5180497074327 -77.3124083453429 952.1857069333468 269 072_1.jpg

270 0.000911909310467716 0.02679566002557497 0.7186173810207133 -0.6948886390783305 1282.515751857597 -77.36735228306132 952.1843438853127 270 073_1.jpg

271 0.0008948502542837904 0.026785995432548622 0.7186117856318859 -0.6948948202733004 1282.5512895803827 -77.36532795080494 952.1367600371858 271 074_1.jpg

272 0.0009476641990923851 0.02674819990750953 0.7186220822988935 -0.694885557891856 1282.5384188576018 -77.22424728481379 952.1658442780214 272 075_1.jpg

273 0.0009342514586764221 0.026761903142033725 0.7186241692527616 -0.6948828901910066 1282.535343090183 -77.28043456348844 952.1653971287798 273 076_1.jpg

274 0.0009877314749558296 0.026710845724110057 0.7186151862083133 -0.6948940705301977 1282.5416898216404 -77.06145488431524 952.1749626863183 274 077_1.jpg

275 0.001033712536469871 0.02670199755710379 0.7185998380293298 -0.6949102154588557 1282.4970845970167 -76.91938678058587 952.2467543793038 275 078_1.jpg

276 0.0011778113866297054 0.0267767960242141 0.7185655230911979 -0.6949425911395044 1282.2091493804508 -76.70572875540155 952.65214181449 276 079_1.jpg

277 0.0015972005441403628 0.026936826561572022 0.7185070503717534 -0.694996025090285 1281.4521598989807 -76.08530407920757 953.722184863288 277 080_1.jpg

278 0.001929173520069252 0.02710717357600305 0.718447462729112 -0.6950501584262471 1280.7902143563404 -75.64191609533768 954.6486586120694 278 081_1.jpg

279 0.0023492718397525466 0.0274118075578314 0.7184159876471042 -0.6950694515091791 1279.8211812281686 -75.36787130730266 955.971987427973 279 082_1.jpg

280 0.0031278305276514714 0.028062313854320745 0.7183480077744984 -0.6951106839516575 1277.898198912412 -74.99878522962864 958.5760490670597 280 083_1.jpg

281 0.0037392150611901967 0.028817966899398906 0.7183089004083637 -0.6951171603756009 1276.0246013395617 -75.21311347134453 961.047203624849 281 084_1.jpg

282 0.004098696253632619 0.029326558827823583 0.7183004276126634 -0.6951026178398435 1274.8239804961734 -75.50058163259087 962.60823520131 282 085_1.jpg

283 0.0049201831142435945 0.030375598288577797 0.718330288286588 -0.6950213750359344 1272.2321062760684 -76.0765848455813 965.9596460290803 283 086_1.jpg

284 0.006054339292594618 0.03201606185101357 0.7183018252330919 -0.6949682040396459 1268.351667386044 -77.05313405372138 970.9187566069184 284 087_1.jpg

285 0.006517702053360529 0.0328343799744424 0.718285130905397 -0.6949430867141956 1266.5348010617363 -77.72055837824215 973.1962331299932 285 088_1.jpg

286 0.007240780282132042 0.033561707314614296 0.7182345371328337 -0.6949534751137074 1264.5084472259205 -77.65378515754216 975.7858998402928 286 089_1.jpg

287 0.00759103927399559 0.03395031917544951 0.718202594649643 -0.694963873153955 1263.4701083293467 -77.67074895451371 977.1025552098043 287 090_1.jpg

288 0.007883295113774003 0.03432422165404564 0.7182248975526356 -0.6949192024987502 1262.51732386267 -77.91145854451402 978.272913190475 288 091_1.jpg

289 0.0077759441131316324 0.0337436977168492 0.7183684543135908 -0.6948004471822438 1263.4915424818578 -77.3908101756902 977.0253329445894 289 092_1.jpg

290 0.007804302423285198 0.03340432143982127 0.7184378920703681 -0.6947447296743727 1263.9479717254153 -76.88267504622992 976.467558690249 290 093_1.jpg

291 0.007759899902311738 0.03345103642456668 0.7183791035630492 -0.6948037677499871 1263.9378564379597 -76.89246611335798 976.4768295877473 291 094_1.jpg

292 0.007642728722404531 0.03347302950092809 0.7183443950987608 -0.6948398916469184 1264.0587073654654 -77.05213593051246 976.3072244752577 292 095_1.jpg

293 0.007488542205507591 0.03337390086064076 0.7182995528593782 -0.6948926944780738 1264.4066573729528 -77.02141871836425 975.8591902653543 293 096_1.jpg

294 0.007755638801409042 0.03329356659016173 0.7183839954012508 -0.6948063209570162 1264.1756864699805 -76.6143585413116 976.1921303650571 294 097_1.jpg

295 0.007909693134507966 0.03321767266494452 0.7183737397051286 -0.6948188203260695 1264.0889246331126 -76.16407068628848 976.3417817777582 295 098_1.jpg

296 0.008104574102519807 0.03328937615509808 0.7182839018747031 -0.6949060149556002 1263.735198853159 -75.70503762026934 976.8372706498584 296 099_1.jpg

297 0.008312443613828236 0.03339415528097829 0.7182296432752915 -0.6949546123272254 1263.3137355534004 -75.38169178552006 977.4085347866499 297 100_1.jpg

298 0.008906481595691315 0.03365548235713162 0.7181879793188529 -0.694977704286114 1262.1589289575136 -74.69296529043896 978.9556191363945 298 101_1.jpg

299 0.009477566636253239 0.03396635874958111 0.7181435563991995 -0.6950009313707859 1260.9595114869096 -74.13340595889728 980.547163643812 299 102_1.jpg

300 0.010479033350974498 0.034800957280791384 0.7181199864431712 -0.6949696168202097 1258.419809410008 -73.8518500609802 983.831848677816 300 103_1.jpg

301 0.011819188280754397 0.03598194130056346 0.7180525183778977 -0.6949576875895292 1254.904163815437 -73.504388099575 988.3275550406728 301 104_1.jpg

302 0.01263790298453506 0.036742747696529215 0.717974892476953 -0.694983674392838 1252.6886560376774 -73.27049337271069 991.139873795262 302 105_1.jpg

303 0.014451957804254206 0.03847639145530724 0.7177921186887718 -0.6950432954604239 1247.6812457164501 -72.82092684056595 997.434944609728 303 106_1.jpg

304 0.016541844267131494 0.04057790261105175 0.7175627510035488 -0.6951140191221501 1241.7114735209775 -72.4616906171934 1004.8350842346389 304 107_1.jpg

305 0.020785218943552522 0.045239724022756764 0.716982258786242 -0.6953112846988689 1228.846176329929 -72.2048261180693 1020.436505515261 305 108_1.jpg

306 0.024762949980272876 0.050596807932204224 0.7164475530633823 -0.6953629721554335 1215.0517345574146 -73.9092488807266 1036.5686725041642 306 109_1.jpg

307 0.024762949980272876 0.050596807932204224 0.7164475530633823 -0.6953629721554335 1215.0517345574146 -73.9092488807266 1036.5686725041642 307 110_1.jpg

308 0.027441448996284805 0.05427534119641703 0.716120954507296 -0.6953214599957029 1205.518651625944 -75.31185387770826 1047.4407655329405 308 111_1.jpg

309 0.03217864482953184 0.05986944095292568 0.7155209431041694 -0.6952768979595388 1189.8784738893733 -76.0554321785855 1064.9607534015054 309 112_1.jpg

310 0.034909407899937295 0.0626948703783057 0.7150880602727799 -0.6953414646946033 1181.388763964646 -75.51170437124176 1074.311843416 310 113_1.jpg

311 0.037294089067187244 0.06546654498158193 0.7146033124805823 -0.6954605583356992 1173.4128699105754 -75.32722253793666 1082.929985891356 311 114_1.jpg

312 0.03829836907608829 0.06661754197850997 0.7144705439263896 -0.6954330880022764 1170.056206098138 -75.42728485955261 1086.5041754201643 312 115_1.jpg

313 0.040141499622438875 0.06876688393052771 0.7141025515521311 -0.6954978947123299 1163.8106656947064 -75.3328447057477 1093.1152724010537 313 116_1.jpg

314 0.042501203594340516 0.07150651358916965 0.7137076962692178 -0.6954867292000907 1155.767549759814 -75.42198579040293 1101.4929264716723 314 117_1.jpg

315 0.04343727383701128 0.07265992485058731 0.7134803720398806 -0.6955425919928624 1152.4453083448027 -75.38396112670229 1104.9130521432933 315 118_1.jpg

316 0.044299927056435304 0.07372960220071986 0.7133708679856203 -0.6954879344255805 1149.3531764028141 -75.65241380258462 1108.049114396151 316 119_1.jpg

317 0.04456026112355088 0.07404628392399724 0.7133242044698087 -0.6954855212606242 1148.4238717507676 -75.68261124969183 1108.9824655567986 317 120_1.jpg

318 0.04463250196869246 0.07414195898650906 0.7132973435600274 -0.6954982454009973 1148.1332079349872 -75.66434928739709 1109.241804456797 318 121_1.jpg

319 0.04471515892288772 0.07319185955934962 0.7136807521035327 -0.695200180044339 1149.557910099175 -74.83264893993676 1107.789926839243 319 122_1.jpg

320 0.04487715628972503 0.07284024711510022 0.7137307197576728 -0.6951753727785192 1149.8966743732706 -74.03991307056668 1107.4862193709935 320 123_1.jpg

321 0.04477621727737273 0.07280829196065886 0.71367240932129 -0.6952450899946336 1150.1024175419434 -73.97880640184685 1107.2761734757762 321 124_1.jpg

322 0.04467347266404764 0.0728297009272899 0.7136309823367174 -0.695291979352637 1150.2219189279324 -74.07090722913237 1107.14649115521 322 125_1.jpg

323 0.04476182781865259 0.07279435983831188 0.7135755854454539 -0.6953468514362032 1150.1532997481781 -73.69644388608815 1107.2454922952002 323 126_1.jpg

324 0.045114029401132315 0.07288806123050902 0.7135491474103813 -0.6953414047151006 1149.4770801378174 -73.21099512227929 1107.9849524544222 324 127_1.jpg

325 0.045034520109326674 0.07300983945713894 0.7135519621695475 -0.6953308943409275 1149.394174807667 -73.58268909270119 1108.0488688082503 325 128_1.jpg

326 0.04520310127612322 0.07305544981055218 0.7134992382872973 -0.695369267261248 1149.0710677690029 -73.23595328182009 1108.4097188723651 326 129_1.jpg

327 0.045329692637105595 0.07307095988373932 0.7134741420728401 -0.6953851467931418 1148.8584790349935 -72.98200507081586 1108.6482563504655 327 130_1.jpg

328 0.04544393640393469 0.07312082233899607 0.7134714739701863 -0.6953751863673264 1148.6064419367653 -72.87875916504852 1108.9183716691493 328 131_1.jpg

329 0.045526766239022395 0.07330363873584562 0.7134837588836561 -0.6953379149112687 1148.1790707105292 -73.12334447785814 1109.3469242094716 329 132_1.jpg

330 0.04565743631358468 0.07330147269237158 0.7134402003985377 -0.6953742683373428 1147.9906938186693 -72.77577633075354 1109.5665657759846 330 133_1.jpg

331 0.04573122962279186 0.07333380910080081 0.7134326182061804 -0.6953737889505393 1147.8276968927512 -72.69245151654097 1109.7418782818077 331 134_1.jpg

332 0.04575740750450264 0.07339261389877011 0.7134344514191819 -0.6953639819632479 1147.6907918227275 -72.76578500610852 1109.8790764511775 332 135_1.jpg

333 0.04578019117386402 0.07347277274827532 0.713416661042283 -0.6953722697289885 1147.5245104789046 -72.82846489248516 1110.0477644442644 333 136_1.jpg

334 0.04585635842568018 0.07345497384544686 0.71340321701923 -0.6953829241187286 1147.4417579238527 -72.6291441892441 1110.1476751668458 334 137_1.jpg

335 0.04589611753022142 0.07353910760633293 0.7134101497859355 -0.6953642960567684 1147.242065125218 -72.74272723571657 1110.3470248724511 335 138_1.jpg

336 0.04590624559749599 0.07358354125694053 0.7133871283852563 -0.6953825451688217 1147.1542491224666 -72.74351831944715 1110.4382797890705 336 139_1.jpg

337 0.04592041514301978 0.07358254173844046 0.7133858658416431 -0.6953830106076597 1147.1349609103931 -72.7144157178943 1110.4603931795268 337 140_1.jpg

338 0.045977561109951166 0.07360191345694615 0.7133736220887437 -0.6953897450479433 1147.0181373393323 -72.62071078731151 1110.5877376645149 338 141_1.jpg

339 0.04599880187827274 0.07364751118666081 0.7133659569426708 -0.6953913759869629 1146.9110716426987 -72.64971403901407 1110.6970202599919 339 142_1.jpg

340 0.045994874038304635 0.07364961993172948 0.713350349423412 -0.6954074230432176 1146.91432727372 -72.615044140618 1110.6962558352402 340 143_1.jpg

341 0.046036387170609226 0.07367302159583429 0.7133362302688004 -0.6954166805096886 1146.8140825841056 -72.54953762814537 1110.8043598930353 341 144_1.jpg

342 0.04606010191468385 0.07366869917459748 0.7133341993762706 -0.695417651324545 1146.7860446716725 -72.49604329343016 1110.83700150846 342 145_1.jpg

343 0.0460551294207362 0.07367011306216813 0.713336715284857 -0.695415250136246 1146.791114241675 -72.51428476078834 1110.8307676246507 343 146_1.jpg

344 0.04607720217777294 0.07369628417242187 0.7133428050119242 -0.6954047682295299 1146.7143234952289 -72.54488993242636 1110.9082607249147 344 147_1.jpg

345 0.04611469803587673 0.07367139867837308 0.7133292793071209 -0.6954187939112774 1146.7005737670233 -72.39619456738825 1110.9325138433264 345 148_1.jpg

346 0.046120546694555606 0.07369406988879826 0.713310925066474 -0.695434830459786 1146.654952717054 -72.37631205577871 1110.9810558209226 346 149_1.jpg

347 0.04612788225645907 0.07370930105678176 0.7133169780416608 -0.6954265211032489 1146.6183298521134 -72.41054875793346 1111.0166566455655 347 150_1.jpg

348 0.046107914176137244 0.07371675459257011 0.7133324357190223 -0.695411199574634 1146.63506683742 -72.50265552855204 1110.9933978069778 348 151_1.jpg

349 0.046109200686795464 0.07372316926971575 0.7133339177335105 -0.6954089140468468 1146.6224397583471 -72.51698256538864 1111.0056048090978 349 152_1.jpg

350 0.046105868950027384 0.07372805396064556 0.7133352981474501 -0.6954072010875553 1146.6192298714582 -72.53578579509099 1111.0077220623834 350 153_1.jpg

351 0.04608051332031214 0.07373398594451279 0.7133420838220371 -0.6954012921021248 1146.6468885499462 -72.60883515235138 1110.9743188619398 351 154_1.jpg

352 0.04609428937356784 0.07372671897449981 0.7133378186694577 -0.6954055247496247 1146.6386334832875 -72.55979947614307 1110.9860947621098 352 155_1.jpg

353 0.04612689850651822 0.07370898303644612 0.7133234496554891 -0.6954199818997836 1146.620197503558 -72.43033874892438 1111.0137359711885 353 156_1.jpg

354 0.04611986952947425 0.07373589933316106 0.7133170613590546 -0.6954241473792789 1146.5861125200024 -72.4745695975467 1111.046025604231 354 157_1.jpg

355 0.046145740918431495 0.07372762924259947 0.7133152471676388 -0.6954251688280522 1146.5613749234271 -72.41063546954862 1111.0758596406945 355 158_1.jpg

356 0.046138326223396094 0.07373430518135465 0.7133246320219568 -0.6954153265807896 1146.560904163353 -72.46281055920961 1111.0729476230479 356 159_1.jpg

357 0.04613165712784798 0.07373263200526259 0.7133252237196455 -0.6954153394867939 1146.5736472433975 -72.47243447143043 1111.059182595452 357 160_1.jpg

358 0.046127866562285756 0.0737459460761887 0.7133437081923745 -0.6953952180926269 1146.5562210478422 -72.55754023107738 1111.071528374543 358 161_1.jpg

359 0.04613899442032054 0.07376439917831146 0.7133450856675125 -0.6953911096366947 1146.508778903121 -72.57804556851693 1111.1192096710438 359 162_1.jpg

360 0.046152474490971665 0.07377091018929358 0.7133447589559787 -0.6953898595595424 1146.477832489365 -72.56705282740538 1111.151958358763 360 163_1.jpg

361 0.046127775945289815 0.07377250510736903 0.7133478841533721 -0.6953881232451642 1146.5119634094651 -72.62017641609323 1111.1132713173695 361 164_1.jpg

362 0.0461213408717061 0.07376819597237808 0.7133505686180075 -0.6953862534099606 1146.5286444079002 -72.63047361701399 1111.095376558909 362 165_1.jpg

363 0.04611408016128075 0.07377834188172148 0.71334059651035 -0.6953958881459691 1146.5230277564344 -72.63289350647315 1111.1010036304065 363 166_1.jpg

364 0.0461044259658197 0.07379850298025935 0.713359267523698 -0.6953752356118873 1146.5029088769488 -72.74127476858061 1111.114548302577 364 167_1.jpg

365 0.04609757855871914 0.07379986748813197 0.7133631339174786 -0.6953715783501585 1146.5106719334628 -72.76644407896222 1111.1048533313524 365 168_1.jpg

366 0.04609116980657495 0.07380814245932511 0.7133847922442957 -0.69534890549071 1146.50538507791 -72.85554203600293 1111.1043422500095 366 169_1.jpg

367 0.04609931761166653 0.07380915863896564 0.7133823187200645 -0.6953507951777513 1146.4916366951047 -72.83676329441849 1111.119787132045 367 170_1.jpg

368 0.04609279405281388 0.07380334185901885 0.7133881686905413 -0.69534584333208 1146.5108208223305 -72.8535197001679 1111.0988874124023 368 171_1.jpg

369 0.04610951053550713 0.07379569519949684 0.7133816021067019 -0.6953522835109366 1146.4989382411065 -72.79221045612796 1111.115265568568 369 172_1.jpg

370 0.04608870479826914 0.07381754122746884 0.7133855793863114 -0.6953472636178313 1146.4933578365453 -72.87974953469919 1111.1151745894222 370 173_1.jpg

371 0.04608177572838077 0.0738020319456644 0.7133817354441371 -0.6953533127562718 1146.529780978812 -72.85070625222681 1111.0795261115777 371 174_1.jpg

372 0.046074479150104576 0.07380599883903959 0.7133847700480933 -0.6953502619326803 1146.5338971264073 -72.87914843352097 1111.0733510637342 372 175_1.jpg

373 0.04606869461095767 0.07383906828916663 0.7133819149596153 -0.6953500634785204 1146.4874522847824 -72.94322041849153 1111.1169721513002 373 176_1.jpg

374 0.04606755019754619 0.07384723214822124 0.7133811974099183 -0.6953500084884119 1146.4755907790732 -72.95853134016117 1111.128232571005 374 177_1.jpg

375 0.046057804108409005 0.07385936476441374 0.7133765579789968 -0.6953541252076871 1146.4701321000643 -72.98430234395491 1111.1321729339218 375 178_1.jpg

376 0.04605146681609875 0.07383596652309923 0.7133792478140378 -0.695354270311158 1146.5185301759286 -72.95824230347316 1111.0839689409315 376 179_1.jpg

377 0.046041933100233565 0.0738324535854401 0.7133833936495916 -0.6953510213258762 1146.5384205278822 -72.9794340380099 1111.0619985190217 377 180_1.jpg

378 0.04604210306065016 0.0738089568149211 0.7133757822535064 -0.6953613132277662 1146.577710108776 -72.91252444556359 1111.0258445762424 378 181_1.jpg

379 0.046028019280989846 0.07382213315860402 0.713362431264637 -0.6953745435067266 1146.577318165332 -72.9222428085725 1111.0254781392987 379 182_1.jpg

380 0.04603289771559891 0.07384143246460544 0.7133637152126999 -0.6953708542910138 1146.53772208573 -72.95446168427523 1111.0641391891359 380 183_1.jpg

381 0.046055790925464316 0.07383331907503325 0.7133497656153006 -0.6953845101907218 1146.5177501958956 -72.86060743931662 1111.091039706453 381 184_1.jpg

382 0.04606160229236196 0.07382595631484995 0.7133498883019479 -0.695384781130603 1146.5213700045958 -72.83733893502834 1111.088884785389 382 185_1.jpg

383 0.04606593804965666 0.07381190977282528 0.713344901637679 -0.6953911004857795 1146.5385982605806 -72.78904215747222 1111.0743613417158 383 186_1.jpg

384 0.04605785812210981 0.07384305696212587 0.7133429923663749 -0.6953902874540873 1146.4987802737637 -72.85602269747636 1111.1110118968893 384 187_1.jpg

385 0.046073031609767556 0.07384931954429115 0.7133218180967155 -0.6954103375621667 1146.4667050291328 -72.78133891194777 1111.149150813813 385 188_1.jpg

386 0.04607424108862321 0.0738520936300551 0.7133299401310307 -0.6954016314959474 1146.4599174740003 -72.80812421063342 1111.1544369102921 386 189_1.jpg

387 0.046068143251028565 0.07385742182638355 0.7133329088028867 -0.6953984243851686 1146.4600064994445 -72.83696749929516 1111.1524504085519 387 190_1.jpg

388 0.04603905792429989 0.07385132086179645 0.7133481287098455 -0.695385385824704 1146.5129184007753 -72.91783203520173 1111.0924671977293 388 191_1.jpg

389 0.04602298902511135 0.07386691353534314 0.7133442217343671 -0.6953888012357883 1146.51104198815 -72.96279676755886 1111.09134298283 389 192_1.jpg

390 0.04605196410568003 0.07387246860265281 0.7133417219017448 -0.695388857243782 1146.4586086443142 -72.91793186667788 1111.148449766129 390 193_1.jpg

391 0.04604792369568996 0.0738921109534734 0.7133380751290127 -0.6953907787951968 1146.432050190201 -72.95134195362897 1111.173667760598 391 194_1.jpg

392 0.04604742021479722 0.07389062355045688 0.713339120426823 -0.6953898979073345 1146.4352558804637 -72.95238708403586 1111.1703258587465 392 195_1.jpg
