1 -0.49853344263225136 0.5045073358299081 -0.5039542126856049 0.492916733523499 1.5386667139054686 -0.024938857627862403 2.1153399048271972 1 000_0.jpg

2 -0.6453131289111472 0.6569838853082128 -0.2782967558409047 0.2729359921092449 1.4939734510381386 0.091122457425644 2.115108815401906 2 000_1.jpg

3 -0.4985582257495775 0.5045303154403803 -0.5039298430191914 0.492893061072802 1.5387114464409222 -0.024909221304360116 2.1153398506671808 3 001_0.jpg

4 -0.6453272146015503 0.6569962168368524 -0.2782646707663658 0.27290571661281515 1.4940070673924388 0.09114781268542804 2.115108862826181 4 001_1.jpg

5 -0.49853404173839777 0.504554211934625 -0.5039062123850934 0.4929172197912304 1.538768304318718 -0.024740110798114816 2.115340123598997 5 002_0.jpg

6 -0.6452957206511205 0.6570271498658453 -0.27825158527874494 0.27291905858400656 1.4940639253028665 0.0913169005242532 2.1150980084882587 6 002_1.jpg

7 -0.49853404173839777 0.504554211934625 -0.5039062123850934 0.4929172197912304 1.538766881088658 -0.024785442347814584 2.115338856776446 7 003_0.jpg

8 -0.6452957206511205 0.6570271498658453 -0.27825158527874494 0.27291905858400656 1.4940625020728064 0.09127156897455344 2.115096741665708 8 003_1.jpg

9 -0.4985092574733575 0.5045312334655979 -0.5039305831395975 0.49294089102815286 1.5387598690658257 -0.024854129215976534 2.11533703508478 9 004_0.jpg

10 -0.6452816343098348 0.6570148189517482 -0.27828367177879293 0.2729493325171231 1.4940666061984957 0.09120716314863754 2.1150948183897946 10 004_1.jpg

11 -0.49855751435047574 0.5045298996265676 -0.5038830165606967 0.4929420766065457 1.538617482037713 -0.024884710420844332 2.1154825129182355 11 005_0.jpg

12 -0.6453086822807215 0.6570136874944473 -0.27822156506437073 0.2729514237940515 1.493913444307279 0.09117242334735055 2.115236114648659 12 005_1.jpg

13 -0.49855751435047574 0.5045298996265676 -0.5038830165606967 0.4929420766065457 1.5386465574525994 -0.024919168926823606 2.1154809424492824 13 006_0.jpg

14 -0.6453086822807215 0.6570136874944473 -0.27822156506437073 0.2729514237940515 1.4939425197221654 0.09113796484137128 2.115234544179706 14 006_1.jpg

15 -0.49853272895014805 0.50450692232515 -0.5039073861589868 0.4929657489785076 1.5386611757100759 -0.024906343206308388 2.115481014508249 15 007_0.jpg

16 -0.6452945944434346 0.6570013580749229 -0.27825365090621695 0.2729816983373636 1.4939682541281651 0.0911550715631777 2.1152345146532543 16 007_1.jpg

17 -0.49853272895014805 0.50450692232515 -0.5039073861589868 0.4929657489785076 1.5386124437179383 -0.024993561050647126 2.115479503660653 17 008_0.jpg

18 -0.6452945944434346 0.6570013580749229 -0.27825365090621695 0.2729816983373636 1.4939195221360275 0.09106785371883896 2.115233003805658 18 008_1.jpg

19 -0.49855751435047574 0.5045298996265676 -0.5038830165606967 0.4929420766065457 1.53870355238441 -0.024931060917476263 2.1154794544668376 19 009_0.jpg

20 -0.6453086822807215 0.6570136874944473 -0.27822156506437073 0.2729514237940515 1.493999514653976 0.09112607285071862 2.115233056197261 20 009_1.jpg

21 -0.49855679787353974 0.5045294797160151 -0.5038361906205654 0.49299109161578875 1.5385834636833022 -0.024775095749953922 2.1156263577394245 21 010_0.jpg

22 -0.6452901454521519 0.6570311541514559 -0.2781784617701115 0.2729971319702116 1.4938797698077981 0.09128213672675474 2.115364549159645 22 010_1.jpg

23 -0.4985085414803249 0.5045308176762675 -0.5038837566466646 0.49298990646231383 1.538735602366903 -0.02487971337236482 2.1154768422462893 23 011_0.jpg

24 -0.6452630977140743 0.6570322895873388 -0.27824056775620654 0.272995039557059 1.4940426818513084 0.09118167764141093 2.115219215123877 24 011_1.jpg

25 -0.4985333280283637 0.5045537938362439 -0.5038593859603965 0.4929662353042339 1.538690151896886 -0.024828220458848634 2.1154792293937974 25 012_0.jpg

26 -0.6452771862022817 0.6570446183923653 -0.278208480488957 0.27296476657715835 1.493986115265502 0.09122888957521023 2.1152217038567604 26 012_1.jpg

27 -0.4985085414803249 0.5045308176762675 -0.5038837566466646 0.49298990646231383 1.538716962706137 -0.024926784010539594 2.115475872539173 27 013_0.jpg

28 -0.6452630977140743 0.6570322895873388 -0.27824056775620654 0.272995039557059 1.4940240421905424 0.09113460700323615 2.1152182454167607 28 013_1.jpg

29 -0.4985320101902389 0.5045065047236217 -0.5038605601505293 0.49301476390877835 1.5385879995702874 -0.02488734322418536 2.1156230585391413 29 014_0.jpg

30 -0.6452760554679344 0.6570188268409285 -0.2782105483790662 0.2730274055601977 1.4938954218105749 0.0911741701911447 2.1153611483728123 30 014_1.jpg

31 -0.49855679787353974 0.5045294797160151 -0.5038361906205654 0.49299109161578875 1.538741937749286 -0.024740364666593538 2.1156241579187824 31 015_0.jpg

32 -0.6452901454521519 0.6570311541514559 -0.2781784617701115 0.2729971319702116 1.4940382438737818 0.09131686781011512 2.115362349339003 32 015_1.jpg

33 -0.4985320101902389 0.5045065047236217 -0.5038605601505293 0.49301476390877835 1.5386597147547911 -0.02491494537884505 2.115620825057873 33 016_0.jpg

34 -0.6452760554679344 0.6570188268409285 -0.2782105483790662 0.2730274055601977 1.4939671369950787 0.091146568036485 2.115358914891544 34 016_1.jpg

35 -0.49855679787353974 0.5045294797160151 -0.5038361906205654 0.49299109161578875 1.538676576627189 -0.024836063168857524 2.115622739694013 35 017_0.jpg

36 -0.6452901454521519 0.6570311541514559 -0.2781784617701115 0.2729971319702116 1.493972882751685 0.09122116930785114 2.115360931114233 36 017_1.jpg

37 -0.4985326097104698 0.5045533711769848 -0.503812560513362 0.4930152498231451 1.53866051321569 -0.02476890057776552 2.115621529279567 37 018_0.jpg

38 -0.6452586478577627 0.6570620823173605 -0.2781653783612692 0.273010475305762 1.4939568215055854 0.09128830709858075 2.1153485936509915 38 018_1.jpg

39 -0.4985320101902389 0.5045065047236217 -0.5038605601505293 0.49301476390877835 1.5387331534565385 -0.02498897448044231 2.11561723006008 39 019_0.jpg

40 -0.6452760554679344 0.6570188268409285 -0.2782105483790662 0.2730274055601977 1.494040575696826 0.09107253893488775 2.115355319893751 40 019_1.jpg

41 -0.49855679787353974 0.5045294797160151 -0.5038361906205654 0.49299109161578875 1.53872241363198 -0.024816613091696214 2.1156223721807326 41 020_0.jpg

42 -0.6452901454521519 0.6570311541514559 -0.2781784617701115 0.2729971319702116 1.4940187197564758 0.09124061938501245 2.115360563600953 42 020_1.jpg

43 -0.49855679787353974 0.5045294797160151 -0.5038361906205654 0.49299109161578875 1.5386099311741999 -0.024836647320933568 2.11562406553538 43 021_0.jpg

44 -0.6452901454521519 0.6570311541514559 -0.2781784617701115 0.2729971319702116 1.4939062372986958 0.0912205851557751 2.1153622569556005 44 021_1.jpg

45 -0.49850914103056826 0.5045776864222922 -0.5038357546613779 0.4929903923997826 1.5387217576287073 -0.024713584945553684 2.1154784153935964 45 022_0.jpg

46 -0.6452456892529712 0.6570755471795389 -0.2781953955284579 0.27297810847379733 1.494017722096451 0.09134350028804507 2.115209762807607 46 022_1.jpg

47 -0.49850914103056826 0.5045776864222922 -0.5038357546613779 0.4929903923997826 1.5387429608605887 -0.02473102008085896 2.1154774900021778 47 023_0.jpg

48 -0.6452456892529712 0.6570755471795389 -0.2781953955284579 0.27297810847379733 1.4940389253283324 0.09132606515273979 2.1152088374161884 48 023_1.jpg

49 -0.4985333280283637 0.5045537938362439 -0.5038593859603965 0.4929662353042339 1.5387534018246205 -0.02484569927354646 2.115477455746911 49 024_0.jpg

50 -0.6452771862022817 0.6570446183923653 -0.278208480488957 0.27296476657715835 1.4940493651932365 0.09121141076051241 2.115219930209874 50 024_1.jpg

51 -0.4985333280283637 0.5045537938362439 -0.5038593859603965 0.4929662353042339 1.5387419650112824 -0.024768492111879866 2.115479892574369 51 025_0.jpg

52 -0.6452771862022817 0.6570446183923653 -0.278208480488957 0.27296476657715835 1.4940379283798984 0.091288617922179 2.1152223670373322 52 025_1.jpg

53 -0.4985333280283637 0.5045537938362439 -0.5038593859603965 0.4929662353042339 1.5387578473774246 -0.024908790651798015 2.1154755631575584 53 026_0.jpg

54 -0.6452771862022817 0.6570446183923653 -0.278208480488957 0.27296476657715835 1.4940538107460406 0.09114831938226085 2.1152180376205214 54 026_1.jpg

55 -0.4985326097104698 0.5045533711769848 -0.503812560513362 0.4930152498231451 1.5385720693377052 -0.024788141944082666 2.115622761049055 55 027_0.jpg

56 -0.6452586478577627 0.6570620823173605 -0.2781653783612692 0.273010475305762 1.4938683776276005 0.09126906573226361 2.1153498254204797 56 027_1.jpg

57 -0.49850914103056826 0.5045776864222922 -0.5038357546613779 0.4929903923997826 1.5387240724321034 -0.024780896744838337 2.11547644511532 57 028_0.jpg

58 -0.6452456892529712 0.6570755471795389 -0.2781953955284579 0.27297810847379733 1.494020036899847 0.09127618848876042 2.1152077925293304 58 028_1.jpg

59 -0.4985078208794833 0.5045303973260066 -0.5038369311311706 0.4930389209021688 1.5386280297774828 -0.02487281033032875 2.1156192140898127 59 029_0.jpg

60 -0.645244557222599 0.6570497556212742 -0.27819746639549375 0.2730407473322691 1.493935454150334 0.09118867826296291 2.1153461768747293 60 029_1.jpg

61 -0.4985326097104698 0.5045533711769848 -0.503812560513362 0.4930152498231451 1.5386159384965494 -0.024781890388549867 2.1156220559872754 61 030_0.jpg

62 -0.6452586478577627 0.6570620823173605 -0.2781653783612692 0.273010475305762 1.4939122467864447 0.0912753172877964 2.1153491203587 62 030_1.jpg

63 -0.4985326097104698 0.5045533711769848 -0.503812560513362 0.4930152498231451 1.5386479687753662 -0.024838058787718977 2.115619805565304 63 031_0.jpg

64 -0.6452586478577627 0.6570620823173605 -0.2781653783612692 0.273010475305762 1.4939442770652616 0.0912191488886273 2.1153468699367286 64 031_1.jpg

65 -0.4985326097104698 0.5045533711769848 -0.503812560513362 0.4930152498231451 1.538662468046995 -0.024870108522446456 2.115618597562845 65 032_0.jpg

66 -0.6452586478577627 0.6570620823173605 -0.2781653783612692 0.273010475305762 1.4939587763368902 0.09118709915389982 2.1153456619342696 66 032_1.jpg

67 -0.4985326097104698 0.5045533711769848 -0.503812560513362 0.4930152498231451 1.5386827064343733 -0.024783959348934216 2.1156206518575136 67 033_0.jpg

68 -0.6452586478577627 0.6570620823173605 -0.2781653783612692 0.273010475305762 1.4939790147242686 0.09127324832741206 2.1153477162289382 68 033_1.jpg

69 -0.49848362995322826 0.5045542892332079 -0.5038133004949515 0.49306307723191883 1.5386165666073401 -0.024819353722487565 2.1156174997970583 69 034_0.jpg

70 -0.6452130568825715 0.6570806834926582 -0.27818438351847874 0.2730540887361194 1.49392399311279 0.09124210898147768 2.1153333353194705 70 034_1.jpg

71 -0.4985084199318656 0.5045772619426958 -0.5037889287893336 0.49303940736693924 1.5385960906182365 -0.024748537366085576 2.115619936076133 71 035_0.jpg

72 -0.6452271481686613 0.6570930095742631 -0.2781522940590304 0.2730238182731914 1.4938924010736687 0.09130864444261078 2.1153358731850087 72 035_1.jpg

73 -0.4985084199318656 0.5045772619426958 -0.5037889287893336 0.49303940736693924 1.5385929023029323 -0.024794173974860233 2.1156186960923162 73 036_0.jpg

74 -0.6452271481686613 0.6570930095742631 -0.2781522940590304 0.2730238182731914 1.4938892127583645 0.09126300783383612 2.1153346332011917 74 036_1.jpg

75 -0.4985084199318656 0.5045772619426958 -0.5037889287893336 0.49303940736693924 1.5386633602101458 -0.024746607165488887 2.1156186361294442 75 037_0.jpg

76 -0.6452271481686613 0.6570930095742631 -0.2781522940590304 0.2730238182731914 1.493959670665578 0.09131057464320746 2.1153345732383197 76 037_1.jpg

77 -0.4985084199318656 0.5045772619426958 -0.5037889287893336 0.49303940736693924 1.5386280805939325 -0.024766249015065033 2.1156187854895063 77 038_0.jpg

78 -0.6452271481686613 0.6570930095742631 -0.2781522940590304 0.2730238182731914 1.4939243910493647 0.09129093279363132 2.115334722598382 78 038_1.jpg

79 -0.49848362995322826 0.5045542892332079 -0.5038133004949515 0.49306307723191883 1.5386886177878358 -0.024888887892084884 2.115614061207002 79 039_0.jpg

80 -0.6452130568825715 0.6570806834926582 -0.27818438351847874 0.2730540887361194 1.4939960442932856 0.09117257481188036 2.1153298967294143 80 039_1.jpg

81 -0.4985084199318656 0.5045772619426958 -0.5037889287893336 0.49303940736693924 1.5387304672446565 -0.024826131601421286 2.1156150116329866 81 040_0.jpg

82 -0.6452271481686613 0.6570930095742631 -0.2781522940590304 0.2730238182731914 1.4940267777000886 0.09123105020727507 2.115330948741862 82 040_1.jpg

83 -0.4985084199318656 0.5045772619426958 -0.5037889287893336 0.49303940736693924 1.5386255607624637 -0.02475278582502134 2.1156192210034317 83 041_0.jpg

84 -0.6452271481686613 0.6570930095742631 -0.2781522940590304 0.2730238182731914 1.4939218712178959 0.09130439598367501 2.115335158112307 84 041_1.jpg

85 -0.4984601635740477 0.5045786044360902 -0.503836494607493 0.4930382175619807 1.5387007602061247 -0.024905989796900688 2.1154698668859635 85 042_0.jpg

86 -0.6452001004190524 0.6570941474817339 -0.27821439979227036 0.2730217198552614 1.494007841823132 0.09115535050551901 2.115189985451986 86 042_1.jpg

87 -0.4984849524173155 0.5046015783130479 -0.5038121217454578 0.4930145488318046 1.538608121894191 -0.024688032670090943 2.115477961848593 87 043_0.jpg

88 -0.6452141902089912 0.6571064750576917 -0.2781823096744631 0.27299145000236186 1.4939040874611826 0.09136902669576008 2.1151981819998986 88 043_1.jpg

89 -0.4984601635740477 0.5045786044360902 -0.503836494607493 0.4930382175619807 1.5387340128683307 -0.02486671108905532 2.115470319543182 89 044_0.jpg

90 -0.6452001004190524 0.6570941474817339 -0.27821439979227036 0.2730217198552614 1.494041094485338 0.09119462921336438 2.1151904381092046 90 044_1.jpg

91 -0.4985084199318656 0.5045772619426958 -0.5037889287893336 0.49303940736693924 1.5386355467771384 -0.02474794172345347 2.1156191582762642 91 045_0.jpg

92 -0.6452271481686613 0.6570930095742631 -0.2781522940590304 0.2730238182731914 1.4939318572325706 0.09130924008524288 2.1153350953851398 92 045_1.jpg

93 -0.49848362995322826 0.5045542892332079 -0.5038133004949515 0.49306307723191883 1.5385960990898246 -0.024898176028510195 2.1156156595066067 93 046_0.jpg

94 -0.6452130568825715 0.6570806834926582 -0.27818438351847874 0.2730540887361194 1.4939035255952744 0.09116328667545505 2.115331495029019 94 046_1.jpg

95 -0.4985084199318656 0.5045772619426958 -0.5037889287893336 0.49303940736693924 1.538653285782809 -0.024748093454454567 2.1156187965977336 95 047_0.jpg

96 -0.6452271481686613 0.6570930095742631 -0.2781522940590304 0.2730238182731914 1.4939495962382412 0.09130908835424179 2.115334733706609 96 047_1.jpg

97 -0.4985084199318656 0.5045772619426958 -0.5037889287893336 0.49303940736693924 1.5387403657884509 -0.02473158362086898 2.1156175142405584 97 048_0.jpg

98 -0.6452271481686613 0.6570930095742631 -0.2781522940590304 0.2730238182731914 1.494036676243883 0.09132559818782737 2.115333451349434 98 048_1.jpg

99 -0.4985318867568116 0.5045529439404285 -0.5037657342249315 0.49306426525206215 1.538566212506313 -0.024688225871034468 2.115765705573419 99 049_0.jpg

100 -0.6452401048973926 0.6570795423192629 -0.27812227722126526 0.2730561865454935 1.4938628682676893 0.09136907838198016 2.115477359589726 100 049_1.jpg

101 -0.4985560777007342 0.504529054299839 -0.503789364756991 0.4930401065965299 1.5386128520322164 -0.024785929081568767 2.1157654467644122 101 050_0.jpg

102 -0.6452716052315554 0.6570486156836938 -0.2781353599716879 0.2730428421392019 1.493909504561746 0.09127140103900097 2.1154882280430094 102 050_1.jpg

103 -0.4985560777007342 0.504529054299839 -0.503789364756991 0.4930401065965299 1.5385612487402942 -0.024697449968167504 2.1157690148550317 103 051_0.jpg

104 -0.6452716052315554 0.6570486156836938 -0.2781353599716879 0.2730428421392019 1.4938579012698239 0.09135988015240223 2.115491796133629 104 051_1.jpg

105 -0.49853128773446653 0.5045060816164626 -0.5038137342183603 0.4930637788103779 1.538553743672272 -0.024814546300796464 2.1157658196416564 105 052_0.jpg

106 -0.6452575131003147 0.6570362904820909 -0.2781674473474992 0.2730731147757083 1.4938615122847596 0.09124706469548097 2.115488499332567 106 052_1.jpg

107 -0.4985078208794833 0.5045303973260066 -0.5038369311311706 0.4930389209021688 1.5386874294878634 -0.024855024910415042 2.115618525790475 107 053_0.jpg

108 -0.645244557222599 0.6570497556212742 -0.27819746639549375 0.2730407473322691 1.4939948538607146 0.09120646368287662 2.1153454885753917 108 053_1.jpg

109 -0.49853128773446653 0.5045060816164626 -0.5038137342183603 0.4930637788103779 1.538606204316428 -0.024968944322346615 2.1157603504384683 109 054_0.jpg

110 -0.6452575131003147 0.6570362904820909 -0.2781674473474992 0.2730731147757083 1.4939139729289155 0.09109266667393082 2.1154830301293788 110 054_1.jpg

111 -0.4985560777007342 0.504529054299839 -0.503789364756991 0.4930401065965299 1.5386727117543306 -0.024751135877901263 2.115765235249937 111 055_0.jpg

112 -0.6452716052315554 0.6570486156836938 -0.2781353599716879 0.2730428421392019 1.4939693642838603 0.09130619424266848 2.115488016528534 112 055_1.jpg

113 -0.4985802670290458 0.5045051639640245 -0.5038129936723015 0.49301594727739967 1.5386762649799044 -0.02478392545736439 2.1157676799860607 113 056_0.jpg

114 -0.6453031034709638 0.6570176881391413 -0.27814844182881315 0.2730294973647427 1.493972914277743 0.09127342946347292 2.115501588313195 114 056_1.jpg

115 -0.4985554782105176 0.5044821901392897 -0.5038373620458829 0.4930396207052668 1.5386497846882723 -0.024919157810918257 2.115764348723517 115 057_0.jpg

116 -0.6452890119907394 0.6570053623231702 -0.2781805277793866 0.27305977156475686 1.4939575501019042 0.09114247800740487 2.115498155462926 116 057_1.jpg

117 -0.49853128773446653 0.5045060816164626 -0.5038137342183603 0.4930637788103779 1.5385850723648296 -0.024857449848888463 2.1157639624377866 117 058_0.jpg

118 -0.6452575131003147 0.6570362904820909 -0.2781674473474992 0.2730731147757083 1.4938928409773171 0.09120416114738897 2.115486642128697 118 058_1.jpg

119 -0.4985560777007342 0.504529054299839 -0.503789364756991 0.4930401065965299 1.5385515446980809 -0.024696247423358884 2.1157692447041243 119 059_0.jpg

120 -0.6452716052315554 0.6570486156836938 -0.2781353599716879 0.2730428421392019 1.4938481972276105 0.09136108269721085 2.1154920259827215 120 059_1.jpg

121 -0.49855679787353974 0.5045294797160151 -0.5038361906205654 0.49299109161578875 1.5387029180853131 -0.024866132633485992 2.1156213497297447 121 060_0.jpg

122 -0.6452901454521519 0.6570311541514559 -0.2781784617701115 0.2729971319702116 1.493999224209809 0.09119109984322267 2.115359541149965 122 060_1.jpg

123 -0.4985802670290458 0.5045051639640245 -0.5038129936723015 0.49301594727739967 1.5385646802813886 -0.02485742291383373 2.1157678273746794 123 061_0.jpg

124 -0.6453031034709638 0.6570176881391413 -0.27814844182881315 0.2730294973647427 1.4938613295792271 0.09119993200700358 2.1155017357018138 124 061_1.jpg

125 -0.4985326097104698 0.5045533711769848 -0.503812560513362 0.4930152498231451 1.5386643497358263 -0.024677782560030094 2.1156240559811312 125 062_0.jpg

126 -0.6452586478577627 0.6570620823173605 -0.2781653783612692 0.273010475305762 1.4939606580257216 0.09137942511631618 2.115351120352556 126 062_1.jpg

127 -0.4985320101902389 0.5045065047236217 -0.5038605601505293 0.49301476390877835 1.5386454668142926 -0.024923852382420637 2.1156208575287665 127 063_0.jpg

128 -0.6452760554679344 0.6570188268409285 -0.2782105483790662 0.2730274055601977 1.4939528890545801 0.09113766103290942 2.1153589473624375 128 063_1.jpg

129 -0.4985326097104698 0.5045533711769848 -0.503812560513362 0.4930152498231451 1.5387158366049234 -0.02474677437974685 2.115621047147103 129 064_0.jpg

130 -0.6452586478577627 0.6570620823173605 -0.2781653783612692 0.273010475305762 1.4940121448948187 0.09131043329659942 2.1153481115185278 130 064_1.jpg

131 -0.4985078208794833 0.5045303973260066 -0.5038369311311706 0.4930389209021688 1.5387288268106385 -0.024908423230648142 2.115616165838398 131 065_0.jpg

132 -0.645244557222599 0.6570497556212742 -0.27819746639549375 0.2730407473322691 1.4940362511834897 0.09115306536264352 2.1153431286233144 132 065_1.jpg

133 -0.4985078208794833 0.5045303973260066 -0.5038369311311706 0.4930389209021688 1.538698061109626 -0.024945835702659198 2.115615716416252 133 066_0.jpg

134 -0.645244557222599 0.6570497556212742 -0.27819746639549375 0.2730407473322691 1.4940054854824771 0.09111565289063246 2.1153426792011687 134 066_1.jpg

135 -0.49855679787353974 0.5045294797160151 -0.5038361906205654 0.49299109161578875 1.5386439197135713 -0.02492931646733095 2.1156207325407284 135 067_0.jpg

136 -0.6452901454521519 0.6570311541514559 -0.2781784617701115 0.2729971319702116 1.4939402258380672 0.09112791600937771 2.1153589239609487 136 067_1.jpg

137 -0.49853128773446653 0.5045060816164626 -0.5038137342183603 0.4930637788103779 1.5385829876901957 -0.02479221951008334 2.1157658685960046 137 068_0.jpg

138 -0.6452575131003147 0.6570362904820909 -0.2781674473474992 0.2730731147757083 1.4938907563026833 0.09126939148619409 2.115488548286915 138 068_1.jpg

139 -0.4985078208794833 0.5045303973260066 -0.5038369311311706 0.4930389209021688 1.5387303006668116 -0.024828946110268108 2.1156184074589617 139 069_0.jpg

140 -0.645244557222599 0.6570497556212742 -0.27819746639549375 0.2730407473322691 1.4940377250396628 0.09123254248302355 2.1153453702438783 140 069_1.jpg

141 -0.49853128773446653 0.5045060816164626 -0.5038137342183603 0.4930637788103779 1.538567657637676 -0.02483933663253232 2.1157648308902894 141 070_0.jpg

142 -0.6452575131003147 0.6570362904820909 -0.2781674473474992 0.2730731147757083 1.4938754262501635 0.09122227436374511 2.1154875105812 142 070_1.jpg

143 -0.4985560777007342 0.504529054299839 -0.503789364756991 0.4930401065965299 1.5386042498692096 -0.024740000474063138 2.115766932605793 143 071_0.jpg

144 -0.6452716052315554 0.6570486156836938 -0.2781353599716879 0.2730428421392019 1.4939009023987393 0.0913173296465066 2.11548971388439 144 071_1.jpg

145 -0.49853128773446653 0.5045060816164626 -0.5038137342183603 0.4930637788103779 1.5385849858962124 -0.02481463329032671 2.1157651877984067 145 072_0.jpg

146 -0.6452575131003147 0.6570362904820909 -0.2781674473474992 0.2730731147757083 1.4938927545087 0.09124697770595072 2.115487867489317 146 072_1.jpg

147 -0.4985802670290458 0.5045051639640245 -0.5038129936723015 0.49301594727739967 1.538547635651958 -0.024816495393957454 2.1157693403627715 147 073_0.jpg

148 -0.6453031034709638 0.6570176881391413 -0.27814844182881315 0.2730294973647427 1.4938442849497966 0.09124085952687985 2.115503248689906 148 073_1.jpg

149 -0.4985554782105176 0.5044821901392897 -0.5038373620458829 0.4930396207052668 1.5385803837632868 -0.02494610802158582 2.1157649765787463 149 074_0.jpg

150 -0.6452890119907394 0.6570053623231702 -0.2781805277793866 0.27305977156475686 1.4938881491769187 0.0911155277967373 2.1154987833181553 150 074_1.jpg

151 -0.4985554782105176 0.5044821901392897 -0.5038373620458829 0.4930396207052668 1.538578989029742 -0.024906554035160077 2.115766135055467 151 075_0.jpg

152 -0.6452890119907394 0.6570053623231702 -0.2781805277793866 0.27305977156475686 1.493886754443374 0.09115508178316305 2.115499941794876 152 075_1.jpg

153 -0.4985320101902389 0.5045065047236217 -0.5038605601505293 0.49301476390877835 1.5387069540337472 -0.02496588727757994 2.1156184176227826 153 076_0.jpg

154 -0.6452760554679344 0.6570188268409285 -0.2782105483790662 0.2730274055601977 1.4940143762740348 0.09109562613775012 2.1153565074564535 154 076_1.jpg

155 -0.49855679787353974 0.5045294797160151 -0.5038361906205654 0.49299109161578875 1.5387044808739245 -0.024782647420886948 2.115623704102754 155 077_0.jpg

156 -0.6452901454521519 0.6570311541514559 -0.2781784617701115 0.2729971319702116 1.4940007869984204 0.09127458505582171 2.1153618955229745 156 077_1.jpg

157 -0.49855679787353974 0.5045294797160151 -0.5038361906205654 0.49299109161578875 1.5387183897320609 -0.024837889483331398 2.115621845199607 157 078_0.jpg

158 -0.6452901454521519 0.6570311541514559 -0.2781784617701115 0.2729971319702116 1.4940146958565568 0.09121934299337726 2.1153600366198275 158 078_1.jpg

159 -0.4985320101902389 0.5045065047236217 -0.5038605601505293 0.49301476390877835 1.5386644656679402 -0.024814360085150883 2.1156236038969483 159 079_0.jpg

160 -0.6452760554679344 0.6570188268409285 -0.2782105483790662 0.2730274055601977 1.4939718879082278 0.09124715333017917 2.115361693730619 160 079_1.jpg

161 -0.49855679787353974 0.5045294797160151 -0.5038361906205654 0.49299109161578875 1.5387126360880428 -0.024790029036319626 2.115623328867523 161 080_0.jpg

162 -0.6452901454521519 0.6570311541514559 -0.2781784617701115 0.2729971319702116 1.4940089422125387 0.09126720344038904 2.115361520287743 162 080_1.jpg

163 -0.4985326097104698 0.5045533711769848 -0.503812560513362 0.4930152498231451 1.5387357685692122 -0.024712934024574564 2.115621612724114 163 081_0.jpg

164 -0.6452586478577627 0.6570620823173605 -0.2781653783612692 0.273010475305762 1.4940320768591075 0.09134427365177171 2.1153486770955388 164 081_1.jpg

165 -0.49853128773446653 0.5045060816164626 -0.5038137342183603 0.4930637788103779 1.5385462539640762 -0.024880331626001534 2.115764090493504 165 082_0.jpg

166 -0.6452575131003147 0.6570362904820909 -0.2781674473474992 0.2730731147757083 1.4938540225765637 0.0911812793702759 2.1154867701844142 166 082_1.jpg

167 -0.4985802670290458 0.5045051639640245 -0.5038129936723015 0.49301594727739967 1.5385610234926395 -0.024920306596237212 2.1157661039381535 167 083_0.jpg

168 -0.6453031034709638 0.6570176881391413 -0.27814844182881315 0.2730294973647427 1.493857672790478 0.0911370483246001 2.115500012265288 168 083_1.jpg

169 -0.4985802670290458 0.5045051639640245 -0.5038129936723015 0.49301594727739967 1.538556444795268 -0.024891255594689726 2.115767026397816 169 084_0.jpg

170 -0.6453031034709638 0.6570176881391413 -0.27814844182881315 0.2730294973647427 1.4938530940931065 0.09116609932614758 2.1155009347249503 170 084_1.jpg

171 -0.49855679787353974 0.5045294797160151 -0.5038361906205654 0.49299109161578875 1.538710028911204 -0.024863264772955605 2.1156212884443537 171 085_0.jpg

172 -0.6452901454521519 0.6570311541514559 -0.2781784617701115 0.2729971319702116 1.4940063350356998 0.09119396770375306 2.115359479864574 172 085_1.jpg

173 -0.4985078208794833 0.5045303973260066 -0.5038369311311706 0.4930389209021688 1.5386722218308204 -0.024860275827144025 2.115618682078727 173 086_0.jpg

174 -0.645244557222599 0.6570497556212742 -0.27819746639549375 0.2730407473322691 1.4939796462036716 0.09120121276614764 2.1153456448636434 174 086_1.jpg

175 -0.4985326097104698 0.5045533711769848 -0.503812560513362 0.4930152498231451 1.538642371226787 -0.02469560165671362 2.1156239894887694 175 087_0.jpg

176 -0.6452586478577627 0.6570620823173605 -0.2781653783612692 0.273010475305762 1.4939386795166822 0.09136160601963265 2.115351053860194 176 087_1.jpg

177 -0.4985320101902389 0.5045065047236217 -0.5038605601505293 0.49301476390877835 1.5387319341981731 -0.02491795702139284 2.115619284170235 177 088_0.jpg

178 -0.6452760554679344 0.6570188268409285 -0.2782105483790662 0.2730274055601977 1.4940393564384606 0.09114355639393722 2.115357374003906 178 088_1.jpg

179 -0.4985560777007342 0.504529054299839 -0.503789364756991 0.4930401065965299 1.5385702185497085 -0.024771934877586475 2.115766705520882 179 089_0.jpg

180 -0.6452716052315554 0.6570486156836938 -0.2781353599716879 0.2730428421392019 1.4938668710792382 0.09128539524298326 2.115489486799479 180 089_1.jpg

181 -0.4985078208794833 0.5045303973260066 -0.5038369311311706 0.4930389209021688 1.5386290897376238 -0.02485036761360195 2.1156198341091765 181 090_0.jpg

182 -0.645244557222599 0.6570497556212742 -0.27819746639549375 0.2730407473322691 1.493936514110475 0.09121112097968971 2.115346796894093 182 090_1.jpg

183 -0.4985326097104698 0.5045533711769848 -0.503812560513362 0.4930152498231451 1.5386564638444624 -0.024733250417267184 2.1156226296682252 183 091_0.jpg

184 -0.6452586478577627 0.6570620823173605 -0.2781653783612692 0.273010475305762 1.4939527721343577 0.09132395725907909 2.11534969403965 184 091_1.jpg

185 -0.49850914103056826 0.5045776864222922 -0.5038357546613779 0.4929903923997826 1.5387565787193014 -0.02474508645506483 2.115476813686797 185 092_0.jpg

186 -0.6452456892529712 0.6570755471795389 -0.2781953955284579 0.27297810847379733 1.494052543187045 0.09131199877853392 2.115208161100808 186 092_1.jpg

187 -0.4985326097104698 0.5045533711769848 -0.503812560513362 0.4930152498231451 1.5386291376452745 -0.024760626213247518 2.1156223977891404 187 093_0.jpg

188 -0.6452586478577627 0.6570620823173605 -0.2781653783612692 0.273010475305762 1.4939254459351698 0.09129658146309876 2.115349462160565 188 093_1.jpg

189 -0.49848435333489777 0.5045547114037877 -0.5038601264355471 0.4930140623439497 1.5387607788604398 -0.024832930864128733 2.115474218644848 189 094_0.jpg

190 -0.6452316001138884 0.6570632189890266 -0.2782274842210093 0.27300837989024757 1.4940678594111374 0.09122843532761298 2.115205464473528 190 094_1.jpg

191 -0.4985333280283637 0.5045537938362439 -0.5038593859603965 0.4929662353042339 1.5387682930377613 -0.024838699005604255 2.1154773558264126 191 095_0.jpg

192 -0.6452771862022817 0.6570446183923653 -0.278208480488957 0.27296476657715835 1.4940642564063773 0.09121841102845461 2.1152198302893757 192 095_1.jpg

193 -0.4985320101902389 0.5045065047236217 -0.5038605601505293 0.49301476390877835 1.5386327286782 -0.024921466574091073 2.1156211823134172 193 096_0.jpg

194 -0.6452760554679344 0.6570188268409285 -0.2782105483790662 0.2730274055601977 1.4939401509184875 0.09114004684123898 2.115359272147088 194 096_1.jpg

195 -0.4985320101902389 0.5045065047236217 -0.5038605601505293 0.49301476390877835 1.5386209171716894 -0.024831587422744678 2.1156239888312585 195 097_0.jpg

196 -0.6452760554679344 0.6570188268409285 -0.2782105483790662 0.2730274055601977 1.493928339411977 0.09122992599258538 2.1153620786649294 196 097_1.jpg

197 -0.4985561988253594 0.5044826104977175 -0.5038841884711228 0.49299060531313904 1.5386241864955148 -0.02501433047428624 2.1156221345143402 197 098_0.jpg

198 -0.6453075528424269 0.6569878959498975 -0.27822362997749067 0.27301406290151714 1.4939316066031911 0.09104720669675853 2.1153713516152752 198 098_1.jpg

199 -0.4985809853608952 0.5045055866314953 -0.5038598200290803 0.49296693180621404 1.5386177532147243 -0.024888877900992312 2.115625849314149 199 099_0.jpg

200 -0.6453216421756534 0.6570002238748497 -0.2781915447939071 0.27298378774809096 1.493914057173875 0.09116837830975459 2.1153751680016732 200 099_1.jpg

201 -0.49855679787353974 0.5045294797160151 -0.5038361906205654 0.49299109161578875 1.538681673191071 -0.024833929694376 2.1156226979973187 201 100_0.jpg

202 -0.6452901454521519 0.6570311541514559 -0.2781784617701115 0.2729971319702116 1.493977979315567 0.09122330278233266 2.115360889417539 202 100_1.jpg

203 -0.49855679787353974 0.5045294797160151 -0.5038361906205654 0.49299109161578875 1.5386584282440834 -0.024815784774853543 2.115623684802367 203 101_0.jpg

204 -0.6452901454521519 0.6570311541514559 -0.2781784617701115 0.2729971319702116 1.4939547343685793 0.09124144770185512 2.1153618762225874 204 101_1.jpg

205 -0.4985320101902389 0.5045065047236217 -0.5038605601505293 0.49301476390877835 1.5386650598544713 -0.024904761833971906 2.115621008410868 205 102_0.jpg

206 -0.6452760554679344 0.6570188268409285 -0.2782105483790662 0.2730274055601977 1.4939724820947589 0.09115675158135815 2.115359098244539 206 102_1.jpg

207 -0.4985326097104698 0.5045533711769848 -0.503812560513362 0.4930152498231451 1.5432525492255436 -0.024782187833335113 2.1155286455557434 207 103_0.jpg

208 -0.6452586478577627 0.6570620823173605 -0.2781653783612692 0.273010475305762 1.4985488575154389 0.09127501984301116 2.115255709927168 208 103_1.jpg

209 -0.4985547534438452 0.5044817647475839 -0.5037905361478067 0.4930886355855466 1.5495931754783772 -0.024451895146705607 2.1156972246464885 209 104_0.jpg

210 -0.6452704674952545 0.6570228238330648 -0.278137427660287 0.27310548159163656 1.504901288741305 0.09160983825161421 2.115415621276403 210 104_1.jpg

211 -0.4986272019028521 0.5044565289821024 -0.5037665963026019 0.4930656552017726 1.5543606862288177 -0.024735065122646234 2.1157399512353603 211 105_0.jpg

212 -0.6453290150599166 0.6569907515851432 -0.2780884000287641 0.27309422627149876 1.5096580231057493 0.09132253468374371 2.115465293475089 212 105_1.jpg

213 -0.4986506676210446 0.5044322097522822 -0.5037433958812725 0.4930905074644201 1.558739740302825 -0.02477907322457514 2.1157938647601386 213 106_0.jpg

214 -0.6453419686299982 0.6569772810435216 -0.27805837817015133 0.27312658978357474 1.5140374215855004 0.09127864902323661 2.115514924005626 214 106_1.jpg

215 -0.49867413219335827 0.5044078893632974 -0.5037201943023616 0.49311535859396616 1.5651941441776618 -0.024453223615856976 2.1158165216364706 215 107_0.jpg

216 -0.6453549207171101 0.656963808992193 -0.27802835567257167 0.27315895266801704 1.5204921702768757 0.09160462107247201 2.1155332979207433 216 107_1.jpg

217 -0.4986258753971766 0.5044092394308395 -0.5037677607853702 0.4931141842965937 1.5760694527601344 -0.024839248186859484 2.115443047699961 217 108_0.jpg

218 -0.6453278726619478 0.6569649597113894 -0.27809046214513844 0.2731568658132549 1.5313782501586095 0.09122275483479574 2.115164005354189 218 108_1.jpg

219 -0.4985802670290458 0.5045051639640245 -0.5038129936723015 0.49301594727739967 1.5895464196386007 -0.024668361544450606 2.1157468428310264 219 109_0.jpg

220 -0.6453031034709638 0.6570176881391413 -0.27814844182881315 0.2730294973647427 1.5448430689364392 0.0913889933763867 2.115480751158161 220 109_1.jpg

221 -0.4985815844118893 0.5045524535497408 -0.5038118199335258 0.49296741819062967 1.6046836858086089 -0.023951879404070855 2.115318942800171 221 110_0.jpg

222 -0.6453042339544406 0.6570434799530911 -0.2781463745223114 0.272966857753279 1.5599688762271393 0.09210107106907472 2.115057235768252 222 110_1.jpg

223 -0.49865342856612227 0.5044803538350092 -0.5038358815928841 0.49294394731376534 1.6241592508274667 -0.02409140236703211 2.1160735347450843 223 111_0.jpg

224 -0.6453801854209833 0.6569681528549178 -0.27814252039518644 0.27297252746125883 1.5794447778907423 0.0919617169488845 2.115829799157642 224 111_1.jpg

225 -0.4986997714136146 0.5043848563786926 -0.5038374703277726 0.4929931623679635 1.6485859933158833 -0.024407253950415746 2.115862669077312 225 112_0.jpg

226 -0.6454235065856772 0.6568979618195915 -0.2781276332175491 0.27305417877175836 1.603883314100195 0.0916504138568119 2.115621393122278 226 112_1.jpg

227 -0.4987701751590037 0.5043119058138373 -0.5037678553137193 0.49306770526864535 1.680612198835108 -0.02401163567933803 2.1156589174159515 227 113_0.jpg

228 -0.6454623683974983 0.6568575515227737 -0.2780375523427016 0.2731512538457012 1.6359105444655127 0.0920463994463131 2.115404792654518 228 113_1.jpg

229 -0.49891302037279966 0.5042137029526123 -0.5036742777319517 0.4931192166286995 1.718757489647654 -0.02370132782142536 2.1154759291377467 229 114_0.jpg

230 -0.6455597632903034 0.6567850343686649 -0.27789842541761295 0.27323703226380336 1.6740460788347422 0.09235293590424469 2.1152159018090546 230 114_1.jpg

231 -0.4989366145657171 0.5041429626106206 -0.5037458566021005 0.4930945546769944 1.7636104202821818 -0.023866388314030592 2.1155749786214377 231 115_0.jpg

232 -0.6456086548154674 0.656710859956738 -0.2779566293869289 0.273240596218977 1.718910099649478 0.09219219495762727 2.115337104055493 232 115_1.jpg

233 -0.4989159025856044 0.5042154215991757 -0.5038615821506355 0.49292315506721274 1.8159601667371077 -0.023451922699289782 2.115966920539313 233 116_0.jpg

234 -0.6456339259311255 0.6567152033982343 -0.2780708327894246 0.2730541837514557 1.7712473535885178 0.09260192248869668 2.1157685334878362 234 116_1.jpg

235 -0.49887165275739626 0.5043121596716363 -0.504000504815146 0.4927269130345041 1.8755457695271 -0.02376148743221943 2.1160485936593045 235 117_0.jpg

236 -0.6456461752910354 0.6567329836508695 -0.27821508222323715 0.2728354312412554 1.8308201548651288 0.09228749139559925 2.1158939775884673 236 117_1.jpg

237 -0.49889779923966027 0.5043359498896889 -0.5040697964446121 0.49260519269997166 1.9431144629121253 -0.023784578908134908 2.1154069659729546 237 118_0.jpg

238 -0.645697273773495 0.6567103480708787 -0.27826923862860853 0.2727137330813327 1.898377066052679 0.09225989541986113 2.1152832720786723 238 118_1.jpg

239 -0.4988762470863839 0.5044544902328656 -0.504043789615462 0.4925322482101944 2.017576911264218 -0.023107780819043515 2.1156373187391333 239 119_0.jpg

240 -0.6456680276787462 0.6567929077111841 -0.27825199233068987 0.2726017299609952 1.9728165978668026 0.09292785360210079 2.115511266972899 240 119_1.jpg

241 -0.49887998374780945 0.504642835900571 -0.5039454313201601 0.49243616057470097 2.0998473593432987 -0.02175475404386054 2.1157263516991094 241 120_0.jpg

242 -0.6456353789367165 0.6569310327255091 -0.2781575428740849 0.27244257569199803 2.055041927422439 0.09426345080445175 2.115587016993168 242 120_1.jpg

243 -0.49873677136305106 0.5049732365615824 -0.5035645760798002 0.49263209493946974 2.1884074256305435 -0.018875745232279157 2.1161322679060217 243 121_0.jpg

244 -0.6453583507277754 0.6573071039072974 -0.2778549393994482 0.27250064761437914 2.143557832383066 0.09712517474430492 2.115866655176709 244 121_1.jpg

245 -0.49857004408898314 0.5052812976711448 -0.503301617861051 0.4927536938667452 2.2839108565257336 -0.015412336338154711 2.116132930369285 245 122_0.jpg

246 -0.6451041113560592 0.6576357317818016 -0.27767057518043703 0.2724976724199473 2.239027566684868 0.1005752916580986 2.1157717588538407 246 122_1.jpg

247 -0.4985501241652912 0.5056328051262106 -0.5029412582370024 0.49278122005404507 2.385824401246099 -0.01292698863518274 2.1161223037646715 247 123_0.jpg

248 -0.6449505551644131 0.6579690127830324 -0.277340599500128 0.2723926421167548 2.340863312058415 0.10303019494535315 2.1156728205869624 248 123_1.jpg

249 -0.4988417975968087 0.5056258095852545 -0.5027962820149717 0.49264114773693185 2.492485381366049 -0.012281649387783145 2.116435264314109 249 124_0.jpg

250 -0.6451684187464685 0.657909537055532 -0.27709722685362126 0.27226802855566795 2.4474587193500033 0.10365016775519736 2.11600691676908 250 124_1.jpg

251 -0.4992515748788686 0.5054511718352703 -0.5026773796993453 0.49252657777009556 2.605413932634857 -0.011951970868475121 2.1160531964235787 251 125_0.jpg

252 -0.6455056377721466 0.6577044148339497 -0.27683553688713924 0.27223052699635913 2.5603338756403033 0.1039592402459024 2.115666415651078 252 125_1.jpg

253 -0.49939827344857746 0.5055408827600766 -0.5024852592773076 0.4924818215363479 2.7237300723876747 -0.01034398851553793 2.116000019056516 253 126_0.jpg

254 -0.6455704256943658 0.6577695534630321 -0.2766017492335347 0.2721571463819894 2.6785952062796934 0.10554582573753203 2.1155940463929928 254 126_1.jpg

255 -0.4995220694759271 0.5057016273818945 -0.5022681491862918 0.4924127054440893 2.8477065030217066 -0.00762590261210294 2.1167180657719213 255 127_0.jpg

256 -0.645604747932135 0.6578912777842498 -0.276352651560489 0.272034534642899 2.8025053995621767 0.108237999012941 2.1162861557546555 256 127_1.jpg

257 -0.4996972935731171 0.5059098254249351 -0.5021425748239661 0.49214906063445 2.9771394799684217 -0.006005838697150032 2.1158752499564577 257 128_0.jpg

258 -0.6457225104429763 0.6579854288365983 -0.27616861037840534 0.27171402905922765 2.9318488588948868 0.10982317483893968 2.115463830426278 258 128_1.jpg

259 -0.5000642129245549 0.505972449908351 -0.5020179091353085 0.4918390811976002 3.111401264550034 -0.005400798815447366 2.11635123033952 259 129_0.jpg

260 -0.6460191281470675 0.657927543964162 -0.2759151733577851 0.2714064296812653 3.0660110946874357 0.11038941439513539 2.115992058385865 260 129_1.jpg

261 -0.500523769320555 0.5057056779484742 -0.5021818952990765 0.49147845087007147 3.2509998230971817 -0.005694363972878369 2.1168640645878556 261 130_0.jpg

262 -0.6465102260139785 0.6575477736853802 -0.2758978474959355 0.2711749079982581 3.2055658357244896 0.11007900603001292 2.1166413773819066 262 130_1.jpg

263 -0.500742657227788 0.505677660479326 -0.5021557148175971 0.4913110348858832 3.3965296171101884 -0.0046109681579509475 2.1161210701377016 263 131_0.jpg

264 -0.6467050832935036 0.6574595161499193 -0.2757919701503538 0.27103193366620665 3.351051534251936 0.11114515838371995 2.115939005295864 264 131_1.jpg

265 -0.5007234038751605 0.5060750290008472 -0.5017469015725101 0.49133917470099064 3.547406860415795 -0.000598468293736644 2.117168816422636 265 132_0.jpg

266 -0.6465340130477336 0.6578351634401622 -0.27541638711491506 0.2709104675397675 3.501840193460156 0.1151226173616686 2.11688739629495 266 132_1.jpg

267 -0.5005146387273592 0.5066662116890366 -0.5014288690054194 0.491267275197776 3.704236130448822 0.004881802688321795 2.117269785647944 267 133_0.jpg

268 -0.646221470025117 0.6583538695938334 -0.2751938177991682 0.2706221659704182 3.6585788043160887 0.12056687600591777 2.11689245037039 268 133_1.jpg

269 -0.5000426484910417 0.5073374553510217 -0.5014164271291348 0.4910678391964472 3.8677048116184753 0.009594333867280386 2.1170677210632194 269 134_0.jpg

270 -0.645779511767463 0.6589015767941643 -0.27535200299928286 0.27018291715766224 3.8219981766612987 0.125259757058552 2.1166394701141082 270 134_1.jpg

271 -0.5000012642835873 0.5076688015831461 -0.501360007024784 0.4908250879590968 4.035277278843072 0.011824816998120293 2.11688817177287 271 135_0.jpg

272 -0.6457216633956268 0.6591180423679007 -0.27531180902021424 0.26983392570377074 3.9895019799722093 0.12746309808921807 2.116463955342873 272 135_1.jpg

273 -0.5004124583035048 0.5076337278758744 -0.5010968520797354 0.49071102976524344 4.205640588286217 0.014419932996610579 2.117406201102724 273 136_0.jpg

274 -0.6460062205922119 0.6590413705720649 -0.2749145233021436 0.2697451384329584 4.159778854350148 0.1300239922197912 2.1169904469679555 274 136_1.jpg

275 -0.5005099940215666 0.5078606217302943 -0.5005728342485748 0.49091157288517784 4.378871464548114 0.020200504947367907 2.116909543290661 275 137_0.jpg

276 -0.6458993752336895 0.6593222526383692 -0.27439027248963654 0.26984836966648323 4.332934374868839 0.13577412305202305 2.1163686274029136 276 137_1.jpg

277 -0.5003247479154811 0.5084265864268622 -0.5002296360995298 0.4908644049076801 4.550809343382313 0.026263318900147527 2.116858602585729 277 138_0.jpg

278 -0.6455991055061618 0.6598265923083529 -0.2741358454809032 0.26959265805073507 4.504781794346914 0.14180042849346627 2.1162174812123715 278 138_1.jpg

279 -0.5003757005558903 0.5087480632476163 -0.49970282229940205 0.4910159425324333 4.721232103446595 0.031706345087554696 2.1171143661985097 279 139_0.jpg

280 -0.6454482658770259 0.6601768840468623 -0.27362545937030325 0.26961477302051984 4.675117549821051 0.14720797696878035 2.11634561611517 280 139_1.jpg

281 -0.5008303057309689 0.5086570431043291 -0.499066078111358 0.49129427743495346 4.8898808606617425 0.035439584109400415 2.117958564462821 281 140_0.jpg

282 -0.645630591341862 0.6601913362708918 -0.2728664374531284 0.2699119233158288 4.843683806943607 0.1509074739098496 2.117081836001429 282 140_1.jpg

283 -0.5014081652205795 0.5084970390262847 -0.4986872959995107 0.4912551210525232 5.057676371940124 0.03830637134438824 2.118254151211373 283 141_0.jpg

284 -0.6460262713137955 0.6600259078823384 -0.27230095731152903 0.26994082007676085 5.0113841313611776 0.15373611954157967 2.11737569044731 284 141_1.jpg

285 -0.5015816347884806 0.5086570852802632 -0.49856205750235294 0.49103941599032824 5.226171167717037 0.041943626896327656 2.1188276286005263 285 142_0.jpg

286 -0.6461421919765609 0.6600932394891091 -0.2721183753537233 0.26968272603811466 5.179801099952339 0.1573422539057489 2.117965248268058 286 142_1.jpg

287 -0.5015145357476357 0.5090089190503634 -0.4983404877670106 0.4909682769926708 5.394207225634103 0.04761382214509523 2.1191511853945535 287 143_0.jpg

288 -0.6459974251363315 0.6603911878639948 -0.2719346086317956 0.2694853879843652 5.34776980559795 0.16298495143811906 2.1182354638002368 288 143_1.jpg

289 -0.5011867576103857 0.5096736251218649 -0.4981352436343531 0.49082166710575126 5.561603120579914 0.05356890553376786 2.119469351069094 289 144_0.jpg

290 -0.6456170008128357 0.6609510702895639 -0.2718602898015884 0.26909915230917303 5.515084458740817 0.16890664792455748 2.1184747250611733 290 144_1.jpg

291 -0.5008881483457867 0.5104603714798828 -0.4981349694822216 0.4903089068886018 5.728421545759166 0.059117026607760914 2.119802955886123 291 145_0.jpg

292 -0.6453429969215186 0.6614895923958121 -0.27196366236838204 0.26832760168784675 5.681785421957628 0.1744073841858676 2.1188153292967935 292 145_1.jpg

293 -0.5004385892358428 0.511105100207678 -0.49800074666064553 0.49023265014764 5.892669681459853 0.06507826012711761 2.1190262034589566 293 146_0.jpg

294 -0.6448754513682587 0.6620575727453709 -0.2720009093961796 0.268012924838978 5.8459846729307445 0.18034806212930443 2.11795255313703 294 146_1.jpg

295 -0.5002746396552117 0.5115048754397409 -0.4977301633724184 0.49025782175146265 6.053807048640629 0.0711694565081813 2.119478635427711 295 147_0.jpg

296 -0.6446216382144238 0.6624353151699929 -0.2718074858254964 0.2678863330045174 6.007065409685881 0.18641546514079965 2.1183181691100508 296 147_1.jpg

297 -0.5001886525785885 0.5121164171356192 -0.4974729237146642 0.4899681390688343 6.214152649062502 0.07722245907532317 2.119234673228906 297 148_0.jpg

298 -0.6444475342124534 0.6628924882305838 -0.2715950575408896 0.2673893218030874 6.167286009541903 0.1924172540388786 2.1180316298586517 298 148_1.jpg

299 -0.49991472406365095 0.5130173373600747 -0.49729944993915776 0.48948108985184935 6.374021183315872 0.08372721845102907 2.1188458491474362 299 149_0.jpg

300 -0.6441314923676569 0.6635450755822478 -0.2715275649775666 0.26659957739673495 6.327003850792821 0.19886026818757715 2.1176124389243802 300 149_1.jpg

301 -0.49978263975464987 0.5137272972177174 -0.4971773079401963 0.488995195848172 6.5325014725051 0.09098574728529145 2.1179561488692333 301 150_0.jpg

302 -0.6439664952614117 0.6640215632699906 -0.2714565105664688 0.26588320624719586 6.4853459180271145 0.20606226672475528 2.116723933152545 302 150_1.jpg

303 -0.49986323990874354 0.5142155975861258 -0.49684972349838147 0.4887324552827032 6.688772600501841 0.09769023363508286 2.1173942775872194 303 151_0.jpg

304 -0.6439207270965616 0.6643740693402856 -0.27111784560989977 0.26545867285796343 6.641482753003347 0.21271122502750814 2.11612468604945 304 151_1.jpg

305 -0.5001375517325672 0.5146989176843314 -0.4964718509910786 0.48832689323344003 6.843559995079118 0.10427119440423406 2.1160195983700345 305 152_0.jpg

306 -0.6440372214031366 0.6646686101841517 -0.2706601530911566 0.26490522382895204 6.796092482790092 0.2192188922552233 2.1147420867853977 306 152_1.jpg

307 -0.5005311441763707 0.5151070344385454 -0.49602474136238406 0.4879475102280986 6.996323906167377 0.11051254086399509 2.1151160553210318 307 153_0.jpg

308 -0.6442384963330664 0.664902710646086 -0.27009446091947686 0.26440523330413473 6.948669226089869 0.22538266269096102 2.1138289740616094 308 153_1.jpg

309 -0.5005395527262088 0.5156662623119433 -0.49567010541885115 0.4877085283895925 7.146705035237335 0.11832158563736782 2.1145463424634268 309 154_0.jpg

310 -0.6441153396188662 0.665329536848614 -0.2697570157583921 0.2639757358425356 7.0989157052659015 0.23313512050739332 2.1132039000881564 310 154_1.jpg

311 -0.5005723715647101 0.5162054362213382 -0.49547933833152324 0.48729813638898284 7.294354128799794 0.1262327221081895 2.113622145764512 311 155_0.jpg

312 -0.6440774111550979 0.6656753446978965 -0.2695624374964178 0.263394601676028 7.246429056458549 0.24098968550622094 2.1122817007826966 312 155_1.jpg

313 -0.5007722796394559 0.5166636024525235 -0.4950315885730224 0.48706218510612503 7.437094480760456 0.13352704343171956 2.1127811209850544 313 156_0.jpg

314 -0.6440973955948152 0.6660090181378955 -0.2690681143149597 0.2630073812765803 7.389014776357064 0.2482187103336993 2.1113905931256616 314 156_1.jpg

315 -0.5010213523639507 0.5171690788773531 -0.4946269517611092 0.4866805183280522 7.576594936182987 0.1403316711933183 2.111712940630885 315 157_0.jpg

316 -0.6441802543100844 0.6663327502179528 -0.2685948362292292 0.26246767399999554 7.528337938484363 0.2549486208874979 2.110303325109956 316 157_1.jpg

317 -0.5011720951347637 0.5175459101311594 -0.4946518214776957 0.48609910252286964 7.711876270857573 0.14604146784338506 2.1108701014693803 317 158_0.jpg

318 -0.6443338422862241 0.6664662450835949 -0.26855755295910383 0.26178900778577974 7.663494774249625 0.26060692376057976 2.1095445463175935 318 158_1.jpg

319 -0.5012499178751073 0.5179406348189902 -0.49441896205750674 0.48583526898680085 7.841035784786226 0.1522484884926539 2.1098471150909712 319 159_0.jpg

320 -0.6443209506978529 0.6667323273989115 -0.2683086321580484 0.2613981522553723 7.792542532410264 0.2667665065592694 2.108506215357374 320 159_1.jpg

321 -0.501327528721483 0.5183299603875389 -0.4939986018126783 0.4857675807603693 7.963637244840163 0.1595144659538806 2.108542261470048 321 160_0.jpg

322 -0.6442363063376922 0.6670648591580923 -0.2678861587881534 0.2611916177875731 7.915033723847294 0.2739847997104813 2.1071243627612857 322 160_1.jpg

323 -0.5014058132257856 0.5187662695996744 -0.4935752794508273 0.4856513270897799 8.079924390932085 0.16695912765688498 2.1082239604707222 323 161_0.jpg

324 -0.6441515295567048 0.6674228687569138 -0.2674602010431882 0.26092252123568505 8.031199207517696 0.28137680476325994 2.1067334347864257 324 161_1.jpg

325 -0.5013887159025618 0.5192999614676006 -0.49319464291685033 0.4854852724681243 8.190764165500196 0.17406843992094417 2.106561267115814 325 162_0.jpg

326 -0.6439944251809524 0.6678529061429466 -0.26710846996758153 0.2605700315919941 8.141915895275853 0.2884326758614558 2.10499984666237 326 162_1.jpg

327 -0.501488879344466 0.5195747006874142 -0.49294322878434693 0.4853431852772618 8.29550608770198 0.18009714883154812 2.1064595449587733 327 163_0.jpg

328 -0.6439944866568418 0.6680528867357146 -0.26683524117535673 0.2603370810056807 8.246569459538298 0.2944232128534749 2.104869730748267 328 163_1.jpg

329 -0.5016372531608982 0.5198469458978275 -0.4926441162422073 0.4852020134066064 8.393677127501714 0.1857925004928447 2.105625387036814 329 164_0.jpg

330 -0.6440215080216606 0.668250557377328 -0.2664998102911376 0.26010640300689286 8.344641700560619 0.3000757656158411 2.1040029760126147 330 164_1.jpg

331 -0.5017850193325037 0.5200717543204485 -0.49234756142223884 0.4851093108703487 8.485725946453742 0.19145651704353156 2.105058997166682 331 165_0.jpg

332 -0.6440485739382309 0.6684222904736743 -0.2661674677032659 0.259938367969196 8.436603178225088 0.30570173612896406 2.1033996124386842 332 165_1.jpg

333 -0.5017887006292293 0.5203464113117425 -0.49205041339828437 0.48511246410538433 8.571600972788366 0.197583061343692 2.103463440676633 333 166_0.jpg

334 -0.6439408053084662 0.6686757623522436 -0.26588798242121425 0.25983945986956214 8.52241202344123 0.31179881988007724 2.1017378207639377 334 166_1.jpg

335 -0.5018881990376074 0.5205733351005389 -0.49180115589883583 0.4850188259291156 8.652442662951119 0.20255897583169144 2.1029571126205333 335 167_0.jpg

336 -0.6439407094127365 0.6688494428990934 -0.2656174943695632 0.2596692746156719 8.603176885012688 0.3167411161637731 2.1011987175266396 336 167_1.jpg

337 -0.5021073693838638 0.5207261704856917 -0.4915306938364458 0.4849020746484641 8.728656756728574 0.2066360104871843 2.1028229917360597 337 168_0.jpg

338 -0.6440440801297425 0.6689457680357777 -0.2652833443270716 0.259506318804575 8.679304402896262 0.32078046272520533 2.1010455794337197 338 168_1.jpg

339 -0.5022538697932298 0.5208573455588215 -0.49128616074409037 0.48485728221454594 8.800439666273851 0.2110756239228272 2.1017808341334 339 169_0.jpg

340 -0.6440890890371312 0.6690489150169853 -0.26500063481896563 0.259417536499479 8.751022567231159 0.32519158444583085 2.099973107351767 340 169_1.jpg

341 -0.5023523501246973 0.5209861541397612 -0.49094872283977575 0.4849586529394515 8.870753432384557 0.21591711698558996 2.1020498374325407 341 170_0.jpg

342 -0.644053657433654 0.6692034457016232 -0.264649860621665 0.2594649993358283 8.821283272899803 0.33000891614168 2.100169761402329 342 170_1.jpg

343 -0.5025002671944991 0.5212033760741333 -0.49046451201018426 0.48506193903149597 8.941791020458627 0.22160716298132743 2.1014579997529363 343 171_0.jpg

344 -0.6440092542501292 0.6694395393314762 -0.26414370499516066 0.2594819583926458 8.892235468894222 0.33566022968080994 2.099479291691829 344 171_1.jpg

345 -0.5026242451246988 0.5214484815484564 -0.49009609311133895 0.4850424402262526 9.01254542585177 0.22673897865138615 2.1004335683913666 345 172_0.jpg

346 -0.6439868018511199 0.6696567224265514 -0.2637534807151644 0.25937419794792754 8.962903183355778 0.3407532192140432 2.098391337040682 346 172_1.jpg

347 -0.5027238592311271 0.5216692857494828 -0.48970597820872 0.48509579731433167 9.08281014215196 0.23221127578918876 2.100566535595911 347 173_0.jpg

348 -0.6439330641270689 0.6698782750317063 -0.26335252859395974 0.25934292210823456 9.033092635543936 0.34619127327749 2.098445283784394 348 173_1.jpg

349 -0.5029675314745244 0.5218397751937315 -0.48931640284626393 0.48505295506137447 9.152406144385106 0.23706176544551524 2.099861290251121 349 174_0.jpg

350 -0.6440141198635515 0.6700175277321203 -0.26289868282661577 0.2592423740751942 9.102592341865474 0.3509987732907772 2.0976902716413943 350 174_1.jpg

351 -0.5034285382217483 0.5220249847047577 -0.48880491988949837 0.48489109348361165 9.222030069426676 0.24211506040126846 2.0994657506304604 351 175_0.jpg

352 -0.6442524350569185 0.6701253817072321 -0.26225041545091726 0.2590279759230428 9.172066680744742 0.355985865630461 2.0972590544861225 352 175_1.jpg

353 -0.5039620365528638 0.5222309956719663 -0.4882673707966247 0.48465660780423525 9.291581148386575 0.2474494888212821 2.0990864844325174 353 176_0.jpg

354 -0.6445489025840223 0.6702253675125512 -0.26155065309948244 0.258739105632744 9.24144654955342 0.36124454248351706 2.0968553945984505 354 176_1.jpg

355 -0.5044955146589395 0.5224345182973875 -0.4876829589586368 0.4844706196682493 9.361115421776653 0.2533116668933351 2.098859139244404 355 177_0.jpg

356 -0.644827473434736 0.6703407085586532 -0.260807510978673 0.2584962401466742 9.310810244785808 0.367030628258994 2.096588237697509 356 177_1.jpg

357 -0.5050770353122859 0.522636447950698 -0.48709769502951294 0.4842356525190652 9.431051556596563 0.25894729614142403 2.098623760879138 357 178_0.jpg

358 -0.645150734865234 0.670436390581155 -0.2600456128973295 0.25820893613547513 9.380565106206005 0.372585320409726 2.096324246287207 358 178_1.jpg

359 -0.5058034645248223 0.5228781179138278 -0.4864135246819639 0.4839041352252 9.501269776865719 0.2657144469735539 2.098565982566296 359 179_0.jpg

360 -0.6455723840992753 0.6705323475526678 -0.25913744246880865 0.25781864495146833 9.450559291674383 0.3792522370221553 2.0962450080858095 360 179_1.jpg

361 -0.5066751247304305 0.5232064972914005 -0.4856271942297172 0.4834268376869855 9.571812324768276 0.27247714578587345 2.097507115639798 361 180_0.jpg

362 -0.6460918599428247 0.6706537930781817 -0.2580793746933731 0.257262190582577 9.520823681381714 0.3858900861038607 2.0951761900668333 362 180_1.jpg

363 -0.5076175727484519 0.5234624484165838 -0.48486751898058766 0.48292334171408086 9.645308243130946 0.2799018722474609 2.0975658077972654 363 181_0.jpg

364 -0.6466872975683193 0.6706986111305611 -0.2570202515661296 0.25670898401926606 9.59404231513387 0.3931899060719365 2.0952428745690033 364 181_1.jpg

365 -0.5086562617657843 0.5237581440389606 -0.4840095335971141 0.48237017456143105 9.719606156365606 0.2881538047174046 2.097773954971809 365 182_0.jpg

366 -0.6473357778599511 0.6707611031391905 -0.2558336179894319 0.2560958670583841 9.668031253733265 0.4013015912561284 2.0954549422827733 366 182_1.jpg

367 -0.5097904757709416 0.5240482512715616 -0.4831029795215701 0.4817661386293527 9.794731012363371 0.2960959267514598 2.097104569293585 367 183_0.jpg

368 -0.6480552530675447 0.6707991864304006 -0.2545662892608581 0.2554385343440379 9.742826332064558 0.40909303613387404 2.094796445749088 368 183_1.jpg

369 -0.5109967738667657 0.5244498765708155 -0.4821168943950398 0.4810383812145304 9.87197997744078 0.305465413090605 2.097287475102458 369 184_0.jpg

370 -0.64881287946007 0.6708940783050327 -0.25319713695214574 0.2546255937277513 9.819702116668347 0.418290671233684 2.0949947915207905 370 184_1.jpg

371 -0.512250940855323 0.5249852907557043 -0.4810264730572731 0.4802113600291704 9.953533986900165 0.31564644249880075 2.097254113140281 371 185_0.jpg

372 -0.6495766965072792 0.6710753044274796 -0.2517120118677138 0.25367127197174605 9.90083985098568 0.4282780638729937 2.094970277146601 372 185_1.jpg

373 -0.5136720100497371 0.5254850160847608 -0.47981735407579096 0.4793556828593656 10.040093836202853 0.32683721979662883 2.0975830004727647 373 186_0.jpg

374 -0.6504514675067654 0.671211972622791 -0.2500548162852657 0.25270529293756266 9.986953317207613 0.4392590708201899 2.0953064563039376 374 186_1.jpg

375 -0.5152836195353653 0.5260643382722598 -0.4784575829902181 0.4783486643818094 10.132260668442754 0.33999761017299995 2.0980015043108504 375 187_0.jpg

376 -0.651448100764244 0.6713651089999989 -0.24818589554063133 0.2515711105885848 10.078610552744806 0.4521774578308897 2.095739455449881 376 187_1.jpg

377 -0.5170812781777997 0.5266421850400463 -0.4771871943245871 0.4770401893623714 10.231034667267544 0.3532193842590757 2.0980393244238122 377 188_0.jpg

378 -0.652653298095082 0.671405622360372 -0.24633012603555604 0.2501592128141612 10.176831472894714 0.4651348251693978 2.095867273404753 378 188_1.jpg

379 -0.5189450761834538 0.5274738903877735 -0.4758718589557997 0.4754085366483105 10.337720527228443 0.36874374452431724 2.098273323081136 379 189_0.jpg

380 -0.6539055189753408 0.6715610000740889 -0.24440528871886147 0.2483534784925105 10.282887774650758 0.48035440770751425 2.0962241504282564 380 189_1.jpg

381 -0.521063727244525 0.52854605590668 -0.47436675180615906 0.47340029965813246 10.45180789186993 0.38608280966860764 2.0991340956443225 381 190_0.jpg

382 -0.6553264010178647 0.6717979545370154 -0.24220670841383238 0.2461112082132625 10.396228660269772 0.4973263634830434 2.0972391683447107 382 190_1.jpg

383 -0.5234808425101762 0.5299439602922169 -0.4725682692279551 0.4709633079057563 10.573786632881257 0.4066934936570591 2.09964581908556 383 191_0.jpg

384 -0.6569181259014298 0.6721753520262687 -0.2396211741606444 0.2433527581195436 10.517313551530968 0.5174888070077894 2.0979254637975218 384 191_1.jpg

385 -0.526080785965275 0.5316748969743487 -0.4702631843951868 0.46841578535311224 10.702804741293516 0.4322652785926087 2.1004042032006423 385 192_0.jpg

386 -0.6584911691444587 0.6728165005950069 -0.236494353449859 0.24037004279274524 10.645316164184969 0.5425386063566551 2.0987834978363282 386 192_1.jpg

387 -0.5287938925695658 0.5337082240531226 -0.46742758415792385 0.46587981747171164 10.838625776229335 0.46314665149558976 2.101558180561001 387 193_0.jpg

388 -0.6599709654956144 0.6737381379407112 -0.23283047404581841 0.23728720265233272 10.780023770393914 0.5728323005351985 2.099935433869435 388 193_1.jpg

389 -0.5315899917956391 0.5361170667045018 -0.4641673032331039 0.4631838576852405 10.981154317266071 0.4990367284005879 2.10254412247665 389 194_0.jpg

390 -0.6613703238489501 0.6749450701171072 -0.22873807950705374 0.23391737438671076 10.921330336330433 0.6080597291387255 2.1008569310043064 390 194_1.jpg

391 -0.5345539465082189 0.5385924609076683 -0.46083378741019326 0.4602200122844364 11.130088408749597 0.5385379509759123 2.104378766223909 391 195_0.jpg

392 -0.6629003715689319 0.6761135747622824 -0.2245141788292456 0.23027573667359977 11.068986888990658 0.6468497027209931 2.1026644975576776 392 195_1.jpg

393 -0.5379798978109128 0.5411438144463112 -0.4573475550670499 0.4566992615628448 11.286521997303803 0.5808837982852706 2.106187304340877 393 196_0.jpg

394 -0.664806931040035 0.6771444702607924 -0.2199748759095885 0.2260932657221843 11.224016250184315 0.6883922674905896 2.1045348437018796 394 196_1.jpg

395 -0.5420844963946423 0.5437166329579525 -0.4537076067452221 0.4524002977396863 11.449454036395414 0.6262643567701311 2.1081592773020184 395 197_0.jpg

396 -0.6672926755540599 0.6779050641354227 -0.21503863733553788 0.22118678447033743 11.385379188419 0.7328480323149351 2.1067087725073974 396 197_1.jpg

397 0.5466758132520186 -0.5466459868016712 0.4494991953090564 -0.4475200484172549 11.617677540164767 0.6775140612841286 2.110330092760325 397 198_0.jpg

398 -0.6700227260158789 0.6787757594640709 -0.2093895230648889 0.2156131782078335 11.55183488817288 0.7830174844100086 2.109087962575139 398 198_1.jpg
