1 -0.49853344263225147 0.5045073358299081 -0.5039542126856049 0.492916733523499 1.538666713905355 -0.024938857629681312 2.1153399048273114 1 000_0.jpg

2 -0.6453131289111472 0.6569838853082128 -0.2782967558409047 0.2729359921092449 1.493973451038025 0.09112245742382509 2.1151088154020203 2 000_1.jpg

3 -0.49853344263225147 0.5045073358299081 -0.5039542126856049 0.492916733523499 1.5387272869728128 -0.02495453179588805 2.1153407331210756 3 001_0.jpg

4 -0.6453131289111472 0.6569838853082128 -0.2782967558409047 0.2729359921092449 1.4940340241054828 0.09110678325761835 2.1151096436957846 4 001_1.jpg

5 -0.4985573679083112 0.504483471171982 -0.5039305515343129 0.4929411500868316 1.5385881496927742 -0.02490045953593391 2.115489809573702 5 002_0.jpg

6 -0.645326340307726 0.6569706709780535 -0.27826613057947397 0.27296778665624716 1.4938950179985488 0.09116089741967487 2.115254435434517 6 002_1.jpg

7 -0.4985573679083112 0.504483471171982 -0.5039305515343129 0.4929411500868316 1.538587453645565 -0.024942032873446002 2.115489391730463 7 003_0.jpg

8 -0.645326340307726 0.6569706709780535 -0.27826613057947397 0.27296778665624716 1.4938943219513396 0.09111932408216278 2.115254017591278 8 003_1.jpg

9 -0.4985815530655131 0.5044595735239439 -0.5039541787517692 0.492916990315257 1.5385822215080789 -0.025113225887936345 2.115487215390502 9 004_0.jpg

10 -0.6453578340595032 0.6569397364581973 -0.27827921247793996 0.2729544441530831 1.4938890887471081 0.0909481526897485 2.1152629685230853 10 004_1.jpg

11 -0.49855762664553566 0.504483437034881 -0.503977841073546 0.4928925748861425 1.5387126121957642 -0.02495675191431561 2.115340056225465 11 005_0.jpg

12 -0.6453446220295562 0.6569529501549553 -0.2783098392635019 0.272922651074171 1.4940193493284342 0.09110458476126637 2.1151200940719925 12 005_1.jpg

13 -0.4985815530655131 0.5044595735239439 -0.5039541787517692 0.492916990315257 1.538537307094486 -0.024906037006759356 2.1154885137495545 13 006_0.jpg

14 -0.6453578340595032 0.6569397364581973 -0.27827921247793996 0.2729544441530831 1.4938441743335154 0.09115534157092549 2.1152642668821375 14 006_1.jpg

15 -0.49855762664553566 0.504483437034881 -0.503977841073546 0.4928925748861425 1.538587306112118 -0.024978081238542435 2.115337817068381 15 007_0.jpg

16 -0.6453446220295562 0.6569529501549553 -0.2783098392635019 0.272922651074171 1.493894043244788 0.09108325543703955 2.115117854914909 16 007_1.jpg

17 -0.4985336995447696 0.5045072989229481 -0.5040015017775235 0.4928681587987578 1.5387264223075356 -0.024910710007692443 2.115189911637509 17 008_0.jpg

18 -0.6453314087733606 0.65696616208539 -0.2783404648145193 0.2728908579857893 1.4940330297471753 0.09115058476647891 2.114974234127191 18 008_1.jpg

19 -0.4985578812684923 0.5044833978216716 -0.5040251301776973 0.4928440001630616 1.5387394084893953 -0.025050707311988784 2.115188316155002 19 009_0.jpg

20 -0.645362899775396 0.6569352247891327 -0.278353549121573 0.2728775177917155 1.4940460169957612 0.09101060801744174 2.1149837659184736 20 009_1.jpg

21 -0.49855762664553566 0.504483437034881 -0.503977841073546 0.4928925748861425 1.5386114560631774 -0.024970449290150062 2.1153382830512886 21 010_0.jpg

22 -0.6453446220295562 0.6569529501549553 -0.2783098392635019 0.272922651074171 1.4939181931958474 0.09109088738543192 2.115118320897816 22 010_1.jpg

23 -0.49855762664553566 0.504483437034881 -0.503977841073546 0.4928925748861425 1.5385951938031446 -0.025013040424993013 2.115337603006184 23 011_0.jpg

24 -0.6453446220295562 0.6569529501549553 -0.2783098392635019 0.272922651074171 1.4939019309358146 0.09104829625058897 2.1151176408527115 24 011_1.jpg

25 -0.49855762664553566 0.504483437034881 -0.503977841073546 0.4928925748861425 1.5386038236345718 -0.02499566947636682 2.1153379127294887 25 012_0.jpg

26 -0.6453446220295562 0.6569529501549553 -0.2783098392635019 0.272922651074171 1.4939105607672418 0.09106566719921516 2.1151179505760163 26 012_1.jpg

27 -0.4985578812684923 0.5044833978216716 -0.5040251301776973 0.4928440001630616 1.53868677493961 -0.0249536959868646 2.115188411951738 27 013_0.jpg

28 -0.645362899775396 0.6569352247891327 -0.278353549121573 0.2728775177917155 1.493993383445976 0.09110761934256592 2.1149838617152095 28 013_1.jpg

29 -0.4985578812684923 0.5044833978216716 -0.5040251301776973 0.4928440001630616 1.5386485403062165 -0.02499964806842848 2.115187342978959 29 014_0.jpg

30 -0.645362899775396 0.6569352247891327 -0.278353549121573 0.2728775177917155 1.4939551488125824 0.09106166726100204 2.1149827927424307 30 014_1.jpg

31 -0.4985578812684923 0.5044833978216716 -0.5040251301776973 0.4928440001630616 1.5385910798352183 -0.025008247340833744 2.115186327743675 31 015_0.jpg

32 -0.645362899775396 0.6569352247891327 -0.278353549121573 0.2728775177917155 1.4938976883415842 0.09105306798859678 2.1149817775071464 32 015_1.jpg

33 -0.49853395141328777 0.5045072578670773 -0.5040487913535228 0.49281958360311606 1.538731057844011 -0.025072868078469434 2.1150371233261236 33 016_0.jpg

34 -0.6453496841460741 0.6569484348332977 -0.27838417615198824 0.2728457249267827 1.494037538132384 0.0909884053486165 2.114836857828254 34 016_1.jpg

35 -0.49858206184654946 0.5044594955611129 -0.504048757419642 0.4928198403948302 1.5386015368123114 -0.025078823190898544 2.115185350732501 35 017_0.jpg

36 -0.6453943892944135 0.6569042859832649 -0.27836663278898144 0.27286417697058024 1.4939081463854045 0.09098251162697397 2.114991927771682 36 017_1.jpg

37 -0.49858206184654946 0.5044594955611129 -0.504048757419642 0.4928198403948302 1.5386057513379998 -0.025017090976081232 2.115186022734717 37 018_0.jpg

38 -0.6453943892944135 0.6569042859832649 -0.27836663278898144 0.27286417697058024 1.493912360911093 0.09104424384179129 2.1149925997738976 38 018_1.jpg

39 -0.4985578812684923 0.5044833978216716 -0.5040251301776973 0.4928440001630616 1.5386330499598029 -0.024964007219336903 2.1151874405076003 39 019_0.jpg

40 -0.645362899775396 0.6569352247891327 -0.278353549121573 0.2728775177917155 1.4939396584661688 0.09109730811009362 2.114982890271072 40 019_1.jpg

41 -0.4985823089010345 0.5044594501249148 -0.5040960467900991 0.49277126543780564 1.5387147297761439 -0.025145360153375214 2.1150352178144773 41 020_0.jpg

42 -0.6454126601282829 0.656886554745921 -0.27841034576781976 0.2728190457237375 1.4940212143314486 0.09091595118360665 2.1148572067614455 42 020_1.jpg

43 -0.4985341987026357 0.5045072121986641 -0.50409608095349 0.49277100841139776 1.5387845543563212 -0.025139932554462785 2.1148860181037015 43 021_0.jpg

44 -0.6453679552858055 0.6569307032953853 -0.278427889257927 0.27280059355035224 1.4940909100377406 0.09092131845860456 2.114701164632063 44 021_1.jpg

45 -0.49855837561233585 0.5044833067170714 -0.5041197091480015 0.49274685001441926 1.538808990333975 -0.02506040315768621 2.114886716125709 45 022_0.jpg

46 -0.645399441748961 0.656899762013923 -0.27844097520623473 0.27278725516853164 1.4941153492155896 0.09100086627683608 2.1147129898230976 46 022_1.jpg

47 -0.4985341987026357 0.5045072121986641 -0.50409608095349 0.49277100841139776 1.5387439242157466 -0.025003638392387284 2.114886692578265 47 023_0.jpg

48 -0.6453679552858055 0.6569307032953853 -0.278427889257927 0.27280059355035224 1.494050279897166 0.09105761262068006 2.114701839106626 48 023_1.jpg

49 -0.4985581308474258 0.5044833544595296 -0.5040724197657349 0.4927954249693259 1.5386826240131672 -0.024959046533474364 2.1150369953013164 49 024_0.jpg

50 -0.6453811730316396 0.65691749539411 -0.27839726134332704 0.27283238557394507 1.4939891064350157 0.09110224638205508 2.1148478570790026 50 024_1.jpg

51 -0.4985581308474258 0.5044833544595296 -0.5040724197657349 0.4927954249693259 1.5386735513596836 -0.02507337050497638 2.1150357302558045 51 025_0.jpg

52 -0.6453811730316396 0.65691749539411 -0.27839726134332704 0.27283238557394507 1.493980033781532 0.09098792241055306 2.1148465920334907 52 025_1.jpg

53 -0.4985823089010345 0.5044594501249148 -0.5040960467900991 0.49277126543780564 1.5386532071743895 -0.025140432336458025 2.115034269040291 53 026_0.jpg

54 -0.6454126601282829 0.656886554745921 -0.27841034576781976 0.2728190457237375 1.4939596917296942 0.09092087900052384 2.114856257987259 54 026_1.jpg

55 -0.4985581308474258 0.5044833544595296 -0.5040724197657349 0.4927954249693259 1.5387141757959075 -0.025053158309453764 2.115036586233337 55 027_0.jpg

56 -0.6453811730316396 0.65691749539411 -0.27839726134332704 0.27283238557394507 1.494020658217756 0.09100813460607568 2.114847448011023 56 027_1.jpg

57 -0.4985823089010345 0.5044594501249148 -0.5040960467900991 0.49277126543780564 1.538658627246219 -0.0250369555226383 2.1150353688172006 57 028_0.jpg

58 -0.6454126601282829 0.656886554745921 -0.27841034576781976 0.2728190457237375 1.4939651118015238 0.09102435581434357 2.1148573577641687 58 028_1.jpg

59 -0.4985823089010345 0.5044594501249148 -0.5040960467900991 0.49277126543780564 1.5387460193479237 -0.02510310229377078 2.1150361381160225 59 029_0.jpg

60 -0.6454126601282829 0.656886554745921 -0.27841034576781976 0.2728190457237375 1.4940525039032284 0.09095820904321109 2.1148581270629907 60 029_1.jpg

61 -0.4985823089010345 0.5044594501249148 -0.5040960467900991 0.49277126543780564 1.53876877489081 -0.02503158587319499 2.1150372062572957 61 030_0.jpg

62 -0.6454126601282829 0.656886554745921 -0.27841034576781976 0.2728190457237375 1.4940752594461149 0.09102972546378688 2.114859195204264 62 030_1.jpg

63 -0.49860624104401136 0.5044355923735308 -0.5040723832738043 0.4927956797288237 1.538587207706783 -0.02505040856779061 2.1151849206961617 63 031_0.jpg

64 -0.6454258770244728 0.6568733459684201 -0.278379715689629 0.2728508356520163 1.4938938183465942 0.09101094467153281 2.1150026249047786 64 031_1.jpg

65 -0.4986064860437954 0.5044355443988686 -0.5041196728855921 0.49274710453923404 1.5387726014548084 -0.02512505989816601 2.1150358589786737 65 032_0.jpg

66 -0.6454441460476709 0.6568556122876795 -0.27842342967964345 0.272805705117021 1.4940790881435932 0.09093626879363491 2.1148689752047303 66 032_1.jpg

67 -0.49860624104401136 0.5044355923735308 -0.5040723832738043 0.4927956797288237 1.5386265437382605 -0.025106089979840644 2.1151850135984307 67 033_0.jpg

68 -0.6454258770244728 0.6568733459684201 -0.278379715689629 0.2728508356520163 1.4939331543780716 0.09095526325948278 2.1150027178070476 68 033_1.jpg

69 -0.4985823089010345 0.5044594501249148 -0.5040960467900991 0.49277126543780564 1.5387020979424741 -0.025095608530365417 2.1150354996604053 69 034_0.jpg

70 -0.6454126601282829 0.656886554745921 -0.27841034576781976 0.2728190457237375 1.494008582497779 0.09096570280661645 2.1148574886073734 70 034_1.jpg

71 -0.4985823089010345 0.5044594501249148 -0.5040960467900991 0.49277126543780564 1.5387238454960206 -0.025057163738212103 2.1150362280451533 71 035_0.jpg

72 -0.6454126601282829 0.656886554745921 -0.27841034576781976 0.2728190457237375 1.4940303300513254 0.09100414759876976 2.1148582169921215 72 035_1.jpg

73 -0.4985823089010345 0.5044594501249148 -0.5040960467900991 0.49277126543780564 1.5387223723547103 -0.024993482476248892 2.115036826940252 73 036_0.jpg

74 -0.6454126601282829 0.656886554745921 -0.27841034576781976 0.2728190457237375 1.494028856910015 0.09106782886073297 2.1148588158872204 74 036_1.jpg

75 -0.4985823089010345 0.5044594501249148 -0.5040960467900991 0.49277126543780564 1.538709733077736 -0.025125396912018323 2.1150353320729325 75 037_0.jpg

76 -0.6454126601282829 0.656886554745921 -0.27841034576781976 0.2728190457237375 1.4940162176330407 0.09093591442496354 2.1148573210199006 76 037_1.jpg

77 -0.4986064860437954 0.5044355443988686 -0.5041196728855921 0.49274710453923404 1.5387642218653914 -0.025184008942780573 2.1150351466998263 77 038_0.jpg

78 -0.6454441460476709 0.6568556122876795 -0.27842342967964345 0.272805705117021 1.4940707085541762 0.09087731974902034 2.114868262925883 78 038_1.jpg

79 -0.49860624104401136 0.5044355923735308 -0.5040723832738043 0.4927956797288237 1.5386226651362591 -0.02502019772221075 2.1151857907241367 79 039_0.jpg

80 -0.6454258770244728 0.6568733459684201 -0.278379715689629 0.2728508356520163 1.4939292757760703 0.09104115551711267 2.1150034949327536 80 039_1.jpg

81 -0.49863041933058116 0.5044116877945833 -0.5040960081991388 0.49277151769569866 1.5386160592395948 -0.025048893103463248 2.115184907887163 81 040_0.jpg

82 -0.6454573635772524 0.6568424041435594 -0.27839279807766315 0.27283749357685616 1.4939226709461357 0.09101247749067776 2.115013739375021 82 040_1.jpg

83 -0.49860624104401136 0.5044355923735308 -0.5040723832738043 0.4927956797288237 1.5387267716914863 -0.025004762367484827 2.1151876287062907 83 041_0.jpg

84 -0.6454258770244728 0.6568733459684201 -0.278379715689629 0.2728508356520163 1.4940333823312975 0.0910565908718386 2.1150053329149077 84 041_1.jpg

85 -0.49860624104401136 0.5044355923735308 -0.5040723832738043 0.4927956797288237 1.5387158126805076 -0.025011223170463663 2.1151873879339393 85 042_0.jpg

86 -0.6454258770244728 0.6568733459684201 -0.278379715689629 0.2728508356520163 1.4940224233203188 0.09105013006885976 2.1150050921425563 86 042_1.jpg

87 -0.4986296965951421 0.5044598999192028 -0.5040475971400351 0.492772416906934 1.5387046708917134 -0.025042356421853273 2.1151869029167947 87 043_0.jpg

88 -0.6454385699581175 0.6568870566560872 -0.27834772795806106 0.27282043462451266 1.4940001600840995 0.09101471316318503 2.1150043850121043 88 043_1.jpg

89 -0.49858206184654946 0.5044594955611129 -0.504048757419642 0.4928198403948302 1.538631886897892 -0.025013579999114296 2.115186480593449 89 044_0.jpg

90 -0.6453943892944135 0.6569042859832649 -0.27836663278898144 0.27286417697058024 1.4939384964709852 0.09104775481875822 2.11499305763263 90 044_1.jpg

91 -0.49860624104401136 0.5044355923735308 -0.5040723832738043 0.4927956797288237 1.5387081950511998 -0.025225920556136143 2.1151851648710465 91 045_0.jpg

92 -0.6454258770244728 0.6568733459684201 -0.278379715689629 0.2728508356520163 1.494014805691011 0.09083543268318728 2.1150028690796634 92 045_1.jpg

93 -0.49863041933058116 0.5044116877945833 -0.5040960081991388 0.49277151769569866 1.5387355606442918 -0.02520384689539778 2.1151853290301625 93 046_0.jpg

94 -0.6454573635772524 0.6568424041435594 -0.27839279807766315 0.27283749357685616 1.4940421723508328 0.09085752369874323 2.1150141605180206 94 046_1.jpg

95 -0.49860624104401136 0.5044355923735308 -0.5040723832738043 0.4927956797288237 1.538705827811114 -0.025066674989671182 2.1151866838427043 95 047_0.jpg

96 -0.6454258770244728 0.6568733459684201 -0.278379715689629 0.2728508356520163 1.4940124384509252 0.09099467824965224 2.115004388051321 96 047_1.jpg

97 -0.49860624104401136 0.5044355923735308 -0.5040723832738043 0.4927956797288237 1.5387030997199105 -0.02506384838200148 2.1151866672769404 97 048_0.jpg

98 -0.6454258770244728 0.6568733459684201 -0.278379715689629 0.2728508356520163 1.4940097103597216 0.09099750485732194 2.1150043714855573 98 048_1.jpg

99 -0.49860624104401136 0.5044355923735308 -0.5040723832738043 0.4927956797288237 1.538729484997944 -0.02506339205576779 2.1151870993094337 99 049_0.jpg

100 -0.6454258770244728 0.6568733459684201 -0.278379715689629 0.2728508356520163 1.4940360956377552 0.09099796118355563 2.1150048035180506 100 049_1.jpg

101 -0.49863041933058116 0.5044116877945833 -0.5040960081991388 0.49277151769569866 1.5387071683879379 -0.02510482437917371 2.1151858373219676 101 050_0.jpg

102 -0.6454573635772524 0.6568424041435594 -0.27839279807766315 0.27283749357685616 1.4940137800944788 0.0909565462149673 2.1150146688098257 102 050_1.jpg

103 -0.4986545964713187 0.5043877820565184 -0.5041196319660812 0.4927473545302048 1.538675129757919 -0.025166840773847815 2.115184197044048 103 051_0.jpg

104 -0.645488848646797 0.6568114608093015 -0.2784058798259621 0.2728241508747266 1.4939817425311905 0.0908945461082931 2.11502415581276 104 051_1.jpg

105 -0.4986545964713187 0.5043877820565184 -0.5041196319660812 0.4927473545302048 1.5386784323805638 -0.025185896157593396 2.115184064211551 105 052_0.jpg

106 -0.645488848646797 0.6568114608093015 -0.2784058798259621 0.2728241508747266 1.4939850451538352 0.09087549072454752 2.115024022980263 106 052_1.jpg

107 -0.4986306620407788 0.5044116375136503 -0.5041432978226388 0.49272294250834975 1.538775156519657 -0.02518752479741944 2.115034774901336 107 053_0.jpg

108 -0.6454756304838545 0.6568246683200105 -0.2784365129516615 0.2727923638834082 1.4940816453419241 0.09087382018238291 2.114879018408093 108 053_1.jpg

109 -0.4986306620407788 0.5044116375136503 -0.5041432978226388 0.49272294250834975 1.538764648181493 -0.025055509029388315 2.1150358956555135 109 054_0.jpg

110 -0.6454756304838545 0.6568246683200105 -0.2784365129516615 0.2727923638834082 1.49407113700376 0.09100583595041403 2.1148801391622705 110 054_1.jpg

111 -0.4986306620407788 0.5044116375136503 -0.5041432978226388 0.49272294250834975 1.538763378395922 -0.025117951574119626 2.1150352644256043 111 055_0.jpg

112 -0.6454756304838545 0.6568246683200105 -0.2784365129516615 0.2727923638834082 1.4940698672181891 0.09094339340568272 2.1148795079323612 112 055_1.jpg

113 -0.4986545964713187 0.5043877820565184 -0.5041196319660812 0.4927473545302048 1.53865835051927 -0.02510877821008109 2.11518449295804 113 056_0.jpg

114 -0.645488848646797 0.6568114608093015 -0.2784058798259621 0.2728241508747266 1.4939649632925414 0.09095260867205983 2.115024451726752 114 056_1.jpg

115 -0.4986545964713187 0.5043877820565184 -0.5041196319660812 0.4927473545302048 1.5386840798988284 -0.025136567267720983 2.115184638137837 115 057_0.jpg

116 -0.645488848646797 0.6568114608093015 -0.2784058798259621 0.2728241508747266 1.4939906926720998 0.09092481961441994 2.115024596906549 116 057_1.jpg

117 -0.4986545964713187 0.5043877820565184 -0.5041196319660812 0.4927473545302048 1.5386474690772753 -0.02509608672811084 2.1151844407413343 117 058_0.jpg

118 -0.645488848646797 0.6568114608093015 -0.2784058798259621 0.2728241508747266 1.4939540818505468 0.09096530015403008 2.1150243995100464 118 058_1.jpg

119 -0.49867877223132767 0.5043638753916284 -0.5041432543451122 0.49272319046713553 1.5386356316687708 -0.025234186517860503 2.115182364327634 119 059_0.jpg

120 -0.6455203319272096 0.6567805162663237 -0.2784189608074285 0.2728108076752787 1.4939422455087639 0.09082721558531988 2.1150334502706203 120 059_1.jpg

121 -0.4986545964713187 0.5043877820565184 -0.5041196319660812 0.4927473545302048 1.5386517562388486 -0.02506868960447975 2.115184778142723 121 060_0.jpg

122 -0.645488848646797 0.6568114608093015 -0.2784058798259621 0.2728241508747266 1.49395836901212 0.09099269727766117 2.115024736911435 122 060_1.jpg

123 -0.4986545964713187 0.5043877820565184 -0.5041196319660812 0.4927473545302048 1.5386341482686272 -0.02519967800729575 2.115183211814813 123 061_0.jpg

124 -0.645488848646797 0.6568114608093015 -0.2784058798259621 0.2728241508747266 1.4939407610418987 0.09086170887484517 2.115023170583525 124 061_1.jpg

125 -0.4986545964713187 0.5043877820565184 -0.5041196319660812 0.4927473545302048 1.5386691021727326 -0.025121499166955635 2.115184542783343 125 062_0.jpg

126 -0.645488848646797 0.6568114608093015 -0.2784058798259621 0.2728241508747266 1.493975714946004 0.09093988771518528 2.115024501552055 126 062_1.jpg

127 -0.49867877223132767 0.5043638753916284 -0.5041432543451122 0.49272319046713553 1.5386756781611295 -0.025282041102269427 2.1151825452845654 127 063_0.jpg

128 -0.6455203319272096 0.6567805162663237 -0.2784189608074285 0.2728108076752787 1.4939822920011225 0.09077936100091095 2.1150336312275515 128 063_1.jpg

129 -0.49867852929100503 0.5043639259038223 -0.504095965410892 0.4927717649455018 1.538556890499263 -0.025099548741245453 2.115333757710473 129 064_0.jpg

130 -0.6455020650696728 0.6567982520459065 -0.2783752466556575 0.2728559366215656 1.493863627631933 0.09096188004230357 2.115169431836287 130 064_1.jpg

131 -0.49870270619462415 0.5043400203861621 -0.5041195866198529 0.4927475997478553 1.5386245191064751 -0.02524764237164436 2.115332871297715 131 065_0.jpg

132 -0.6455335489833253 0.6567673081364227 -0.2783883261134895 0.2728425919536013 1.4939312562391451 0.09081380163294363 2.115179672597854 132 065_1.jpg

133 -0.49867877223132767 0.5043638753916284 -0.5041432543451122 0.49272319046713553 1.5387438768105168 -0.025173727217275878 2.1151847096836858 133 066_0.jpg

134 -0.6455203319272096 0.6567805162663237 -0.2784189608074285 0.2728108076752787 1.4940504906505099 0.0908876748859045 2.115035795626672 134 066_1.jpg

135 -0.49867877223132767 0.5043638753916284 -0.5041432543451122 0.49272319046713553 1.5387532210754982 -0.025123867277085078 2.115185348708533 135 067_0.jpg

136 -0.6455203319272096 0.6567805162663237 -0.2784189608074285 0.2728108076752787 1.4940598349154912 0.0909375348260953 2.115036434651519 136 067_1.jpg

137 -0.49870270619462415 0.5043400203861621 -0.5041195866198529 0.4927475997478553 1.5386018695233594 -0.025206665800899825 2.1153329049923335 137 068_0.jpg

138 -0.6455335489833253 0.6567673081364227 -0.2783883261134895 0.2728425919536013 1.4939086066560294 0.09085477820368816 2.115179706292473 138 068_1.jpg

139 -0.49870270619462415 0.5043400203861621 -0.5041195866198529 0.4927475997478553 1.538653945138163 -0.025197115480798855 2.1153338422673236 139 069_0.jpg

140 -0.6455335489833253 0.6567673081364227 -0.2783883261134895 0.2728425919536013 1.493960682270833 0.09086432852378913 2.115180643567463 140 069_1.jpg

141 -0.49870270619462415 0.5043400203861621 -0.5041195866198529 0.4927475997478553 1.5386031968108234 -0.0252072910603174 2.115332920385986 141 070_0.jpg

142 -0.6455335489833253 0.6567673081364227 -0.2783883261134895 0.2728425919536013 1.4939099339434934 0.09085415294427059 2.1151797216861254 142 070_1.jpg

143 -0.49870270619462415 0.5043400203861621 -0.5041195866198529 0.4927475997478553 1.5385883966253693 -0.025165581444119196 2.1153330884476467 143 071_0.jpg

144 -0.6455335489833253 0.6567673081364227 -0.2783883261134895 0.2728425919536013 1.4938951337580393 0.09089586256046879 2.115179889747786 144 071_1.jpg

145 -0.4987029470802447 0.5043399673355045 -0.5041668757951187 0.4926990250370814 1.538752752952806 -0.025284009896658292 2.115183221514688 145 072_0.jpg

146 -0.6455518140300821 0.6567495699134995 -0.2784320412761727 0.2727974637193082 1.494059367859532 0.09077740636089665 2.1150454347414467 146 072_1.jpg

147 -0.4987029470802447 0.5043399673355045 -0.5041668757951187 0.4926990250370814 1.5387024917726566 -0.02524663755155348 2.1151827725197774 147 073_0.jpg

148 -0.6455518140300821 0.6567495699134995 -0.2784320412761727 0.2727974637193082 1.4940091066793826 0.09081477870600146 2.115044985746536 148 073_1.jpg

149 -0.49867877223132767 0.5043638753916284 -0.5041432543451122 0.49272319046713553 1.5387461751836637 -0.025171825871308097 2.1151847655226814 149 074_0.jpg

150 -0.6455203319272096 0.6567805162663237 -0.2784189608074285 0.2728108076752787 1.4940527890236568 0.09088957623187228 2.1150358514656675 150 074_1.jpg

151 -0.4987029470802447 0.5043399673355045 -0.5041668757951187 0.4926990250370814 1.5386235510522428 -0.025291341908249935 2.115181056112395 151 075_0.jpg

152 -0.6455518140300821 0.6567495699134995 -0.2784320412761727 0.2727974637193082 1.4939301659589688 0.09077007434930501 2.1150432693391537 152 075_1.jpg

153 -0.4986790103623729 0.5043638204981762 -0.5041905439917104 0.49267461528460277 1.5387173109638042 -0.025247856322135342 2.115032159960725 153 076_0.jpg

154 -0.6455385946005145 0.6567627761573016 -0.2784626774490845 0.27276567966522797 1.4940238040530216 0.09081351803308403 2.1148986579252225 154 076_1.jpg

155 -0.4986790103623729 0.5043638204981762 -0.5041905439917104 0.49267461528460277 1.5386786012103784 -0.025133693243884047 2.1150326491254017 155 077_0.jpg

156 -0.6455385946005145 0.6567627761573016 -0.2784626774490845 0.27276567966522797 1.4939850942995958 0.09092768111133533 2.1148991470898992 156 077_1.jpg

157 -0.49870318292170174 0.5043399101357815 -0.5042141654531028 0.4926504498571239 1.5387426636954245 -0.0252968272456986 2.1150315189423474 157 078_0.jpg

158 -0.645570074586665 0.6567318276617915 -0.2784757588015111 0.2727523365511159 1.4940491589181308 0.09076456019707876 2.1149091441917705 158 078_1.jpg

159 -0.4987029470802447 0.5043399673355045 -0.5041668757951187 0.4926990250370814 1.5386055862035763 -0.0251324032489531 2.115182319325616 159 079_0.jpg

160 -0.6455518140300821 0.6567495699134995 -0.2784320412761727 0.2727974637193082 1.4939122011103023 0.09092901300860184 2.115044532552375 160 079_1.jpg

161 -0.4986790103623729 0.5043638204981762 -0.5041905439917104 0.49267461528460277 1.5387323813346683 -0.025204395986843885 2.1150328291919376 161 080_0.jpg

162 -0.6455385946005145 0.6567627761573016 -0.2784626774490845 0.27276567966522797 1.4940388744238857 0.09085697836837549 2.114899327156435 162 080_1.jpg

163 -0.4986790103623729 0.5043638204981762 -0.5041905439917104 0.49267461528460277 1.5387071108061008 -0.025131471828540818 2.115033132843683 163 081_0.jpg

164 -0.6455385946005145 0.6567627761573016 -0.2784626774490845 0.27276567966522797 1.4940136038953182 0.09092990252667855 2.1148996308081807 164 081_1.jpg

165 -0.49870318292170174 0.5043399101357815 -0.5042141654531028 0.4926504498571239 1.5386893760079459 -0.025245231414816167 2.1150311600008274 165 082_0.jpg

166 -0.645570074586665 0.6567318276617915 -0.2784757588015111 0.2727523365511159 1.4939958712306523 0.0908161560279612 2.1149087852502504 166 082_1.jpg

167 -0.49870318292170174 0.5043399101357815 -0.5042141654531028 0.4926504498571239 1.5386685761769825 -0.02516273439549544 2.115031629716983 167 083_0.jpg

168 -0.645570074586665 0.6567318276617915 -0.2784757588015111 0.2727523365511159 1.4939750713996889 0.09089865304728192 2.114909254966406 168 083_1.jpg

169 -0.49870318292170174 0.5043399101357815 -0.5042141654531028 0.4926504498571239 1.53872195332236 -0.025210325270096597 2.1150320292743765 169 084_0.jpg

170 -0.645570074586665 0.6567318276617915 -0.2784757588015111 0.2727523365511159 1.4940284485450663 0.09085106217268077 2.1149096545237995 170 084_1.jpg

171 -0.49870318292170174 0.5043399101357815 -0.5042141654531028 0.4926504498571239 1.5387620393231685 -0.025179702670799393 2.115032978334599 171 085_0.jpg

172 -0.645570074586665 0.6567318276617915 -0.2784757588015111 0.2727523365511159 1.4940685345458748 0.09088168477197797 2.114910603584022 172 085_1.jpg

173 -0.49870318292170174 0.5043399101357815 -0.5042141654531028 0.4926504498571239 1.5387005529993387 -0.025205233147504565 2.1150317322832017 173 086_0.jpg

174 -0.645570074586665 0.6567318276617915 -0.2784757588015111 0.2727523365511159 1.494007048222045 0.0908561542952728 2.1149093575326248 174 086_1.jpg

175 -0.49867924391424107 0.5043637609921828 -0.5042378336609721 0.4926260401073324 1.5387290010130863 -0.02516228804767344 2.1148817532621194 175 087_0.jpg

176 -0.6455568530403336 0.6567450317629485 -0.2785063958580049 0.27272055333899786 1.494035375895855 0.09089905749265682 2.114763663260683 176 087_1.jpg

177 -0.49867924391424107 0.5043637609921828 -0.5042378336609721 0.4926260401073324 1.5386907422089615 -0.02521833891102325 2.1148805851372514 177 088_0.jpg

178 -0.6455568530403336 0.6567450317629485 -0.2785063958580049 0.27272055333899786 1.49399711709173 0.09084300662930701 2.1147624951358153 178 088_1.jpg

179 -0.49867924391424107 0.5043637609921828 -0.5042378336609721 0.4926260401073324 1.5386559942144566 -0.02522295068944551 2.1148799769501863 179 089_0.jpg

180 -0.6455568530403336 0.6567450317629485 -0.2785063958580049 0.27272055333899786 1.4939623690972252 0.09083839485088475 2.11476188694875 180 089_1.jpg

181 -0.49867924391424107 0.5043637609921828 -0.5042378336609721 0.4926260401073324 1.5386574496169823 -0.025223447317208422 2.1148799956780464 181 090_0.jpg

182 -0.6455568530403336 0.6567450317629485 -0.2785063958580049 0.27272055333899786 1.4939638244997508 0.09083789822312184 2.1147619056766103 182 090_1.jpg

183 -0.49867924391424107 0.5043637609921828 -0.5042378336609721 0.4926260401073324 1.5386380527143382 -0.0252191790076413 2.1148797230954357 183 091_0.jpg

184 -0.6455568530403336 0.6567450317629485 -0.2785063958580049 0.27272055333899786 1.4939444275971068 0.09084216653268896 2.1147616330939996 184 091_1.jpg

185 -0.4986553037608358 0.5043876106895765 -0.5042615007101231 0.49260162922550615 1.5387747011256634 -0.025223498134631487 2.1147310160169934 185 092_0.jpg

186 -0.6455436300105389 0.656758234354932 -0.27853703227450227 0.27268876950017906 1.4940809560793102 0.09083780550313905 2.1146172107762164 186 092_1.jpg

187 -0.4986553037608358 0.5043876106895765 -0.5042615007101231 0.49260162922550615 1.5387790619635835 -0.025284348452454256 2.11473049160178 187 093_0.jpg

188 -0.6455436300105389 0.656758234354932 -0.27853703227450227 0.27268876950017906 1.4940853169172303 0.09077695518531628 2.114616686361003 188 093_1.jpg

189 -0.4986553037608358 0.5043876106895765 -0.5042615007101231 0.49260162922550615 1.5387644852446156 -0.02525649789114465 2.1147305277508974 189 094_0.jpg

190 -0.6455436300105389 0.656758234354932 -0.27853703227450227 0.27268876950017906 1.4940707401982625 0.09080480574662589 2.1146167225101205 190 094_1.jpg

191 -0.49863113348885174 0.5044115233464421 -0.5042378769090112 0.49262579238326276 1.5387617345775493 -0.025146811131282896 2.1147321287977445 191 095_0.jpg

192 -0.6455121512911453 0.656789184117233 -0.27852394787514984 0.2727021096767275 1.4940679852641976 0.09091447941892364 2.114607196272655 192 095_1.jpg

193 -0.49865507249855684 0.5043876725018404 -0.5042142110296927 0.4926502043999777 1.538656972486223 -0.025219032655500212 2.114880604066015 193 096_0.jpg

194 -0.6455253736875255 0.6567759808918896 -0.27849331298210034 0.2727338949843435 1.4939633441687477 0.09084229979726956 2.114751386779909 194 096_1.jpg

195 -0.49863113348885174 0.5044115233464421 -0.5042378769090112 0.49262579238326276 1.5387968663715423 -0.02528158718663007 2.1147313800695327 195 097_0.jpg

196 -0.6455121512911453 0.656789184117233 -0.27852394787514984 0.2727021096767275 1.4941031170581907 0.09077970336357646 2.114606447544443 196 097_1.jpg

197 -0.49863113348885174 0.5044115233464421 -0.5042378769090112 0.49262579238326276 1.5387108073053082 -0.025208893123210594 2.114730696401001 197 098_0.jpg

198 -0.6455121512911453 0.656789184117233 -0.27852394787514984 0.2727021096767275 1.4940170579919565 0.09085239742699594 2.1146057638759115 198 098_1.jpg

199 -0.49863113348885174 0.5044115233464421 -0.5042378769090112 0.49262579238326276 1.5386725179639893 -0.025293606959469337 2.1157294265751614 199 099_0.jpg

200 -0.6455121512911453 0.656789184117233 -0.27852394787514984 0.2727021096767275 1.4939787686506376 0.0907676835907372 2.115604494050072 200 099_1.jpg

201 -0.4986071933333125 0.5044353730319268 -0.5042615416296116 0.4926013792345136 1.5388389513132674 -0.025105170783410576 2.115583067984218 201 100_0.jpg

202 -0.6454989274114045 0.6568023858333014 -0.27855458212816264 0.2726703237424531 1.4941450814148571 0.0909560778641195 2.1154624202317254 202 100_1.jpg

203 -0.49863113348885174 0.5044115233464421 -0.5042378769090112 0.49262579238326276 1.538692684983091 -0.025163263723090943 2.1147308489611203 203 101_0.jpg

204 -0.6455121512911453 0.656789184117233 -0.27852394787514984 0.2727021096767275 1.4939989356697394 0.09089802682711559 2.1146059164360307 204 101_1.jpg

205 -0.4986071933333125 0.5044353730319268 -0.5042615416296116 0.4926013792345136 1.538742592867096 -0.025242194272925407 2.1155801664955756 205 102_0.jpg

206 -0.6454989274114045 0.6568023858333014 -0.27855458212816264 0.2726703237424531 1.4940487229686856 0.09081905437460466 2.115459518743083 206 102_1.jpg

207 -0.4986071933333125 0.5044353730319268 -0.5042615416296116 0.4926013792345136 1.5387329436885588 -0.025206568521445878 2.115580358531744 207 103_0.jpg

208 -0.6454989274114045 0.6568023858333014 -0.27855458212816264 0.2726703237424531 1.4940390737901486 0.09085468012608419 2.1154597107792514 208 103_1.jpg

209 -0.4986071933333125 0.5044353730319268 -0.5042615416296116 0.4926013792345136 1.53876839853507 -0.025173599069296178 2.1155812554954276 209 104_0.jpg

210 -0.6454989274114045 0.6568023858333014 -0.27855458212816264 0.2726703237424531 1.4940745286366597 0.09088764957823389 2.115460607742935 210 104_1.jpg

211 -0.49863113348885174 0.5044115233464421 -0.5042378769090112 0.49262579238326276 1.538664322274401 -0.025191250715881772 2.1157302947516325 211 105_0.jpg

212 -0.6455121512911453 0.656789184117233 -0.27852394787514984 0.2727021096767275 1.4939705729610493 0.09087003983432476 2.115605362226543 212 105_1.jpg

213 -0.4986069620710335 0.5044354348441906 -0.504214251949181 0.49264995440898507 1.538773352907956 -0.025215000743636518 2.1147322037151652 213 106_0.jpg

214 -0.645480671088391 0.6568201323702589 -0.2785108628357607 0.2727154492266175 1.4940795993276101 0.09084627565218797 2.114596143907071 214 106_1.jpg

215 -0.4986069620710335 0.5044354348441906 -0.504214251949181 0.49264995440898507 1.538798931304118 -0.02517194223765622 2.1147330392975063 215 107_0.jpg

216 -0.645480671088391 0.6568201323702589 -0.2785108628357607 0.2727154492266175 1.4941051777237722 0.09088933415816827 2.114596979489412 216 107_1.jpg

217 -0.49863089993698334 0.5044115828524355 -0.5041905872397494 0.4926743675605328 1.5386951382226939 -0.02524039190544652 2.1148815671559613 217 108_0.jpg

218 -0.6454938928513261 0.6568069285115861 -0.27848022946622947 0.27274723600295764 1.4940015067049783 0.09082092639294471 2.114741222586492 218 108_1.jpg

219 -0.49863089993698334 0.5044115828524355 -0.5041905872397494 0.4926743675605328 1.5387657452286034 -0.025184553929340544 2.114883257397295 219 109_0.jpg

220 -0.6454938928513261 0.6568069285115861 -0.27848022946622947 0.27274723600295764 1.4940721137108879 0.09087676436905069 2.1147429128278254 220 109_1.jpg

221 -0.49860672646440596 0.5044354918116647 -0.5041669625206955 0.49269852935423736 1.5387824942218988 -0.02523553113954975 2.114883564333781 221 110_0.jpg

222 -0.6454624108376352 0.6568378743213633 -0.2784671454375251 0.27276057626522404 1.4940888595039772 0.09082577193779799 2.114732092590447 222 110_1.jpg

223 -0.49860672646440596 0.5044354918116647 -0.5041669625206955 0.49269852935423736 1.5387965904948335 -0.025076355305862563 2.114885349412561 223 111_0.jpg

224 -0.6454624108376352 0.6568378743213633 -0.2784671454375251 0.27276057626522404 1.4941029557769119 0.09098494777148518 2.114733877669227 224 111_1.jpg

225 -0.49860672646440596 0.5044354918116647 -0.5041669625206955 0.49269852935423736 1.538756181965376 -0.025052903984977348 2.1148849239384337 225 112_0.jpg

226 -0.6454624108376352 0.6568378743213633 -0.2784671454375251 0.27276057626522404 1.4940625472474542 0.09100839909237039 2.1147334521951 226 112_1.jpg

227 -0.49860672646440596 0.5044354918116647 -0.5041669625206955 0.49269852935423736 1.538790985184399 -0.025098828177795695 2.114885038807046 227 113_0.jpg

228 -0.6454624108376352 0.6568378743213633 -0.2784671454375251 0.27276057626522404 1.4940973504664774 0.09096247489955205 2.114733567063712 228 113_1.jpg

229 -0.49860672646440596 0.5044354918116647 -0.5041669625206955 0.49269852935423736 1.5388123219155507 -0.025123341890355987 2.1148851448355974 229 114_0.jpg

230 -0.6454624108376352 0.6568378743213633 -0.2784671454375251 0.27276057626522404 1.494118687197629 0.09093796118699175 2.1147336730922635 230 114_1.jpg

231 -0.49863089993698334 0.5044115828524355 -0.5041905872397494 0.4926743675605328 1.5386874452945007 -0.025180984446398432 2.1148820234649146 231 115_0.jpg

232 -0.6454938928513261 0.6568069285115861 -0.27848022946622947 0.27274723600295764 1.4939938137767852 0.0908803338519928 2.114741678895445 232 115_1.jpg

233 -0.49860672646440596 0.5044354918116647 -0.5041669625206955 0.49269852935423736 1.5386426172691547 -0.025134830867535384 2.1148822824387428 233 116_0.jpg

234 -0.6454624108376352 0.6568378743213633 -0.2784671454375251 0.27276057626522404 1.493948982551233 0.09092647220981236 2.114730810695409 234 116_1.jpg

235 -0.49860672646440596 0.5044354918116647 -0.5041669625206955 0.49269852935423736 1.5386443203234497 -0.02519433538058209 2.1148817281157055 235 117_0.jpg

236 -0.6454624108376352 0.6568378743213633 -0.2784671454375251 0.27276057626522404 1.493950685605528 0.09086696769676565 2.1147302563723716 236 117_1.jpg

237 -0.4985827897422551 0.504459344950507 -0.5041906260601973 0.49267411506792397 1.5387714329002262 -0.025148683761822454 2.1147333551936347 237 118_0.jpg

238 -0.6454491897081693 0.6568510788133292 -0.2784977772834826 0.2727287880202471 1.4940776750529325 0.09091257741295508 2.1145861682120333 238 118_1.jpg

239 -0.4985827897422551 0.504459344950507 -0.5041906260601973 0.49267411506792397 1.5386975224785926 -0.025186713657044734 2.115731964675688 239 119_0.jpg

240 -0.6454491897081693 0.6568510788133292 -0.2784977772834826 0.2727287880202471 1.494003764631299 0.0908745475177328 2.1155847776940866 240 119_1.jpg

241 -0.49855861603294643 0.5044832541298675 -0.5041669987831048 0.49269827482942263 1.5386909028350735 -0.025207708284440702 2.1157321666978643 241 120_0.jpg

242 -0.6454177065389252 0.6568820240476068 -0.2784846909641164 0.2727421263167345 1.4939971407207948 0.09085353660232941 2.1155738524361754 242 120_1.jpg

243 -0.49853467930899337 0.5045071072564713 -0.5041906599940554 0.49267385827618787 1.538831023150105 -0.025139983832247702 2.115584201212184 243 121_0.jpg

244 -0.6454044845598216 0.6568952276633533 -0.2785153206464683 0.2727103359764293 1.4941371372505208 0.09092121915183243 2.1154301717244723 244 121_1.jpg

245 -0.49853467930899337 0.5045071072564713 -0.5041906599940554 0.49267385827618787 1.5388150762009714 -0.02512350640032036 2.1155841039341086 245 122_0.jpg

246 -0.6454044845598216 0.6568952276633533 -0.2785153206464683 0.2727103359764293 1.4941211903013871 0.09093769658375978 2.115430074446397 246 122_1.jpg

247 -0.49855861603294643 0.5044832541298675 -0.5041669987831048 0.49269827482942263 1.5387437717257078 -0.025112230578386477 2.1157339571497116 247 123_0.jpg

248 -0.6454177065389252 0.6568820240476068 -0.2784846909641164 0.2727421263167345 1.494050009611429 0.09094901430838363 2.1155756428880226 248 123_1.jpg

249 -0.49855861603294643 0.5044832541298675 -0.5041669987831048 0.49269827482942263 1.5387908852465577 -0.025136881086225873 2.1147343004482875 249 124_0.jpg

250 -0.6454177065389252 0.6568820240476068 -0.2784846909641164 0.2727421263167345 1.494097123132279 0.09092436380054424 2.1145759861865985 250 124_1.jpg

251 -0.49855861603294643 0.5044832541298675 -0.5041669987831048 0.49269827482942263 1.5387824435131867 -0.02517086511245721 2.114733831306364 251 125_0.jpg

252 -0.6454177065389252 0.6568820240476068 -0.2784846909641164 0.2727421263167345 1.494088681398908 0.0908903797743129 2.114575517044675 252 125_1.jpg

253 -0.49855861603294643 0.5044832541298675 -0.5041669987831048 0.49269827482942263 1.5386852186896383 -0.025215075817257418 2.1157320025366855 253 126_0.jpg

254 -0.6454177065389252 0.6568820240476068 -0.2784846909641164 0.2727421263167345 1.4939914565753596 0.09084616906951269 2.1155736882749965 254 126_1.jpg

255 -0.49853444117797036 0.504507162149946 -0.5041433703474573 0.49272243345872074 1.538707900760614 -0.025152301196591908 2.115733479159638 255 127_0.jpg

256 -0.6453862218865374 0.6569129677723963 -0.27847160400480375 0.27275546398647177 1.494014134379355 0.09090892633535312 2.115564037619474 256 127_1.jpg

257 -0.49853444117797036 0.504507162149946 -0.5041433703474573 0.49272243345872074 1.5388112570772996 -0.025082363898924997 2.114735658881039 257 128_0.jpg

258 -0.6453862218865374 0.6569129677723963 -0.27847160400480375 0.27275546398647177 1.4941174906960406 0.09097886363302003 2.1145662173408755 258 128_1.jpg

259 -0.49853444117797036 0.504507162149946 -0.5041433703474573 0.49272243345872074 1.5387598661446595 -0.025088946857956217 2.115734940821647 259 129_0.jpg

260 -0.6453862218865374 0.6569129677723963 -0.27847160400480375 0.27275546398647177 1.4940660997634005 0.09097228067398881 2.1155654992814834 260 129_1.jpg

261 -0.49853444117797036 0.504507162149946 -0.5041433703474573 0.49272243345872074 1.5388122469931609 -0.02502735409414254 2.1147362128874585 261 130_0.jpg

262 -0.6453862218865374 0.6569129677723963 -0.27847160400480375 0.27275546398647177 1.494118480611902 0.09103387343780249 2.114566771347295 262 130_1.jpg

263 -0.49855861603294643 0.5044832541298675 -0.5041669987831048 0.49269827482942263 1.5387538603575328 -0.0251911410671964 2.1157333489342247 263 131_0.jpg

264 -0.6454177065389252 0.6568820240476068 -0.2784846909641164 0.2727421263167345 1.4940600982432541 0.09087010381957371 2.1155750346725357 264 131_1.jpg

265 -0.49855861603294643 0.5044832541298675 -0.5041669987831048 0.49269827482942263 1.5387857162971292 -0.02525047301635637 2.1147331058206302 265 132_0.jpg

266 -0.6454177065389252 0.6568820240476068 -0.2784846909641164 0.2727421263167345 1.4940919541828506 0.09081077187041374 2.1145747915589412 266 132_1.jpg

267 -0.4985825516112322 0.5044593998439817 -0.5041433364135989 0.4927226902504567 1.538662206295946 -0.025242632929786086 2.11488206024157 267 133_0.jpg

268 -0.6454309270348851 0.6568688189223723 -0.278454060641818 0.27277391603028955 1.493968568377791 0.09081865385955776 2.1147194612177906 268 133_1.jpg

269 -0.49853444117797036 0.504507162149946 -0.5041433703474573 0.49272243345872074 1.5387438024964417 -0.025113661954471355 2.1157344388125177 269 134_0.jpg

270 -0.6453862218865374 0.6569129677723963 -0.27847160400480375 0.27275546398647177 1.4940500361151827 0.09094756557747367 2.115564997272354 270 134_1.jpg

271 -0.49853444117797036 0.504507162149946 -0.5041433703474573 0.49272243345872074 1.5387135879182956 -0.025143350015220677 2.115733658856805 271 135_0.jpg

272 -0.6453862218865374 0.6569129677723963 -0.27847160400480375 0.27275546398647177 1.4940198215370366 0.09091787751672435 2.1155642173166416 272 135_1.jpg

273 -0.49853444117797036 0.504507162149946 -0.5041433703474573 0.49272243345872074 1.5387254098796752 -0.02519179587304916 2.1157333766567428 273 136_0.jpg

274 -0.6453862218865374 0.6569129677723963 -0.27847160400480375 0.27275546398647177 1.4940316434984162 0.09086943165889587 2.115563935116579 274 136_1.jpg

275 -0.49853444117797036 0.504507162149946 -0.5041433703474573 0.49272243345872074 1.5387417745269836 -0.02518708946352217 2.115733687869686 275 137_0.jpg

276 -0.6453862218865374 0.6569129677723963 -0.27847160400480375 0.27275546398647177 1.4940480081457246 0.09087413806842286 2.1155642463295226 276 137_1.jpg

277 -0.4985102654122342 0.5045310687784613 -0.5041197409828525 0.4927465907211018 1.538821338681076 -0.025031157783344218 2.114736798730894 277 138_0.jpg

278 -0.6453547360569424 0.6569439096870605 -0.2784585165327109 0.27276880089987465 1.494127568032883 0.0910300513271424 2.1145562300220617 278 138_1.jpg

279 -0.4985102654122342 0.5045310687784613 -0.5041197409828525 0.4927465907211018 1.5388298876547863 -0.025172423068836627 2.114735555770642 279 139_0.jpg

280 -0.6453547360569424 0.6569439096870605 -0.2784585165327109 0.27276880089987465 1.4941361170065932 0.09088878604164999 2.1145549870618097 280 139_1.jpg

281 -0.4984860882661011 0.5045549744798223 -0.5040961102302686 0.492770747085843 1.5387370746739677 -0.02506954153040709 2.115735693244709 281 140_0.jpg

282 -0.6453232484384986 0.6569748503926749 -0.2784454282936017 0.27278213731602524 1.4940432997588036 0.09099164809163003 2.1155439972609345 282 140_1.jpg

283 -0.4984860882661011 0.5045549744798223 -0.5040961102302686 0.492770747085843 1.5387936456664235 -0.02516135153536737 2.1157357121195663 283 141_0.jpg

284 -0.6453232484384986 0.6569748503926749 -0.2784454282936017 0.27278213731602524 1.4940998707512594 0.09089983808666975 2.1155440161357917 284 141_1.jpg

285 -0.49851002041247233 0.5045311167531458 -0.5040724513710648 0.4927951659106913 1.538645440513548 -0.025055351155378616 2.114885047212539 285 142_0.jpg

286 -0.6453364670337649 0.656961643367822 -0.2784148025426879 0.2728139314348617 1.493951792994744 0.09100588036924273 2.1146890664656 286 142_1.jpg

287 -0.49851002041247233 0.5045311167531458 -0.5040724513710648 0.4927951659106913 1.5386594792409338 -0.024970964242447394 2.1148860999649344 287 143_0.jpg

288 -0.6453364670337649 0.656961643367822 -0.2784148025426879 0.2728139314348617 1.4939658317221298 0.09109026728217395 2.1146901192179954 288 143_1.jpg

289 -0.49851002041247233 0.5045311167531458 -0.5040724513710648 0.4927951659106913 1.5386758622382073 -0.02502054944975464 2.114885880533649 289 144_0.jpg

290 -0.6453364670337649 0.656961643367822 -0.2784148025426879 0.2728139314348617 1.4939822147194033 0.09104068207486671 2.11468989978671 290 144_1.jpg

291 -0.49851002041247233 0.5045311167531458 -0.5040724513710648 0.4927951659106913 1.538658622984414 -0.025100155010795447 2.114884822676032 291 145_0.jpg

292 -0.6453364670337649 0.656961643367822 -0.2784148025426879 0.2728139314348617 1.49396497546561 0.0909610765138259 2.1146888419290932 292 145_1.jpg

293 -0.4984860882661011 0.5045549744798223 -0.5040961102302686 0.492770747085843 1.5388028903817528 -0.025062851331036595 2.115736825205794 293 146_0.jpg

294 -0.6453232484384986 0.6569748503926749 -0.2784454282936017 0.27278213731602524 1.4941091154665886 0.09099833829100053 2.1155451292220193 294 146_1.jpg

295 -0.4984860882661011 0.5045549744798223 -0.5040961102302686 0.492770747085843 1.538799041225552 -0.025155214825368543 2.115735859567643 295 147_0.jpg

296 -0.6453232484384986 0.6569748503926749 -0.2784454282936017 0.27278213731602524 1.4941052663103878 0.09090597479666858 2.1155441635838685 296 147_1.jpg

297 -0.4984858409767532 0.5045550201482355 -0.5040488206303015 0.4928193222775615 1.5388001493332086 -0.024965744594208746 2.1148888673754596 297 148_0.jpg

298 -0.645304977298767 0.6569925819305873 -0.278401715187663 0.2728272686924559 1.4941064986141854 0.09109546637514947 2.11468175935514 298 148_1.jpg

299 -0.49850977083353903 0.5045311601152878 -0.5040251617830271 0.492843741104427 1.5386786690975403 -0.024944256258131334 2.1150379689510483 299 149_0.jpg

300 -0.6453181937775214 0.6569793727628446 -0.2783710903209339 0.272859063652632 1.4939851472524406 0.09111699661369396 2.1148265761795426 300 149_1.jpg

301 -0.49850977083353903 0.5045311601152878 -0.5040251617830271 0.492843741104427 1.5386426267174518 -0.02508389431208312 2.115036019307274 301 150_0.jpg

302 -0.6453181937775214 0.6569793727628446 -0.2783710903209339 0.272859063652632 1.493949104872352 0.09097735855974218 2.114824626535768 302 150_1.jpg

303 -0.49850977083353903 0.5045311601152878 -0.5040251617830271 0.492843741104427 1.5387266415888423 -0.025068467710334205 2.1150375316204073 303 151_0.jpg

304 -0.6453181937775214 0.6569793727628446 -0.2783710903209339 0.272859063652632 1.4940331197437426 0.09099278516149109 2.1148261388489016 304 151_1.jpg

305 -0.49850977083353903 0.5045311601152878 -0.5040251617830271 0.492843741104427 1.5386920539709952 -0.024962645287850735 2.115038006016709 305 152_0.jpg

306 -0.6453181937775214 0.6569793727628446 -0.2783710903209339 0.272859063652632 1.4939985321258955 0.09109860758397456 2.1148266132452034 306 152_1.jpg

307 -0.49850977083353903 0.5045311601152878 -0.5040251617830271 0.492843741104427 1.5387046218853773 -0.024923787133993444 2.1150385896891404 307 153_0.jpg

308 -0.6453181937775214 0.6569793727628446 -0.2783710903209339 0.272859063652632 1.4940111000402776 0.09113746573783185 2.1148271969176347 308 153_1.jpg

309 -0.4984862221277367 0.504458734762757 -0.5039565300860285 0.4930118528534835 1.5393329599080452 -0.024748570285275377 2.115503762447345 309 154_0.jpg

310 -0.6452694270984747 0.6569741731999825 -0.27831707387591187 0.2730419538996817 1.494662087117129 0.09132133356643014 2.1152577056376107 310 154_1.jpg

311 -0.498536762831084 0.5040738339266077 -0.5038696692618899 0.4934430285801471 1.54263700318419 -0.025695672581526167 2.1150550256050797 311 155_0.jpg

312 -0.6452808364114905 0.6567769927689215 -0.2782216634289431 0.2735860558002387 1.4980453677774204 0.09040457274170569 2.114756550086614 312 155_1.jpg

313 0.49870692785042947 -0.5036657799295853 0.5038511043505902 -0.4937066405129669 1.5489824187920316 -0.026938226318942927 2.1154989488197935 313 156_0.jpg

314 -0.6454301878701311 0.6564966744361482 -0.27814498873452137 0.2739842226882389 1.5044476342763433 0.08918382772572739 2.115196405289248 314 156_1.jpg

315 0.49861361015725947 -0.5035203503140958 0.5039984497023521 -0.49379883280860465 1.564838948674961 -0.028263552996117478 2.1157425039718865 315 157_0.jpg

316 -0.6453979285473933 0.656397203766058 -0.2783178959527178 0.2741229167860394 1.5203597987995852 0.08787985382892881 2.1154521982095718 316 157_1.jpg

317 0.4983317536888553 -0.5032765583857537 0.504388934043303 -0.493933165782013 1.583388933228333 -0.030912353154658213 2.1155649010118136 317 158_0.jpg

318 -0.6452811022053954 0.656223967490494 -0.2787875941815247 0.2743353439826932 1.5390318283247906 0.08527780718403886 2.115312146102894 318 158_1.jpg

319 0.4980251329992432 -0.5029603728173994 0.5046158536642483 -0.49433255052360336 1.6041596203293216 -0.031656736830689515 2.115195890682775 319 159_0.jpg

320 -0.6450781679951929 0.6560808568003682 -0.27911579023307087 0.27482074550264324 1.5599476401549326 0.08458865886807228 2.1149151988629296 320 159_1.jpg

321 0.49776744296968223 -0.502547922634041 0.5049378900535813 -0.49468261073527886 1.6294560141432912 -0.032598570934420285 2.115897003161916 321 160_0.jpg

322 -0.6449566610856436 0.6558309414668378 -0.2795147735818017 0.2752965181136394 1.585400316469878 0.08370615753056473 2.115621977354139 322 160_1.jpg

323 0.49741371395460515 -0.5022306196643164 0.505307412535541 -0.49498325292692463 1.6600511666658329 -0.03490075433456457 2.115219682621453 323 161_0.jpg

324 -0.6447640056331153 0.6556511627992715 -0.27999270284252425 0.2756900725721569 1.6161514563338493 0.08146295910195747 2.1149520484851334 324 161_1.jpg

325 0.4970375647214457 -0.5016957709990416 0.5057522145383203 -0.4954489984923137 1.6923148777253791 -0.038687315270341305 2.1160058203134087 325 162_0.jpg

326 -0.6445775104472573 0.6553316490320933 -0.2805509904169957 0.27631757920649236 1.648627420277262 0.07775626769423565 2.1157449600239264 326 162_1.jpg

327 0.49663665514235167 -0.5011845791750128 0.506172957774888 -0.4959384913309346 1.7296242530377095 -0.04154813647992607 2.1158829966348027 327 163_0.jpg

328 -0.644358830926057 0.6550426879711098 -0.2810960113891162 0.27695813099513517 1.686149201706213 0.07497490661701493 2.115617781340793 328 163_1.jpg

329 0.4961411324960593 -0.5006231639870252 0.5067381929976824 -0.4964240405969391 1.7718975762209142 -0.04630281460580752 2.1155208578065055 329 164_0.jpg

330 -0.6441063085955003 0.6547067547766864 -0.28181079596451475 0.2776126865888961 1.7286683287262312 0.0703116787271202 2.115271647557865 330 164_1.jpg

331 0.4956925184584242 -0.5000619151752483 0.507254338756644 -0.4969104989313136 1.8175323261139293 -0.051421665454649976 2.1153599503293745 331 165_0.jpg

332 -0.643879015681999 0.6543709638651363 -0.28246254959891454 0.27826850861833685 1.7745380129340202 0.0652796735545609 2.1151222369617706 332 165_1.jpg

333 0.4952433955713986 -0.4994037877638061 0.5077712124614034 -0.4974919413473456 1.8662174502109863 -0.05582185409973659 2.115556046919736 333 166_0.jpg

334 -0.6436508527320395 0.6539806721017032 -0.28311615950281227 0.279048563019237 1.8234809107208156 0.060974135879739794 2.1153217029009492 334 166_1.jpg

335 0.4947461734366323 -0.4987443118918607 0.5083356852004249 -0.49807144706069895 1.9197403405206062 -0.059186956351236594 2.1156902434711924 335 167_0.jpg

336 -0.6433958109608201 0.6535887434214549 -0.28383186956054435 0.2798268299012771 1.8772728466476565 0.05770714390642393 2.1154637724951106 336 167_1.jpg

337 0.49432102527281535 -0.4981087045569028 0.5089209152148113 -0.49853178883075777 1.9771028160917994 -0.06286551009908703 2.1157320893583096 337 168_0.jpg

338 -0.6432163793597376 0.653174856786849 -0.2845395891560794 0.2804862171082901 1.9348819605464707 0.05411796009693541 2.115539585028962 338 168_1.jpg

339 0.49403786148972134 -0.49757164803565446 0.5093590626771639 -0.49890118435857295 2.0379896156982085 -0.0666282370462385 2.1159802142106257 339 169_0.jpg

340 -0.6431145289859931 0.6528174838828563 -0.28505692017535406 0.2810259553922422 1.9959596091019314 0.05042398067074145 2.1158162841838912 340 169_1.jpg

341 0.4938271552235162 -0.4970104523778167 0.5098187601910572 -0.4991995420153155 2.103528764631676 -0.07080566445822603 2.1162979081541167 341 170_0.jpg

342 -0.6430885993585115 0.6524115441037996 -0.2855673463290482 0.28150936255440817 2.0616784160484576 0.04631096749995252 2.116184584565689 342 170_1.jpg

343 0.49359194225215314 -0.49652120918558834 0.5102542186118015 -0.4994740391266481 2.1717394175231703 -0.07459307197014432 2.1165128980009116 343 171_0.jpg

344 -0.6430309893470508 0.6520632325847132 -0.28606374951253144 0.2819436444847777 2.1300574932882563 0.04258364210960409 2.1164431158559287 344 171_1.jpg

345 0.4935241711474813 -0.49600994210157245 0.5106143731571895 -0.499680889923636 2.2442149879102846 -0.07802999542922769 2.116098176758496 345 172_0.jpg

346 -0.6431013191791699 0.6516688924297109 -0.2864279676496939 0.28232493205083964 2.2026680090269553 0.039194653731773874 2.1160849575187353 346 172_1.jpg

347 0.4935279704988443 -0.4956205097323093 0.510900605283707 -0.49977097173477353 2.3209375274593054 -0.08234982655329356 2.116592933572329 347 173_0.jpg

348 -0.6432113366850498 0.6513435725205952 -0.2866956797438444 0.28255320580760485 2.279480441268775 0.03490663518611515 2.1166396769733913 348 173_1.jpg

349 0.4936998173607932 -0.4953056730012025 0.5111111390917998 -0.49969809297917883 2.399577156493418 -0.08636914855403323 2.117118469260548 349 174_0.jpg

350 -0.6434503814319882 0.6510263644455687 -0.28682962564848563 0.282604043287006 2.358153669519048 0.030899126695362447 2.117246324319676 350 174_1.jpg

351 0.49389404612472493 -0.49511319559453554 0.51120207365326 -0.4996038777304697 2.4823469441360597 -0.08996317702776077 2.11671635341881 351 175_0.jpg

352 -0.6436656217752533 0.6508137480118559 -0.2868431553833497 0.28258987411646636 2.440923388889431 0.027304996218162375 2.1169024025888024 352 175_1.jpg

353 0.4941106441376069 -0.4950431461883832 0.5111735482104534 -0.4994882965313218 2.5686658103131053 -0.09266400476420898 2.1173828009845366 353 176_0.jpg

354 -0.6438570980023066 0.6507057771581196 -0.2867364022302921 0.2825106450403662 2.527208532762505 0.024592189754316186 2.1176041268218166 354 176_1.jpg

355 0.4943488809044043 -0.49514436970548337 0.5109780908845002 -0.4993522080992071 2.658193272210552 -0.09471910317976796 2.1181116324207347 355 177_0.jpg

356 -0.6440063585826702 0.6507476846411422 -0.2864651649200675 0.2823490221810592 2.6166574583018316 0.022509292395555776 2.1183339694971846 356 177_1.jpg

357 0.49475492880601335 -0.4953202254323768 0.5107072082289938 -0.499052684756553 2.7504304485173434 -0.09658888696578677 2.117882916104353 357 178_0.jpg

358 -0.6442845328316894 0.6507975631404125 -0.28606050174232805 0.282009506767556 2.7087598438305927 0.020591618777662267 2.1181274130369507 358 178_1.jpg

359 0.4952320675021498 -0.4955697915645595 0.510363147747195 -0.49868350526940436 2.8461271516400695 -0.09767276246860221 2.118717875068556 359 179_0.jpg

360 -0.6446018953359504 0.6508893654019551 -0.28556069444145726 0.28157862192654676 2.8042881131025243 0.019447663171885655 2.1189838676338604 360 179_1.jpg

361 0.4957556613552679 -0.4959170739230857 0.5099226160637652 -0.49826850758647356 2.94496253577864 -0.09787622888005873 2.118613496220892 361 180_0.jpg

362 -0.644926661331725 0.6510540085870649 -0.28495313730894023 0.28106936678339856 2.9029215435736315 0.01917183375112666 2.1188891929828393 362 180_1.jpg

363 0.4963981360146931 -0.49628993670678545 0.5094078177782309 -0.49778395360952915 3.046758046852534 -0.0970208186498398 2.1197155077966263 363 181_0.jpg

364 -0.6453346323005266 0.6512160173697155 -0.28423203618202764 0.280487184524515 3.0044816032483888 0.01994236914152485 2.1200070860322557 364 181_1.jpg

365 0.4969913285996426 -0.4967587564846441 0.5088458123716741 -0.49729900098874436 3.151513042984181 -0.09616758468679042 2.1197187043465795 365 182_0.jpg

366 -0.6456791329471367 0.6514664328538855 -0.2834846597588811 0.27986852595934925 3.108990131425531 0.02070622896479915 2.120007970847832 366 182_1.jpg

367 0.49748771422212873 -0.49737064197732633 0.508284390857665 -0.49676493103635716 3.2592064305039905 -0.09386634586592942 2.120338202441843 367 183_0.jpg

368 -0.6459342173195599 0.6518311550435139 -0.2827725777184839 0.27915014150247164 3.216425930979076 0.022913455247804283 2.120615532994731 368 183_1.jpg

369 0.49805609952471613 -0.4978619417802856 0.5077453740425089 -0.4962542128702006 3.3693995809907338 -0.09212857164594168 2.121288667620696 369 184_0.jpg

370 -0.6462644514136319 0.6520929901147264 -0.2820555409541195 0.2784989459573442 3.3263729157625326 0.024560751222071978 2.121567966644598 370 184_1.jpg

371 0.4987430263984382 -0.4983301192506556 0.5071323259383508 -0.4957209798413948 3.4825415392617867 -0.09062810933295964 2.121581892961421 371 185_0.jpg

372 -0.6466773331492973 0.652324526731319 -0.28122580210780174 0.2778366189768678 3.439246654908064 0.025961953211846647 2.121865273616985 372 185_1.jpg

373 0.4995745881862778 -0.49874978402887354 0.5066577960242269 -0.4949462208134698 3.598382612649777 -0.0895652040459709 2.122604421805573 373 186_0.jpg

374 -0.6472782125199965 0.6524224828358818 -0.28047074442018266 0.27696927810060534 3.5547968305136806 0.02691620348567439 2.1229667683682782 374 186_1.jpg

375 0.5004516485464318 -0.49926605428920834 0.5061331944669845 -0.4940756459898522 3.7173428123566605 -0.08806308477984921 2.1225307798628266 375 187_0.jpg

376 -0.6479033317818749 0.6525740203575916 -0.27965127963614844 0.27597750346385175 3.673432848091501 0.02829621685696293 2.1229757077510762 376 187_1.jpg

377 0.5013966331581695 -0.4999035576716567 0.5054390571141679 -0.49318273370872723 3.838578243464184 -0.08521289382260443 2.1236600498980085 377 188_0.jpg

378 -0.6485283112279732 0.6528283711453284 -0.27864809893323833 0.27492068733440705 3.79430005124044 0.031006560720484744 2.1241601289958014 378 188_1.jpg

379 0.5023617595760675 -0.5006611525820169 0.5045761526524172 -0.492314918507827 3.961828170621165 -0.07994469413318812 2.124000978598483 379 189_0.jpg

380 -0.6491086883077407 0.6532020808974957 -0.27747980520673043 0.27384285635564953 3.917149080034565 0.03612115650379141 2.124517873431885 380 189_1.jpg

381 0.5034434849913146 -0.5014424663078811 0.5035905710506303 -0.49142308365782866 4.08809385775155 -0.07443674351737553 2.125691975305097 381 190_0.jpg

382 -0.6497517230040294 0.6535879727861833 -0.27615398398127355 0.27273510484316627 4.0429811819919745 0.04146123496834621 2.1262164452609293 382 190_1.jpg

383 0.5046191003660065 -0.5021746182694861 0.5026023289695474 -0.4904804942360962 4.218909507454411 -0.06866491317001135 2.1256030940451742 383 191_0.jpg

384 -0.6504814095992658 0.6539094601132613 -0.27479105513770163 0.27159939203990136 4.173352647371923 0.04705906980378907 2.1261528795525577 384 191_1.jpg

385 0.5058882181125315 -0.5028577565062113 0.501658955632913 -0.48943792224322263 4.355279303412922 -0.06297999642805108 2.127595259649173 385 192_0.jpg

386 -0.6513155247375192 0.6541487489157815 -0.2734351879811653 0.2703899027358692 4.309267552395791 0.05256358321994069 2.1282035116246645 386 192_1.jpg

387 0.5071542181027381 -0.5035874335274734 0.5007136016592211 -0.4883443303318508 4.497631972762556 -0.05640927722125226 2.128541970273943 387 193_0.jpg

388 -0.6521463769181327 0.6544121906635785 -0.27207815986905665 0.26911570505215254 4.451154856238942 0.05894755050613072 2.129212743205169 388 193_1.jpg

389 0.5084865971924415 -0.5044355891237445 0.4996444493767594 -0.48717711472115294 4.646434336916087 -0.04872655753575751 2.1296053469510174 389 194_0.jpg

390 -0.6529931466201488 0.6547571739734487 -0.27058037570831267 0.2677298150728982 4.5994484980251675 0.066423695241366 2.1303266160277428 390 194_1.jpg

391 0.5098387053969214 -0.5054001509548528 0.49835744126976833 -0.4860813127708703 4.800908398064022 -0.038805486611394414 2.1310909237213855 391 195_0.jpg

392 -0.6537762444906443 0.6552349282141269 -0.2688721863103332 0.26636733736822665 4.7533821055312115 0.07612277785970659 2.1318089374721643 392 195_1.jpg

393 0.5112085703497099 -0.5065758498173457 0.49684925161296445 -0.48496136666179596 4.961862235602323 -0.02709740514180519 2.132709695982907 393 196_0.jpg

394 -0.6544932785711364 0.6558977209376101 -0.26695026703102437 0.2649042900862849 4.913741961568009 0.08758372448712264 2.1333788251898804 394 196_1.jpg

395 0.5124562239690796 -0.5079586727362647 0.49507468605060173 -0.48401204586173574 5.129383993632869 -0.01169256673733303 2.1346411614829077 395 197_0.jpg

396 -0.654995844039955 0.6568137862305811 -0.2648251782379119 0.26352176281873513 5.080650101982464 0.10272989874557131 2.1351676568960816 396 197_1.jpg

397 0.5138671854421241 -0.5092652107543156 0.49331815158085124 -0.48293546376509183 5.303808128466427 0.0048039301878964324 2.136831026393252 397 198_0.jpg

398 -0.6556578938330351 0.6576120610689589 -0.2626564300819688 0.2620509552122643 5.254439841629765 0.11895454471085279 2.137254652224013 398 198_1.jpg
