1 0.5057310068473652 0.5108702874581456 -0.4859402673590343 0.49710135250732546 806.3254084457297 4.354635693336464 -1802.3300637604957 1 000_0.jpg

2 0.505826361645468 0.5107894195981663 -0.4859480640712478 0.49707981221981173 806.2667443341786 3.9151993390364774 -1803.0963286443628 2 001_0.jpg

3 0.5063160258816978 0.5107877956212935 -0.4850987635409433 0.49741240373632795 804.46251762529 1.4777127822344998 -1804.6546721550926 3 002_0.jpg

4 0.507097595827011 0.5101201799684016 -0.4843369563276671 0.4980433144122328 804.0462514940535 -3.6695060264157555 -1805.962178719209 4 003_0.jpg

5 0.5076593519922089 0.5098324995959229 -0.4840106559547865 0.49808281401072374 803.0450361762728 -6.268937419927193 -1807.1914830356982 5 004_0.jpg

6 0.5078149745000597 0.5094246262684783 -0.4842015396245076 0.49815597040483334 803.9790856429545 -7.631035062212583 -1807.168159445935 6 005_0.jpg

7 0.508439973882601 0.5084921932014497 -0.48470683838380857 0.49797968154876776 805.1287275695954 -11.069401113684046 -1807.4310726177355 7 006_0.jpg

8 0.5065231845201578 0.509926435088659 -0.4843674801570047 0.49879598886486964 806.7959969284356 -3.36320634770948 -1807.9466866066082 8 007_0.jpg

9 0.5066168950445868 0.5099807108716674 -0.48460483097738566 0.4984146406232367 806.2484806677993 -2.8897747329474672 -1808.9941746316638 9 008_0.jpg

10 0.5065884102029536 0.510420804726731 -0.4839247801170753 0.49865377962951474 804.6949514179648 -2.564064478039308 -1810.4962790554537 10 009_0.jpg

11 0.5066150241902223 0.510548965804049 -0.48316822951804916 0.49922883807483553 804.0910112292801 -3.586716088012095 -1811.179537465562 11 010_0.jpg

12 0.5066949702463354 0.510155881287921 -0.48325766999660286 0.4994629198487758 805.2388933291944 -4.965974297381106 -1811.5000840697103 12 011_0.jpg

13 0.5064574526479216 0.5106153047374551 -0.4834886171589752 0.49901063746472996 804.3990314597877 -2.495752728163194 -1812.7247924116814 13 012_0.jpg

14 0.506498676253065 0.5109894375033888 -0.48387015928918475 0.49821536975822267 802.8585484656451 -0.5181845151215048 -1814.674378084759 14 013_0.jpg

15 0.506498676253065 0.5109894375033888 -0.48387015928918475 0.49821536975822267 802.8585484656451 -0.5181845151215048 -1814.674378084759 15 014_0.jpg

16 0.5066997902416545 0.5111839064483967 -0.48421474182714463 0.4974760498300314 801.3933608829254 0.4820970861416881 -1816.5858995570252 16 015_0.jpg

17 0.5067228997121371 0.5112803083402938 -0.4842299658749633 0.4973386063433135 800.9324775234444 0.810403020486064 -1817.6517968179214 17 016_0.jpg

18 0.5069876994634939 0.5111583890708357 -0.48440684023528474 0.4970217168378958 800.4057577342585 0.2563474304667971 -1818.7477821113425 18 017_0.jpg

19 0.5068197931542191 0.5114518516318864 -0.48432981507293366 0.4969661265728752 799.9177462589365 1.4432059578569525 -1819.3886437995038 19 018_0.jpg

20 0.5064694319302044 0.5120867515428401 -0.4844186314955998 0.49658278551972357 798.8218304771696 4.481336522192729 -1820.7101390881592 20 019_0.jpg

21 0.5066658522407967 0.5126154046156901 -0.484270334049132 0.49598125436728085 796.1038469556424 5.76280472954752 -1823.175896312032 21 020_0.jpg

22 0.5064381892884616 0.5131139605170908 -0.4838102765397914 0.4961471961698265 795.0387649555953 7.052157208160087 -1824.4814000455594 22 021_0.jpg

23 0.5064381892884616 0.5131139605170908 -0.4838102765397914 0.4961471961698265 795.0387649555953 7.052157208160087 -1824.4814000455594 23 022_0.jpg

24 0.5064004799579269 0.5136521293691626 -0.4832376073637902 0.4961869191365546 793.1174266901256 7.945013653273745 -1826.5847255664162 24 023_0.jpg

25 0.5071716545539936 0.5135238007412333 -0.48302681856996627 0.49573713945136244 790.7474559901793 5.774340095261005 -1828.475074060562 25 024_0.jpg

26 0.5071716545539936 0.5135238007412333 -0.48302681856996627 0.49573713945136244 790.7474559901793 5.774340095261005 -1828.475074060562 26 025_0.jpg

27 0.5074334033700811 0.513413696363951 -0.48245837738420255 0.4961367065859609 790.1613967220497 3.8304795870645045 -1829.577586798903 27 026_0.jpg

28 0.507743526669336 0.5133407344477008 -0.4820280748023261 0.4963131436748814 789.2729873965618 2.2093979533084394 -1830.377479139919 28 027_0.jpg

29 0.5086739332653835 0.5127857033213297 -0.48194026827073116 0.4960193846057927 787.9105860131432 -1.5326257661510319 -1831.7953532354254 29 028_0.jpg

30 0.508731699210688 0.5128379711124621 -0.48217155012208557 0.49568121797817283 787.4903641782878 -0.9987609768177919 -1832.8423600928425 30 029_0.jpg

31 0.5090833916777677 0.5127172734344829 -0.482134426976481 0.4954810714485777 786.6337535723786 -2.0986416937052788 -1833.633782027506 31 030_0.jpg

32 0.509775966027997 0.5119899791637641 -0.4831505562232816 0.4945303486311476 786.8070407847368 -3.9131714277482024 -1834.425822305643 32 031_0.jpg

33 0.510485469630849 0.5117089867696092 -0.4833920076407046 0.4938528779951379 785.1990466022455 -5.646655655370548 -1836.4075743986218 33 032_0.jpg

34 0.5110710612562618 0.5114139184107873 -0.4833629195546054 0.4935812622069148 784.1042280070299 -7.750445575368733 -1837.728105078734 34 033_0.jpg

35 0.5116336482491862 0.5110529273929318 -0.48295546688092034 0.4937711336157417 783.3280853849467 -10.8000174137388 -1838.899415835511 35 034_0.jpg

36 0.5120974324860267 0.5109028457614865 -0.48282227944707057 0.4935758789725941 782.1399499454844 -12.37521046863163 -1839.8128638219346 36 035_0.jpg

37 0.5126401415107996 0.5111209193095376 -0.48241668393748516 0.4931831649749624 779.2566388002767 -13.277584974844324 -1841.8541505469348 37 036_0.jpg

38 0.5125784047443721 0.5115861260359819 -0.4819983675184312 0.49317399398871237 777.70055582696 -12.319736353773608 -1843.7787309544344 38 037_0.jpg

39 0.5124124524500803 0.5119689557628245 -0.4817300472447311 0.4932113426218082 776.8547093584672 -11.19070836816113 -1844.9858330317825 39 038_0.jpg

40 0.5122614816836903 0.5125525130292323 -0.48181497945898355 0.4926788216877076 775.1970779720635 -8.650825215349087 -1846.5312179782031 40 039_0.jpg

41 0.5123382375168879 0.5125367076508941 -0.4819901772665242 0.49244403002478904 774.961375637205 -8.4903437691437 -1847.0463901641517 41 040_0.jpg

42 0.5129779487159596 0.5126542070862484 -0.48203562018137786 0.4916105663676186 772.069256623053 -9.02543031957122 -1849.883006338699 42 041_0.jpg

43 0.5129779487159596 0.5126542070862484 -0.48203562018137786 0.4916105663676186 772.069256623053 -9.02543031957122 -1849.883006338699 43 042_0.jpg

44 0.5129268811084249 0.5128439770689962 -0.48194721464911316 0.4915525934347214 771.5158546113613 -8.434111680066687 -1851.3485667053785 44 043_0.jpg

45 0.5129268811084249 0.5128439770689962 -0.48194721464911316 0.4915525934347214 771.5158546113613 -8.434111680066687 -1851.3485667053785 45 044_0.jpg

46 0.5129081395134648 0.5135759706058528 -0.481772366043831 0.49097897119288253 768.7730421628673 -6.072545359728769 -1853.7620372487015 46 045_0.jpg

47 0.512504611505341 0.5143940336301424 -0.4816122354466381 0.49070098432707804 767.1621850844061 -2.7344313333166808 -1855.276872675756 47 046_0.jpg

48 0.5122861885081943 0.5152799557673003 -0.4810050197504326 0.49059514798159337 764.5714394994882 -0.34244390705612754 -1857.1871281804406 48 047_0.jpg

49 0.5121505029540836 0.5156394953855064 -0.4806537915005124 0.49070327677593645 763.6910192372607 0.49263759310657307 -1857.9681279295812 49 048_0.jpg

50 0.5120476584322143 0.5158964280134135 -0.47999303829985196 0.4911870868017234 763.0600665594595 0.26873599812117044 -1859.086074867742 50 049_0.jpg

51 0.5120145310877122 0.5165826019037832 -0.4788874193638358 0.4915794696083161 760.4935267908236 0.6115736468369724 -1861.4130833532151 51 050_0.jpg

52 0.5117186954632001 0.5172512025089838 -0.4787894452826933 0.49127979533290544 759.0220841869304 3.353845086357668 -1862.8488375074844 52 051_0.jpg

53 0.5113601855312004 0.5178040981103125 -0.47919983189289095 0.49067015167777156 758.2415553747786 6.8037154440338865 -1864.0221180270405 53 052_0.jpg

54 0.5110712908257908 0.5182941308772588 -0.4794284284660604 0.4902302638254912 757.4406352511623 9.546286711483845 -1864.765063055426 54 053_0.jpg

55 0.5107543565019813 0.5185567069119043 -0.48013750312044245 0.48958850796173264 757.6330224859305 12.471079772072798 -1865.5563227830794 55 054_0.jpg

56 0.5111100249672608 0.5183364290615845 -0.4806566078974216 0.48894080824798786 757.1342033508256 12.136937127445343 -1867.041466860984 56 055_0.jpg

57 0.5116868446371998 0.5174614385965847 -0.4809917782182266 0.4889347010360863 758.3269221803275 8.641295446048424 -1867.4183255774087 57 056_0.jpg

58 0.5122477395284957 0.5165303952930272 -0.48151470468044527 0.4888171368342964 759.7893205411058 5.3451677867283856 -1867.7028159767167 58 057_0.jpg

59 0.5123990984609929 0.5159900599433861 -0.48182884619314953 0.4889196098666537 761.2964845904744 3.7328751763469357 -1867.5001692467038 59 058_0.jpg

60 0.5126371273452844 0.5149154880016484 -0.48287044032948057 0.48877536122355075 764.5265124386276 1.4762364146514046 -1867.032663977396 60 059_0.jpg

61 0.5122426027384782 0.5138864768440564 -0.48439190555151335 0.48876649505943676 769.9761345161907 1.3763610843579577 -1866.0314944641138 61 060_0.jpg

62 0.511841705718443 0.5133839879546548 -0.4853662401345242 0.48874795358823253 773.4241718734654 2.1310758821675186 -1865.442930450614 62 061_0.jpg

63 0.5115777615490543 0.5130116444839489 -0.48626207765228463 0.4885247571511778 775.8452391319271 2.9907500519756756 -1865.2849016184896 63 062_0.jpg

64 0.511200758984171 0.5127263949007604 -0.4869071794945765 0.4885763262200831 778.368234481617 3.845739644484818 -1864.6504793020583 64 063_0.jpg

65 0.5109577320397194 0.5121657733914438 -0.4877501066113956 0.4885777830967582 781.4227268793311 3.860467631310976 -1864.2207579771311 65 064_0.jpg

66 0.5095367371788772 0.5120113970163362 -0.48946062433083753 0.48851298858899384 787.3857236304063 9.053627378580593 -1862.95833553226 66 065_0.jpg

67 0.5079899159037826 0.5123725975677387 -0.49068199522582545 0.4885199547234064 791.8471365309721 15.388194547249373 -1861.8563415659755 67 066_0.jpg

68 0.507637137099969 0.5122197127537955 -0.4912865273385159 0.48843940356919185 793.7501498655749 16.62161771324119 -1861.8682427704023 68 067_0.jpg

69 0.5077106752029024 0.5117313026180526 -0.49136852200204856 0.48879230741836177 795.3265302268594 14.845704858544206 -1861.6262014246136 69 068_0.jpg

70 0.5082678923610497 0.5105932758550233 -0.4909403949779116 0.48983240483396406 797.5351304785715 8.826198137923374 -1861.5531174278988 70 069_0.jpg

71 0.508780437222166 0.5084218503340443 -0.49065381299754285 0.4918419711593352 803.8022881619445 -0.6787470821222816 -1860.073388709203 71 070_0.jpg

72 0.5095361987935271 0.5071828932573174 -0.4904909404539154 0.49250077384590335 805.6065134260516 -6.855154840784274 -1860.0899843267555 72 071_0.jpg

73 0.5104428602241818 0.505283876157144 -0.4912346838446671 0.49277254015397265 809.2956890229406 -13.908922641685985 -1859.2406515465736 73 072_0.jpg

74 0.5107620413106442 0.5042346356155104 -0.4918424120509459 0.4929103479435026 812.0035400300897 -17.113631350941528 -1858.4259958064565 74 073_0.jpg

75 0.5111956165932999 0.5028057373220255 -0.49326465450473933 0.49249914995679944 815.664865918826 -20.288187402067496 -1857.5698953899714 75 074_0.jpg

76 0.5076656497707961 0.5053518634550256 -0.4945481519377815 0.49225725749881427 819.4931818885648 -2.4472202194710477 -1857.1639749375006 76 075_0.jpg

77 0.5052941428890548 0.507048524536939 -0.49748322953579904 0.48998985628027 822.0111557386759 13.69032252687523 -1856.7764387227219 77 076_0.jpg

78 0.5052578628069585 0.507055168387512 -0.5006248118029748 0.4868103800151479 822.0582892459634 20.137231998639898 -1857.492212953499 78 077_0.jpg

79 0.5052123067618703 0.5069431867074858 -0.499909487227131 0.48770855552011394 822.658371119086 18.344675387235018 -1857.640658543283 79 078_0.jpg

80 0.5059881939857029 0.505497192489737 -0.49475052128395797 0.4936298791820975 825.2121891889313 1.2780717110634092 -1857.375562620961 80 079_0.jpg

81 0.5087621886432313 0.5017508257903628 -0.48824785844668306 0.5010201322780012 828.7291324211712 -30.160080589750546 -1856.7477653874844 81 080_0.jpg

82 0.5079879914009438 0.5029980576156606 -0.4887351071708531 0.5000791433823267 826.9835830682541 -23.313392555011596 -1858.4476021913788 82 081_0.jpg

83 0.5052862887961467 0.5058237011747871 -0.49072931060265473 0.49800892903631766 826.5433652442632 -4.359978524579177 -1859.6064654747352 83 082_0.jpg

84 0.5039669772928997 0.5071180414632992 -0.49111869954257564 0.4976454569071186 826.5990054717146 3.438689598539211 -1859.9971203214448 84 083_0.jpg

85 0.5028478881107264 0.5079804429154322 -0.49119444898399095 0.4978231456303907 827.5011839184076 8.683588887393542 -1860.4014046704544 85 084_0.jpg

86 0.5038326143672809 0.5072729771099934 -0.49001553857946745 0.49870993106661654 826.4693938803184 2.0359188860070616 -1862.100842159373 86 085_0.jpg

87 0.5044214943423401 0.5065357701873994 -0.4894816612867322 0.49938779803883826 827.0297960905986 -2.7607293997699323 -1862.6819315355472 87 086_0.jpg

88 0.5050385984691714 0.5056946553834012 -0.48967944979401784 0.4994226326693519 827.8812297026421 -6.534668184945847 -1863.1325841904475 88 087_0.jpg

89 0.5053440087618194 0.5054488188431184 -0.48981888132356904 0.49922578843400894 827.6589331418552 -7.690918754404184 -1863.6531062282854 89 088_0.jpg

90 0.5059449367757013 0.5051497889289557 -0.4896805684986704 0.4990554603757802 826.5168156185694 -10.1053292043742 -1864.9934071801051 90 089_0.jpg

91 0.5056599939856377 0.504931936445447 -0.48965601811940596 0.49958852464737796 828.3829337360534 -10.485835770224007 -1865.4195770169185 91 090_0.jpg

92 0.5057806630861302 0.5049532452766488 -0.4894939279273651 0.4996036783841514 827.8317863341622 -10.946062733266874 -1866.5122203265712 92 091_0.jpg

93 0.5059684717314316 0.5045806061378205 -0.4891733220772319 0.5001037677235337 828.5055679753456 -13.294144489132337 -1867.0654779197992 93 092_0.jpg

94 0.5062887221715152 0.5045307484603383 -0.48899660429973996 0.50000277463561 827.4776605180491 -14.384788916282176 -1867.9470668590611 94 093_0.jpg

95 0.506185106430709 0.5048406527462028 -0.48928873094831826 0.49950884990108396 826.6895869449614 -12.488728262024093 -1869.2063271815778 95 094_0.jpg

96 0.5056569509343877 0.5066469507376757 -0.4900815136151164 0.4974334380524395 821.8378415149439 -3.3088854436223776 -1872.734879130015 96 095_0.jpg

97 0.5053102869760422 0.5081859217489699 -0.491009664181514 0.4952959645431171 817.2953632100202 4.88803791406379 -1875.6081917039853 97 096_0.jpg

98 0.5052156244442397 0.5095144199675091 -0.49133217055943007 0.4937053036336038 812.5687334519429 10.67735224221083 -1878.4825123842063 98 097_0.jpg

99 0.5059538554847132 0.5110513482541386 -0.49004436900698745 0.4926395558340039 803.8351211478457 12.584985077595423 -1883.460247191959 99 098_0.jpg

100 0.5061252448052366 0.5118743169864464 -0.4888704822437603 0.49277537658780346 799.9754249221678 12.980167012690414 -1885.8982873832724 100 099_0.jpg

101 0.5059120013678203 0.512654457145624 -0.4880699731005547 0.4929768308940653 797.7465049037266 14.617327438741626 -1887.2216812964343 101 100_0.jpg

102 0.5060884628648382 0.5139596511897138 -0.48678478588349733 0.49270733395841654 791.9734455660191 16.57980318983857 -1890.408429886089 102 101_0.jpg

103 0.5062230755524132 0.5157338009236833 -0.4852381666777673 0.49224055700669955 784.4905897344557 19.831389687477504 -1894.61961442191 103 102_0.jpg

104 0.5066811715541257 0.5160421697790342 -0.48419789442206296 0.4924703731591638 781.4963800484888 18.070744678242328 -1896.5840668318917 104 103_0.jpg

105 0.5092864041014727 0.5146396065759041 -0.4835778007838569 0.49185967971550415 776.9789705859863 7.1985943512555925 -1899.1916223587355 105 104_0.jpg

106 0.5106501789805664 0.513744062764774 -0.4830584830486755 0.4918921981855085 775.2045956687422 0.49943867798953656 -1900.2696954968933 106 105_0.jpg

107 0.5129463060236147 0.5124526437395684 -0.4822931824609294 0.49160112002797934 771.320003136948 -9.722515835231844 -1902.5072350960886 107 106_0.jpg

108 0.5134879590912673 0.5132338384587183 -0.4827370096236386 0.4897817089978373 766.1454659546002 -6.708424161040576 -1905.5966381749406 108 107_0.jpg

109 0.5130108341061852 0.5147239464534321 -0.48391203282787976 0.4875533688956213 762.1646993297187 2.214070826467925 -1907.8306461671177 109 108_0.jpg

110 0.5119084908580791 0.51721591653484 -0.4840026708339634 0.48598231171105327 756.6331152932327 13.67809646277858 -1910.6202753938912 110 109_0.jpg

111 0.5115007314696489 0.5178589691061491 -0.4840295787337139 0.4856999657537504 755.6705207220907 16.84410825010527 -1911.2852147241356 111 110_0.jpg

112 0.5106435547334722 0.5194486293082471 -0.4829984670167429 0.48593082056854847 752.6657515720539 22.08182329625029 -1913.032665418935 112 111_0.jpg

113 0.5129684557877868 0.5191569765201001 -0.4810834047056504 0.48569347824942133 744.695087015585 13.177182711183795 -1917.1442183418567 113 112_0.jpg

114 0.5155646918858077 0.51774197785413 -0.47943975602402905 0.4860800481319975 740.0807966184822 0.1327180361141561 -1919.581060252178 114 113_0.jpg

115 0.5162575656180635 0.5173731082762292 -0.478080888217307 0.4870747962028574 738.7761118131546 -5.302011165336848 -1920.6983348290353 115 114_0.jpg

116 0.5156075018853278 0.5179197823239983 -0.47685594844033885 0.48838141602040797 739.1308156666742 -4.830373375340696 -1920.8742990991416 116 115_0.jpg

117 0.5140671344010413 0.5196727491233127 -0.475132138370977 0.48982105531953485 738.1247407045514 0.5907454834470746 -1921.9018400306213 117 116_0.jpg

118 0.5157534677408083 0.5194532131998941 -0.474746195113606 0.4886540392085082 732.3435164347549 -3.7707411312204866 -1925.0599563152634 118 117_0.jpg

119 0.5181722608949129 0.5173142980165123 -0.4737775457127936 0.4893038547621498 731.2806566680586 -17.855286289391053 -1926.011856839228 119 118_0.jpg

120 0.5195407884951305 0.5161142593022731 -0.47206720755820986 0.4907708141107397 730.5667913286791 -28.2883216412279 -1926.7853300488753 120 119_0.jpg

121 0.5192073828327584 0.5163546241330359 -0.47080902093908233 0.4920776986927689 730.891975823408 -29.55895547998664 -1926.9657086121065 121 120_0.jpg

122 0.5175358107173113 0.5176201837713695 -0.4700627167054062 0.4932211191151511 732.431664028333 -23.69901565242113 -1927.1102456759058 122 121_0.jpg

123 0.5146473878813496 0.5189024184284398 -0.47367085444033874 0.4914410116685213 738.8231786171292 -6.455521101135274 -1925.7980671698879 123 122_0.jpg

124 0.51377252378221 0.5186075820958631 -0.4757841545846101 0.4906255271032572 743.5013320395881 -1.6367287697925028 -1924.6936649870138 124 123_0.jpg

125 0.5135770441522063 0.5183755433266849 -0.4768352930076012 0.49005460832748227 745.2219986887309 0.046742484670785435 -1924.7327995775142 125 124_0.jpg

126 0.5132688733061032 0.518391694856121 -0.47714643108784444 0.49005754529383033 746.3734408916401 1.2697221198784527 -1924.64101943642 126 125_0.jpg

127 0.5121171361613843 0.5188529985418825 -0.4778546803909726 0.49008418581137736 749.0559083384908 6.40202529656119 -1924.3119594109733 127 126_0.jpg

128 0.5113853943508652 0.5178713356320241 -0.4789001858091172 0.4908654298352112 755.8501304265352 6.077233249000407 -1922.7584945099009 128 127_0.jpg

129 0.5105711403670988 0.5176853529336618 -0.4772827915533451 0.49347758091856264 759.6884687139939 3.2358533333606703 -1922.0153630356547 129 128_0.jpg

130 0.5096583751089395 0.5173795100947678 -0.47545356170827013 0.49649843290219314 764.3480828501162 -0.3018142136852872 -1920.9462509470507 130 129_0.jpg

131 0.5097833156292116 0.5165197519392757 -0.4752709091025887 0.4974393228560402 767.2656112170295 -4.143660460428701 -1920.1672206972887 131 130_0.jpg

132 0.5087589088013136 0.5156172314237516 -0.4755360491286156 0.4991680171578994 774.7946961269602 -5.264109408574319 -1917.9240100785357 132 131_0.jpg

133 0.5061310386289225 0.5156059757670107 -0.47732028629660295 0.5001471721198533 785.0031841056145 2.8926615443338917 -1914.956844812695 133 132_0.jpg

134 0.5053341844795913 0.5152461703920309 -0.4785423932328986 0.5001558994669788 789.5248361466993 5.452138938013321 -1913.8950496658833 134 133_0.jpg

135 0.5047410800506827 0.5148560568612486 -0.47903518014113833 0.5006845104551411 793.3403309178684 6.0275555949991295 -1913.1455644938694 135 134_0.jpg

136 0.5047368452162397 0.5143160986629121 -0.4794752065307084 0.5008225175245753 795.4995868181112 4.921856176495642 -1912.6705851295128 136 135_0.jpg

137 0.5045392065323392 0.5131113095630871 -0.4808366360896079 0.5009521957873839 801.0396102307396 3.566853353752698 -1911.2032230821992 137 136_0.jpg

138 0.5035172533918783 0.5131195122442482 -0.4822426464698622 0.5006203867369641 804.9465717059843 8.272113755493288 -1910.8148608147424 138 137_0.jpg

139 0.5029141567664599 0.5130560411020958 -0.4829319316806632 0.500627205588858 807.5080624182878 10.502407291643388 -1910.5654359829832 139 138_0.jpg

140 0.5026406343866512 0.5124351391554413 -0.4843782132347996 0.5001403476681234 811.0316626294463 11.640659659741804 -1909.903733573217 140 139_0.jpg

141 0.5026662728563046 0.5123074468606555 -0.4848296305679499 0.4998078904411302 811.4471986823314 12.051855039977971 -1910.144381362836 141 140_0.jpg

142 0.5027288978541252 0.5118439153002928 -0.48627367709350655 0.4988159706729559 813.0676713917644 13.19912217344747 -1910.2898460883014 142 141_0.jpg

143 0.5031115217787123 0.5120995365574457 -0.48653147998366214 0.4979156357216202 810.6047131289703 14.044379813359795 -1912.6133029438347 143 142_0.jpg

144 0.5034996162719344 0.5118552940199512 -0.4868543229787051 0.49745870441144246 810.0811676918861 13.130985199417566 -1913.7162374461095 144 143_0.jpg

145 0.5034796496916527 0.5120850284526902 -0.4874656561468149 0.49664313149215444 809.2675803026943 15.319033923787545 -1914.8933457078545 145 144_0.jpg

146 0.5034022766603828 0.5121857332081861 -0.4875150795815104 0.4965691993385913 809.1648094607605 15.93681182747438 -1915.3573097950812 146 145_0.jpg

147 0.5034862402036804 0.5116983214104752 -0.48788856392376406 0.4966197569405299 810.7515419272015 14.727139984523518 -1915.5352222529057 147 146_0.jpg

148 0.5051433353086955 0.5097408607761614 -0.4887438607472724 0.49610876250096186 812.0462017081846 6.27327264988115 -1916.2914203180794 148 147_0.jpg

149 0.5054187761017939 0.5092176133358299 -0.4895486543257836 0.49557178902772575 813.0273032649956 5.510147741701454 -1916.7299561803277 149 148_0.jpg

150 0.5061564844157102 0.5089030465157002 -0.49034865864174976 0.4943495681187603 811.4059284814132 4.762544233951929 -1918.2620728829907 150 149_0.jpg

151 0.5063137757320756 0.5087272110999945 -0.4906718487386976 0.49404870412308544 811.4793845630546 4.511874726130278 -1918.6518864140762 151 150_0.jpg

152 0.5067499046595548 0.5082622515568701 -0.49097483560830235 0.49377902807761426 811.5906472870457 2.64702708923283 -1919.4315699651283 152 151_0.jpg

153 0.5069028759970187 0.5084761237475346 -0.4897147763357491 0.49465234632321364 810.1287739571183 0.5329368496299167 -1921.2806569007864 153 152_0.jpg

154 0.5067211378812537 0.5088952710781766 -0.4885219108959373 0.49558615201918077 809.1667329244926 -0.09522006843411841 -1922.5085955835941 154 153_0.jpg

155 0.5065413349819418 0.5087504584483268 -0.48815923475786643 0.49627553687839976 810.4076687881118 -1.1201871651055453 -1922.8252393326277 155 154_0.jpg

156 0.5061339944153314 0.5090937566982446 -0.48808127485219255 0.49641574887054907 810.6339198458813 0.709036309920096 -1923.1489961766965 156 155_0.jpg

157 0.5051032948828373 0.5096379779976078 -0.4882187751462465 0.49677179919527453 812.4724750962507 4.814942077460142 -1923.2046572953163 157 156_0.jpg

158 0.5044380907715925 0.5099420469484579 -0.4881718964357313 0.49718157735687396 813.8271398458534 7.000814417813367 -1923.44967305258 158 157_0.jpg

159 0.5048102223449928 0.5096844048563409 -0.4879324795614824 0.49730306881339487 813.3752248544948 4.873437663537481 -1924.882518544922 159 158_0.jpg

160 0.5052062469918809 0.5092488830561307 -0.48821989541945054 0.4970649422591407 813.5441164534705 3.1440347552798857 -1925.6376990679714 160 159_0.jpg

161 0.5052554283848658 0.5090747546447777 -0.4884430019268702 0.4969741242153889 814.0338539848384 2.866744991056425 -1925.8464223148887 161 160_0.jpg

162 0.5051710969794956 0.5089464039069714 -0.4887074267039203 0.49693135523040555 814.853906614445 3.0763513456327503 -1926.3337214984358 162 161_0.jpg

163 0.5056395034061011 0.5086552448984505 -0.488854294377232 0.4966085111045395 814.1653155848977 1.4763351860282077 -1927.8837968079172 163 162_0.jpg

164 0.5053477984314114 0.5083029652950355 -0.48944684779552755 0.49668247530572407 816.6678581229166 1.876855541143428 -1927.6837549319757 164 163_0.jpg

165 0.5050508681200263 0.508728819717483 -0.48943477647493316 0.4965603771717963 816.1327627882016 3.9816888998303224 -1928.780847855411 165 164_0.jpg

166 0.50501683426169 0.5090979115500488 -0.4894700505366123 0.49618180457909306 814.8098313779777 5.528636526999141 -1929.7701070377448 166 165_0.jpg

167 0.5050434782679655 0.5090877137467819 -0.48956196502495747 0.4960744572863756 814.7364758407462 5.638522137164009 -1930.6709835158804 167 166_0.jpg

168 0.5049273457379311 0.5093274741278704 -0.48944008891064955 0.49606682915884087 814.219718768744 6.491813784290525 -1932.1932981748691 168 167_0.jpg

169 0.5048518782329807 0.5097661505457238 -0.48945863044734944 0.4956745927350233 812.7747843791456 8.343893495837072 -1933.6922685962388 169 168_0.jpg

170 0.5049021200151182 0.5104709700283486 -0.48911514231255115 0.49523692867467883 809.7791883946251 10.23459419285432 -1935.8473962832024 170 169_0.jpg

171 0.5049913820694595 0.5105350164615731 -0.48913844327087075 0.4950568495806393 809.1740273490492 10.381335688687933 -1936.5474190180407 171 170_0.jpg

172 0.5056904096524482 0.51077635186087 -0.4890685785282126 0.4941625779656264 805.488921956186 9.991363757407804 -1938.9707624655728 172 171_0.jpg

173 0.5058506356509899 0.5107825829126855 -0.4891835417643517 0.493878274346442 804.8279951414607 9.996914289892235 -1940.125561985743 173 172_0.jpg

174 0.5064324408074377 0.5102346698362721 -0.4885871576634035 0.49443842282056527 804.6938789817817 5.615868103265262 -1941.5183340327894 174 173_0.jpg

175 0.5064324408074377 0.5102346698362721 -0.4885871576634035 0.49443842282056527 804.6938789817817 5.615868103265262 -1941.5183340327894 175 174_0.jpg

176 0.5068141084436636 0.5102590834991334 -0.4874980725508667 0.4950967142369949 803.0606608974251 2.7105002494334114 -1943.4973336786031 176 175_0.jpg

177 0.506848696372752 0.510955464009896 -0.48619211897834924 0.4956270132135825 800.1185972571523 2.508247344257546 -1945.592760992736 177 176_0.jpg

178 0.5065316757113262 0.5116758428699398 -0.4857688919390129 0.4956229181028217 798.4651901969887 4.899209206103023 -1947.1415223404701 178 177_0.jpg

179 0.5062309635963564 0.5123451537349346 -0.48563717959393055 0.4953677267815125 796.9608009027072 7.701820887522557 -1948.1831683971495 179 178_0.jpg

180 0.5047251873926875 0.5139936988329495 -0.4855293168759247 0.4953021756720209 796.2362272720804 16.368874675455636 -1949.318075618082 180 179_0.jpg

181 0.50434051205757 0.5149523715075309 -0.48493490887204166 0.49528056405793125 793.8451305251326 19.430154283116043 -1951.5786747651503 181 180_0.jpg

182 0.5045470815851194 0.5152944183114649 -0.48434831316831567 0.49528841744179225 791.6282374247996 19.125914025695412 -1953.3550235754403 182 181_0.jpg

183 0.5047044140848568 0.5150835980089609 -0.48444703993185934 0.4952508525653075 791.8472833323692 18.260129739537827 -1954.1422458296577 183 182_0.jpg

184 0.504269390135612 0.5155756126821289 -0.4837677250114569 0.49584569980685017 791.5058545197674 19.412552221165747 -1955.5695233914762 184 183_0.jpg

185 0.5037379282598347 0.5163749733563817 -0.48444953146841063 0.49488750033085616 790.3640955819302 24.90153521372817 -1956.826657129385 185 184_0.jpg

186 0.5037232677933903 0.5168633185624446 -0.4849766453793896 0.4938753211537494 788.4628411648989 27.9832757196024 -1957.9804263415353 186 185_0.jpg

187 0.5040000281164734 0.5179481098312518 -0.4850003703200357 0.49243107941137876 782.9770325145929 31.805615181205077 -1961.0047454229182 187 186_0.jpg

188 0.5068379957528958 0.5162594228734677 -0.4830321537528336 0.49322549893171647 778.5922320331542 16.151072116454756 -1964.2309676559364 188 187_0.jpg

189 0.5088633608932877 0.5148599154485527 -0.48181704745741716 0.4937911301189136 776.19609918182 4.647443691949507 -1966.1032872359428 189 188_0.jpg

190 0.5094468256484319 0.514741875348097 -0.48164180768589815 0.4934834370968499 774.3376609697349 2.830117274396781 -1967.7175520410024 190 189_0.jpg

191 0.5094770265097035 0.5153184930544114 -0.48171664474244175 0.492776911343303 771.877623938154 5.195958056911544 -1969.1261999800088 191 190_0.jpg

192 0.509753729208346 0.5152520064587796 -0.48249738597597835 0.4917954635056466 771.0544733474594 6.220637643081916 -1970.3369365535063 192 191_0.jpg

193 0.5115944864459268 0.5141687946789367 -0.4814564773997208 0.4920377956888984 768.0358883508836 -3.3586573217655884 -1972.8444640213902 193 192_0.jpg

194 0.5126660850504189 0.5136891097289663 -0.4805253837507702 0.49233356513253695 765.6381670008146 -9.072989070075884 -1974.6463139730567 194 193_0.jpg

195 0.5133993790394248 0.5135412388584526 -0.480867035820049 0.49138922195678925 763.2750136070387 -10.082256557860267 -1976.4374535874845 195 194_0.jpg

196 0.5136817535522348 0.513504964912793 -0.4810650629183218 0.49093799233386226 762.276352862241 -10.238381930122381 -1977.2557842243443 196 195_0.jpg

197 0.5139058773964919 0.513131373018227 -0.4818878734636083 0.4902866718670745 762.8782601989138 -10.222269254559764 -1977.9144581110857 197 196_0.jpg

198 0.5136118919392113 0.5133383243026571 -0.48294743387247346 0.48933461493824093 763.216271524185 -6.552481700136989 -1979.1336487786352 198 197_0.jpg

199 0.512368058628099 0.5139366125121381 -0.4842907257901524 0.48868253880292156 765.8171635516017 0.8345553000249263 -1979.0245266642075 199 198_0.jpg

200 0.51117501648363 0.5143105341096349 -0.48589188410785455 0.48794861818119944 769.1102940246483 7.847833970032979 -1978.6163818934315 200 199_0.jpg

201 0.5107435477274277 0.5144456573654844 -0.4862452481556556 0.48790598758228026 770.2939349846127 9.874432578159142 -1978.5775982120892 201 200_0.jpg

202 0.6737090607418684 0.6810830416928852 -0.2000621990277156 0.2054680226041798 -1005.9991557881339 4.361286350377434 -1699.0024956014577 202 000_1.jpg

203 0.673819235699304 0.681001613368204 -0.20007212967014262 0.20536694748854506 -1006.8415410097872 4.221570277911157 -1699.2873937511129 203 001_1.jpg

204 0.6738564643030455 0.681140653266592 -0.19914662679945164 0.20568300128828948 -1008.9770524681244 1.851118167482832 -1698.818739745647 204 002_1.jpg

205 0.6741773732010466 0.6808736261379866 -0.19808610964868234 0.20653781217417772 -1010.3906974192472 -3.2075401187942836 -1699.171551055122 205 003_1.jpg

206 0.6745262598392013 0.6806400923494117 -0.19749467142942342 0.20673471946169686 -1012.0084947727906 -5.945954966183256 -1699.0387368681602 206 004_1.jpg

207 0.6747194293936039 0.6803612012435469 -0.19753413922620322 0.20698451942444923 -1011.6054690033586 -7.269451971324597 -1699.696649551637 207 005_1.jpg

208 0.6755688290750613 0.6793809874982453 -0.1977160357175653 0.20725974097298794 -1011.1019175373027 -10.924377701620928 -1700.8194012486213 208 006_1.jpg

209 0.6737133774623112 0.6810475525808468 -0.19825213767938438 0.20731764531153324 -1010.6759436091279 -3.2683738146380086 -1702.407855439033 209 007_1.jpg

210 0.6738759782537419 0.680925768643446 -0.19851969309308382 0.20693282722691006 -1011.6521533085237 -2.474269756270918 -1702.6829376953362 210 008_1.jpg

211 0.6736910377740514 0.681258046535825 -0.19805133909865005 0.20689013203713888 -1013.6033892853048 -2.3896988066026297 -1702.3829274327827 211 009_1.jpg

212 0.6732477441045217 0.6817653863627425 -0.197148451213222 0.20752330278804962 -1014.6005510079409 -3.765680286814075 -1702.2302864649064 212 010_1.jpg

213 0.6733588923545191 0.6815556391021 -0.1972322758117554 0.2077718514942264 -1014.4516961643859 -4.713218490914488 -1703.198119254124 213 011_1.jpg

214 0.6731430129227557 0.6818391261553812 -0.19766558209064153 0.20712848151258362 -1016.0648946570091 -1.5632124542818522 -1703.5921694968301 214 012_1.jpg

215 0.6734425534190338 0.6817059395243424 -0.19786947137681757 0.2063972179045641 -1018.1044425382964 -0.4725830472963694 -1703.272484433053 215 013_1.jpg

216 0.6736305833502706 0.6816289610678005 -0.19801528642597227 0.20589740879973545 -1019.7079706114212 0.34490593663820335 -1703.216314823597 216 014_1.jpg

217 0.6737710012989968 0.6815489868733595 -0.19807166901028897 0.20564831688084176 -1020.5438896416617 0.5517389156787453 -1703.1607678048504 217 015_1.jpg

218 0.6738196243620269 0.6815669235447204 -0.19808346554462533 0.20541806939077517 -1021.8185422225682 0.9837527428237582 -1703.3168553383027 218 016_1.jpg

219 0.6741313509461854 0.6812904343573116 -0.198172726561385 0.20522630477578524 -1022.797060776826 0.4431465411629742 -1703.6497959044095 219 017_1.jpg

220 0.6739902488901877 0.6814942632202162 -0.1981457836622385 0.20503892804966287 -1023.6968044366339 1.4220760573535849 -1703.5651410549312 220 018_1.jpg

221 0.6737046888046089 0.6819041938069734 -0.19834315657374474 0.20442273599458027 -1025.469306400484 4.413408773549678 -1703.3977184488613 221 019_1.jpg

222 0.673765432622168 0.6821065081784143 -0.19822946567488314 0.20365640731969106 -1028.749805928708 6.012709659857025 -1702.7805131888392 222 020_1.jpg

223 0.6733861249006503 0.6826037918147727 -0.1979210937077645 0.20354466550834158 -1030.516333361723 7.25211859798755 -1702.614178809428 223 021_1.jpg

224 0.6730179732917688 0.6830462334094434 -0.197577350671993 0.20361198676121295 -1031.9141973782298 7.92268614407893 -1702.6667245669462 224 022_1.jpg

225 0.6730459647265009 0.6831314112077969 -0.19741233386984408 0.20339364499088675 -1033.232202439138 8.131202515678954 -1702.324892763343 225 023_1.jpg

226 0.673609338509928 0.682850425197322 -0.19686835625875498 0.20299903000760813 -1036.2878190329045 6.196738196495383 -1701.3904122486806 226 024_1.jpg

227 0.673609338509928 0.682850425197322 -0.19686835625875498 0.20299903000760813 -1036.2878190329045 6.196738196495383 -1701.3904122486806 227 025_1.jpg

228 0.6736822765518059 0.6829336599227596 -0.1957691991042565 0.20353925195538722 -1038.7189231429631 2.7773950297889223 -1701.273306688032 228 026_1.jpg

229 0.6744572451276095 0.6823240050017306 -0.19520695581494424 0.20355741473779926 -1040.7491373211922 -1.0725953627224651 -1700.9265098247797 229 027_1.jpg

230 0.6744572451276095 0.6823240050017306 -0.19520695581494424 0.20355741473779926 -1040.7491373211922 -1.0725953627224651 -1700.9265098247797 230 028_1.jpg

231 0.6746243159386193 0.6821979267879141 -0.19539381400887734 0.2032468412489752 -1041.7879045631196 -0.5973824593437187 -1701.220956250449 231 029_1.jpg

232 0.6748856974565176 0.6820330030207091 -0.1951778584702651 0.20314005445048086 -1042.9460667397968 -1.6423179396358891 -1700.969761152957 232 030_1.jpg

233 0.6759354138451695 0.6809803912184619 -0.19572111162185193 0.20265801131812303 -1043.5218166739598 -3.4798877336420033 -1701.5486813109337 233 031_1.jpg

234 0.6767378249431827 0.6803631742632059 -0.19563253419692048 0.20213801958403466 -1046.1310066986389 -5.281327078020475 -1701.3411713455798 234 032_1.jpg

235 0.6772268965987168 0.6799724265341256 -0.1954301570481919 0.20201060217890332 -1047.6710163119467 -7.113495427740763 -1701.317373710342 235 033_1.jpg

236 0.6775313229884111 0.6797513423127961 -0.19481082755013068 0.20233180783741928 -1049.1126489671324 -10.090983730037745 -1701.3378137206867 236 034_1.jpg

237 0.6778817244800619 0.6795292655674267 -0.19442964593402406 0.2022707532870269 -1050.562441410719 -11.855320912511884 -1700.8849562850737 237 035_1.jpg

238 0.6782287715168115 0.6794789790918944 -0.1938270450602429 0.20185422230473224 -1053.7957427710774 -13.018987889055378 -1699.7677834338776 238 036_1.jpg

239 0.678002141453966 0.6799034711110842 -0.1934273045301076 0.2015694520931992 -1056.5603331715815 -12.052986184559826 -1699.4212059436945 239 037_1.jpg

240 0.6777348836502622 0.6802526777106573 -0.19329011205829427 0.2014215840756349 -1057.9856078060086 -10.87883869787102 -1699.4595989521617 240 038_1.jpg

241 0.6775820198760386 0.6805687670671459 -0.19344509749192892 0.20071809557125295 -1060.079876781074 -8.200662568384383 -1699.0767275068804 241 039_1.jpg

242 0.6777410232736173 0.6804453016548354 -0.19351464020931192 0.20053274259469625 -1060.7211719749182 -8.201938080574019 -1699.127919273696 242 040_1.jpg

243 0.6780899965542988 0.6803275187509993 -0.19326170838203766 0.19999583964761827 -1063.388270398268 -8.501507208300275 -1698.3547832497147 243 041_1.jpg

244 0.6783175739495966 0.6801820220896959 -0.19326705057043908 0.19971362712871943 -1064.7551623487263 -8.60843180233962 -1698.3749069830649 244 042_1.jpg

245 0.6782951784019147 0.6802734577127414 -0.19320422334825293 0.19953897305705542 -1066.3787692737355 -8.169728924796393 -1698.6998289160827 245 043_1.jpg

246 0.6781668665237816 0.6805619375521605 -0.19301835455008387 0.19917094444557576 -1068.467129955104 -7.0108149469133165 -1698.304976559033 246 044_1.jpg

247 0.6781641704186682 0.6806532096201698 -0.19307488479118518 0.1988131159078576 -1069.582280367941 -5.963140534001979 -1698.0708868848892 247 045_1.jpg

248 0.6777943877349927 0.6812144243831051 -0.1931395334785539 0.19808785064972517 -1071.9476122541116 -2.5467438154166424 -1697.5060783293864 248 046_1.jpg

249 0.6772772849011404 0.6819883674157932 -0.19270785372235846 0.19761333249607044 -1074.93875322339 -0.037668158674320135 -1696.5642779269297 249 047_1.jpg

250 0.6770381831462918 0.6823146415538098 -0.192487280740643 0.1975213285605813 -1076.0437304677607 0.7488744580058798 -1696.2892318015097 250 048_1.jpg

251 0.6765974168846449 0.6828393298687495 -0.1919216934731873 0.1977686745260913 -1077.548710147482 0.8330805940997886 -1696.2735367731743 251 049_1.jpg

252 0.6760900288334056 0.683575138658061 -0.19098023745185455 0.19787332216216177 -1080.6900077738367 0.9287711245343763 -1695.672734548535 252 050_1.jpg

253 0.6757517739918641 0.6840549188542029 -0.19098554698157613 0.1973649634113577 -1082.6521402730107 3.5473107743489125 -1695.3377898108677 253 051_1.jpg

254 0.6756260510872275 0.6842661739631194 -0.19146108761553313 0.1966008499249941 -1084.1067600824445 6.812196312334992 -1695.3477468781646 254 052_1.jpg

255 0.675495750785628 0.6844772650299499 -0.19179393206037618 0.1959883974945976 -1085.1688104740717 9.462638663554445 -1695.1276163599869 255 053_1.jpg

256 0.6754646777761908 0.6845086722225374 -0.19259505903567925 0.19519859109094226 -1085.8799278930217 12.971646566024567 -1695.6235436229133 256 054_1.jpg

257 0.6760275731300375 0.6839998367903072 -0.19293153948204284 0.1947007054733846 -1087.344353153912 12.731323480375044 -1696.100126791956 257 055_1.jpg

258 0.6766604335452261 0.6832698286975978 -0.19291403942272864 0.1950824755316274 -1087.1310490450885 9.31653327283736 -1697.1840661968295 258 056_1.jpg

259 0.6774187610133385 0.6823698534392368 -0.1931320429370828 0.19538479811750073 -1086.5513594628474 6.015780128611867 -1698.5269433612189 259 057_1.jpg

260 0.6776918763845865 0.6819409836701515 -0.19335108938874251 0.19571809243274071 -1085.5082181374785 4.452763955755741 -1699.6443361261074 260 058_1.jpg

261 0.6783863824868935 0.6809106233298922 -0.194137366102136 0.19612068268229443 -1083.2435665784135 2.023609398495849 -1702.0233531140632 261 059_1.jpg

262 0.678749241972027 0.6799735445358362 -0.19567961325205804 0.1965831483400725 -1079.2637783031212 1.8781373218594302 -1705.9108385416785 262 060_1.jpg

263 0.6788657753707283 0.6795082959495066 -0.19667978257590424 0.1967912546125785 -1076.928618516421 2.4683126321035274 -1708.2997240578063 263 061_1.jpg

264 0.6790380199747924 0.679052420809868 -0.19761244094008265 0.19683622737360526 -1075.1786098279144 3.1712308253094315 -1710.3265563551397 264 062_1.jpg

265 0.6790074229030554 0.678854557686606 -0.19829756186099956 0.19693523328916238 -1073.552659321799 4.10309490305059 -1711.803348016005 265 063_1.jpg

266 0.6791876304756447 0.6783231022653535 -0.199202502701898 0.19723157571566988 -1071.2302928400259 4.046661521775304 -1714.180160152978 266 064_1.jpg

267 0.6787611523311046 0.678113057474616 -0.20132643282184784 0.19726542225085794 -1066.8200193762952 8.906034264711455 -1718.2862189363868 267 065_1.jpg

268 0.6779378915148391 0.6784403851042552 -0.20314474463048363 0.19710675238819172 -1063.2727176201704 15.30398840910449 -1721.3394968249502 268 066_1.jpg

269 0.6778432629372879 0.6783054470957237 -0.2039426908250917 0.19707260131693077 -1062.009880492809 16.99996282163617 -1723.003221032768 269 067_1.jpg

270 0.6779426830653204 0.6780577141899831 -0.20397609363607208 0.19754798893083733 -1061.078342747544 15.395139994414864 -1724.0422534428485 270 068_1.jpg

271 0.6782222226683371 0.6775408080131952 -0.20341496655740088 0.19893572212174113 -1059.7152925775044 9.722830734716663 -1725.821472417681 271 069_1.jpg

272 0.6785512880863734 0.6765383580874833 -0.20293362643103224 0.20169765178644453 -1054.9486279374123 0.26103686963028633 -1730.0590839107012 272 070_1.jpg

273 0.679135883086141 0.6757360957920472 -0.20233875724213365 0.20301282832924047 -1053.7860969189205 -6.4654143978889715 -1731.6244397685314 273 071_1.jpg

274 0.6802664226773398 0.6742445191839551 -0.20246650632711372 0.20405694387563691 -1051.4515991873723 -13.455565645198615 -1733.8549776847024 274 072_1.jpg

275 0.6808224672928015 0.6733476723035428 -0.20293779915392826 0.20469472369189895 -1048.9441513893075 -16.611317260238298 -1735.7669444946462 275 073_1.jpg

276 0.6819159490130442 0.6718382177724919 -0.203936515807954 0.20502181625874227 -1046.2112787331168 -20.208661554802024 -1738.2137345841566 276 074_1.jpg

277 0.6794829734141077 0.6738551085979966 -0.20660600848284988 0.2038041675616316 -1043.4490384640094 -3.4024332877187677 -1741.2360902874811 277 075_1.jpg

278 0.6785982484290457 0.6744343552368132 -0.21017946869059667 0.20116487925647852 -1041.5771988550584 12.609227123044707 -1743.1409673184937 278 076_1.jpg

279 0.6799672021751739 0.6729822952067303 -0.21327031128673948 0.1981292725167204 -1041.9031180274646 20.19487556748605 -1743.7202339668324 279 077_1.jpg

280 0.6798309190362732 0.6730864073487051 -0.2130182078145101 0.19851411260714788 -1041.917452033175 19.30758284595286 -1744.1439431531835 280 078_1.jpg

281 0.6780806824715071 0.6746360845372806 -0.20821970084000402 0.2042481277301746 -1040.4232552796755 3.27804201396868 -1745.969502774085 281 079_1.jpg

282 0.6774748811558512 0.6747825949866569 -0.2008687265994046 0.21295067405451473 -1037.681862051879 -29.395760082637924 -1748.609417485806 282 080_1.jpg

283 0.6771198497722786 0.6753467691330358 -0.20130993385907267 0.21187203920195047 -1040.0786442337824 -24.408561433709767 -1748.1356414974848 283 081_1.jpg

284 0.6756834534129181 0.676842751588861 -0.2043427726866003 0.20875773436298029 -1041.1368106499208 -5.667981518997377 -1748.5409346854135 284 082_1.jpg

285 0.674701324620331 0.6778307616097805 -0.20535982921977838 0.2077279993498683 -1041.533786071282 2.4971426489112662 -1748.7508247749345 285 083_1.jpg

286 0.6736009849165855 0.6788265865170691 -0.20609112986214614 0.20732251385012232 -1041.3808860746865 8.974427688752552 -1749.6966419259732 286 084_1.jpg

287 0.6739149122074922 0.6786352423995328 -0.2045814737905545 0.20842101491783352 -1043.4437065372636 2.4329107074455782 -1749.7884148259277 287 085_1.jpg

288 0.6741469677096562 0.6783190631168955 -0.2038881390521526 0.20937703143836697 -1043.4336056927502 -2.145003624859735 -1750.6769842102606 288 086_1.jpg

289 0.674771772964814 0.6776055040217919 -0.20373044668815918 0.20982788285053505 -1043.357204603281 -6.034909433823282 -1751.604097210026 289 087_1.jpg

290 0.6751314555371222 0.6772663114354609 -0.20367739024938392 0.20981749650620715 -1043.8716133564794 -7.4828823028932945 -1751.7452650698747 290 088_1.jpg

291 0.6756362645430232 0.6768815932442817 -0.2033393722167559 0.20976188039757918 -1045.5817609064259 -9.819044759235014 -1751.6134266524161 291 089_1.jpg

292 0.6753811476365368 0.6769554624270496 -0.20336714944656104 0.2103174025926382 -1045.1113167657247 -10.313220217111049 -1753.2293763797034 292 090_1.jpg

293 0.6753929399236976 0.6769742258170482 -0.20323103284779181 0.21035071088126286 -1046.0818892276127 -10.670706272358572 -1753.5521533617348 293 091_1.jpg

294 0.6754243387370479 0.6768790733020265 -0.2028645572041452 0.21090911359582754 -1046.2865129177733 -12.899646927851597 -1754.336496754301 294 092_1.jpg

295 0.6755888525842871 0.6767984287703515 -0.2025378658977986 0.21095497613328582 -1047.365737407226 -14.180337278315465 -1754.1446642810108 295 093_1.jpg

296 0.6756886124068894 0.6767865307601849 -0.20278843574291694 0.21043227217845234 -1048.8343995252135 -12.754297628620503 -1754.231141784754 296 094_1.jpg

297 0.6755657907701468 0.6774308111781043 -0.20370954563960125 0.2078479719001104 -1054.3303576598714 -3.7819880973353537 -1752.417680884905 297 095_1.jpg

298 0.6756633428252049 0.6778244611900913 -0.20471625335499696 0.20524205852340438 -1059.2243827622713 4.536778028673879 -1750.4162518966593 298 096_1.jpg

299 0.6757528830320604 0.6782547478045032 -0.2051069191529385 0.20312481352630998 -1064.3742041162259 10.587150164155881 -1748.1737785048142 299 097_1.jpg

300 0.6758314788685545 0.6791054331991306 -0.20370257062637873 0.20142712203168847 -1073.3902800783967 12.709147473961254 -1743.9717673027485 300 098_1.jpg

301 0.6754707353425953 0.6798755447516689 -0.20261790847255295 0.20113307164800973 -1077.6107483046758 13.177384331289034 -1742.2279313225263 301 099_1.jpg

302 0.6749502767155211 0.680632689519194 -0.2019698040877621 0.20097130182257594 -1080.0227035857345 14.580382285357874 -1741.147186821932 302 100_1.jpg

303 0.6744203397196922 0.6817560459716281 -0.2007618522896135 0.20015138725162432 -1085.8703444611103 16.902319381453783 -1738.3251345105061 303 101_1.jpg

304 0.673852267246804 0.6830877152967859 -0.19935710976095497 0.19892470415892957 -1093.5396027271847 20.133292670412967 -1734.704873299087 304 102_1.jpg

305 0.673714047323815 0.6835828034064064 -0.19820010637580435 0.19884831193204092 -1097.291740645893 18.981190717418908 -1733.1264738132734 305 103_1.jpg

306 0.6755847170457444 0.6821813833932184 -0.19651447983921488 0.1989872092860716 -1101.7993250164382 8.722235000431661 -1731.0930004842219 306 104_1.jpg

307 0.6766305553620741 0.6813456559370783 -0.1954449443970954 0.1993501000644343 -1103.8677102763895 1.9910385000835344 -1730.1660814285663 307 105_1.jpg

308 0.6782798284570256 0.6800999636091317 -0.1935722997793382 0.19982562039264 -1107.9484007184126 -8.68615275460872 -1728.2857693886829 308 106_1.jpg

309 0.6791086668571761 0.67978875445864 -0.19366406428147548 0.1979719629569307 -1113.274608716505 -6.635146393636097 -1725.9598263650025 309 107_1.jpg

310 0.6792840441628551 0.680035182587127 -0.19481760654162175 0.19537512116654748 -1117.4831896702328 1.6990705516689082 -1723.9435439075621 310 108_1.jpg

311 0.678377294262843 0.681478862273892 -0.19552534029172053 0.19277097345376684 -1122.7876861285101 13.432180613061016 -1721.146220624482 311 109_1.jpg

312 0.6779768135917127 0.681997087402763 -0.19573453594651838 0.19213381910527136 -1124.1148209861374 17.03829678986108 -1720.592935328196 312 110_1.jpg

313 0.6768837027032475 0.6833788335077916 -0.19529353267261826 0.19152613144038735 -1127.2702562524269 22.111974566850847 -1719.1538667947325 313 111_1.jpg

314 0.6777414111965893 0.6833135852530037 -0.19264780928787642 0.191405186279065 -1135.0462973985652 14.795193359076862 -1715.1263465449829 314 112_1.jpg

315 0.6793459715504034 0.6821606301476569 -0.19001211577856772 0.192461220696904 -1139.5323858481554 1.4219882629451843 -1712.890587539837 315 113_1.jpg

316 0.6795470632288663 0.6821552204651665 -0.18834923249856994 0.19340271628481057 -1141.8361724703211 -4.722860248901649 -1712.044881922851 316 114_1.jpg

317 0.6784906478876431 0.6831666969365963 -0.1875974104990901 0.19427021516378423 -1141.7911850802311 -4.379644640523172 -1712.4247825766365 317 115_1.jpg

318 0.6762300553150774 0.6854642591109373 -0.18671479001083788 0.19490830911295087 -1142.93863341537 0.8881909042267541 -1712.375736158393 318 116_1.jpg

319 0.6773173323044618 0.6849531578009729 -0.1856645944080945 0.19393055809160273 -1148.8028317201176 -2.3550514829814175 -1709.5147448417179 319 117_1.jpg

320 0.6790409310734552 0.6833631641641454 -0.18371147290139772 0.19536707633289022 -1150.4937618059507 -16.140604387124956 -1709.0101211842605 320 118_1.jpg

321 0.6796914551868237 0.6827540081141866 -0.1816122690941143 0.19718892936602292 -1151.52404818234 -27.22083789039892 -1708.8805230658397 321 119_1.jpg

322 0.6788693424913449 0.6835356499911003 -0.180569879295567 0.1982673692461707 -1151.610555565279 -28.89104092459032 -1709.1585677184444 322 120_1.jpg

323 0.6770317410962626 0.6852082011283179 -0.18044258694851098 0.19889247213001002 -1150.9128604483503 -23.91443705729121 -1710.43500784137 323 121_1.jpg

324 0.6759451504788427 0.6857187745462795 -0.184900324090793 0.19672261163883314 -1146.3042945573443 -6.149366020983222 -1714.8015172921414 324 122_1.jpg

325 0.6761641116280651 0.6850268934417425 -0.18729429384658114 0.1961150093702554 -1142.4475928264696 -1.1903651940600333 -1718.150619310326 325 123_1.jpg

326 0.6764649333885348 0.6845613386622433 -0.1883365358115569 0.19570466724916125 -1141.4596155256015 0.5775308830718735 -1719.5963248024866 326 124_1.jpg

327 0.6763988620282032 0.6845346351728151 -0.18873970960875605 0.19563801959888866 -1140.9097153826167 1.6973696070359836 -1720.3563059614823 327 125_1.jpg

328 0.6756732238333547 0.6849571541416319 -0.18990236833511018 0.19554150987847527 -1138.8397186516797 6.68783125140803 -1722.5249200589187 328 126_1.jpg

329 0.6755428122679755 0.6844511022678867 -0.19124444042467617 0.19645396764637307 -1134.0451073180627 6.968737119285368 -1726.9127062026052 329 127_1.jpg

330 0.6742593869902764 0.6852958369451445 -0.1903474024828461 0.19877565567539712 -1131.0327423876463 3.952882580369086 -1729.74428030229 330 128_1.jpg

331 0.6724113028847986 0.6866439841848215 -0.1890356712883447 0.2016149640183661 -1127.72461587002 0.9438836961096727 -1732.7690951595184 331 129_1.jpg

332 0.6724223990982585 0.6863095733836316 -0.18882021437648125 0.20291430042197448 -1125.2286188270514 -3.0200799289083387 -1734.8195379311273 332 130_1.jpg

333 0.6717289333319973 0.6862310082837777 -0.18935560132557344 0.2049675575331797 -1119.2172734552994 -5.0851673221139775 -1739.565031928238 333 131_1.jpg

334 0.6701442374435301 0.686728181979621 -0.19206971449296562 0.20596196219395557 -1110.7801880333009 2.860511034344061 -1746.272247806616 334 132_1.jpg

335 0.6700035943945701 0.6863832790877468 -0.19362698704731723 0.20611105640912736 -1107.0895334539143 5.6334198014964825 -1749.485776210857 335 133_1.jpg

336 0.6696726665952574 0.6863251682890393 -0.19434151002741717 0.2067067015567767 -1104.4024884021185 6.471879260332909 -1752.0870127773119 336 134_1.jpg

337 0.6698408381378219 0.6859331201095327 -0.19472910446880898 0.20709800137229067 -1102.7299234022705 5.411553510030742 -1753.600564132727 337 135_1.jpg

338 0.6703170152657847 0.6849223773495641 -0.1959878479882887 0.20771422554055002 -1098.5796504617106 4.016851315498266 -1757.1280015701511 338 136_1.jpg

339 0.6700935456010106 0.6846866631484181 -0.19775431227680987 0.20753805777851211 -1095.5499433887098 8.310772096936715 -1760.3780963870868 339 137_1.jpg

340 0.6698261575365547 0.6846990664294675 -0.1985490696936886 0.2076014788824994 -1094.0355491804805 10.486250871351912 -1762.2238407854902 340 138_1.jpg

341 0.6702888427969538 0.6838861737194301 -0.19998808944716154 0.20740620216520123 -1091.5087459241895 11.635313845356666 -1764.691929543906 341 139_1.jpg

342 0.6704320287502314 0.6836590392994566 -0.2004243510942935 0.20727105996357595 -1091.076387075046 12.17764946439145 -1765.4087610964875 342 140_1.jpg

343 0.6712140934149421 0.6827694730986537 -0.2016694993802486 0.20646283061477244 -1090.642790927625 13.444758835681622 -1766.579897962787 343 141_1.jpg

344 0.6716718578646786 0.6825165938041795 -0.20182133497694252 0.20566031042152105 -1093.3984621829272 14.142041067240983 -1766.2539876086864 344 142_1.jpg

345 0.6721295668399389 0.68217163166241 -0.20188498052348702 0.2052465955226358 -1095.0326069206785 13.622731843829515 -1766.1947892461196 345 143_1.jpg

346 0.6724384299910382 0.6819104732026396 -0.2024502306992015 0.2045447835990444 -1096.090659336926 15.30043341473198 -1766.4471565626868 346 144_1.jpg

347 0.6723903602209736 0.6820006215124631 -0.20252771494306995 0.20432542773346127 -1096.8104923639855 16.220921666100946 -1766.4516189923274 347 145_1.jpg

348 0.6725806009121695 0.6816276177780373 -0.20284992010375277 0.2046241331631343 -1095.8902603693496 15.18916335192655 -1767.944066237036 348 146_1.jpg

349 0.6743862584391594 0.6797022993383968 -0.2028880035462512 0.20504735238364835 -1095.7271476722608 7.083711408791252 -1769.4588730037995 349 147_1.jpg

350 0.675037841635011 0.6789502973099993 -0.2033961157053818 0.2048912547166728 -1095.5159411757688 5.816373247953056 -1770.5159405838272 350 148_1.jpg

351 0.6760721760751327 0.6781174173523709 -0.20375228049486263 0.20388278302379614 -1097.9175649014476 5.184288274462149 -1769.9448031467462 351 149_1.jpg

352 0.676363193167262 0.677807853111193 -0.20399558259682998 0.20370357746087928 -1098.098079504655 4.947175479913688 -1770.287332414097 352 150_1.jpg

353 0.6769211518392342 0.6772335807949185 -0.20407810939076518 0.2036775797770285 -1098.638424446403 2.981432438041094 -1770.8505640609894 353 151_1.jpg

354 0.6765303941337382 0.6777654923614849 -0.20300508517159235 0.20427799336129507 -1100.8985483300135 1.0813046463292437 -1770.7837055685716 354 152_1.jpg

355 0.6758144521712977 0.6785957403339914 -0.2019494651214088 0.20493672431789273 -1102.6113238613425 0.2989125747439229 -1770.6089946459424 355 153_1.jpg

356 0.6755294854005411 0.6787499935852925 -0.2016444487784985 0.20566447636687452 -1102.1982371989372 -1.128601086463615 -1771.774983499645 356 154_1.jpg

357 0.6751104274870687 0.6791413586814039 -0.20185536494471532 0.2055415706606326 -1102.3248497977993 1.1892645282409566 -1772.1542729134362 357 155_1.jpg

358 0.6742715387669225 0.6797672163531745 -0.2023770886913382 0.2057132410739791 -1101.2172017006324 4.827076807006167 -1773.7434794043525 358 156_1.jpg

359 0.6736572538959549 0.6802355149027021 -0.2026621530519512 0.20589706228784393 -1100.6848796519364 7.169072537067648 -1774.9612284276197 359 157_1.jpg

360 0.6737895711853501 0.6801430832654696 -0.2023077559171871 0.20611785935176602 -1102.0596116344282 5.452021902170054 -1775.4540734939649 360 158_1.jpg

361 0.6742748767467426 0.6796884914310966 -0.20229672561746653 0.20604120949154012 -1102.9720000461057 3.758811710637509 -1775.783019387395 361 159_1.jpg

362 0.6744388435501268 0.6794267361075781 -0.20249465473924202 0.20617340123062994 -1102.4518234124487 3.076513064023702 -1776.55697805095 362 160_1.jpg

363 0.6744989471027613 0.6792874708533337 -0.20278099520499515 0.20615423906051325 -1102.4482330144228 3.3655598849735227 -1777.4639718818669 363 161_1.jpg

364 0.6749477069830288 0.6788975884815655 -0.20272747553115686 0.20602239649375687 -1103.974826512889 1.8948829948996593 -1777.87903193568 364 162_1.jpg

365 0.6750381365250625 0.6785895410636231 -0.20328064734756135 0.20619584721761225 -1102.7872762552938 1.9640406747815606 -1779.546381403614 365 163_1.jpg

366 0.6747451203400785 0.6789031276480074 -0.20346254351530937 0.20594309707607877 -1103.704429969044 4.113060651206849 -1779.9185623257488 366 164_1.jpg

367 0.6747107330512395 0.6790516487972839 -0.20352516844412105 0.20550374882454475 -1105.057605162655 5.581528341343586 -1779.5461295741306 367 165_1.jpg

368 0.6747827175699791 0.6790130856723653 -0.20359408042567403 0.20532648141482168 -1106.0644027331346 5.910851402351482 -1779.863743066012 368 166_1.jpg

369 0.6746378580496308 0.6792142438894929 -0.20354905645710777 0.20518175600976757 -1107.6503429233383 6.807080166316445 -1780.2911675413804 369 167_1.jpg

370 0.6745892303711385 0.6793995884481698 -0.203585360840168 0.20469140269027158 -1109.5852541072425 8.432960845618096 -1780.0512063363399 370 168_1.jpg

371 0.6744405514168991 0.6798613350509127 -0.20327401199518697 0.20395632805735758 -1113.086590667721 10.561464870346592 -1778.8414607638151 371 169_1.jpg

372 0.6745148021494518 0.6798413041107914 -0.20327860445205803 0.2037728928936528 -1113.924602430781 10.795525302243949 -1778.8009238974864 372 170_1.jpg

373 0.6750863064193481 0.6796600355089264 -0.20284910232145073 0.20291120398950052 -1118.0388219716708 10.28034838835231 -1777.188589891586 373 171_1.jpg

374 0.6753270223171057 0.679507778716495 -0.2027904438050401 0.202678631072545 -1119.8966575075808 9.902165774347642 -1777.4623046928625 374 172_1.jpg

375 0.6755319418450371 0.6792850045905571 -0.2022046788941048 0.20332669750628474 -1120.4664039245467 6.308635651742521 -1778.0787204108244 375 173_1.jpg

376 0.6756793370042573 0.6794496593629415 -0.20118942326198874 0.2032939003132613 -1123.9338654168084 4.133653095142721 -1776.8474712048903 376 174_1.jpg

377 0.6756793370042573 0.6794496593629415 -0.20118942326198874 0.2032939003132613 -1123.9338654168084 4.133653095142721 -1776.8474712048903 377 175_1.jpg

378 0.6748809323104186 0.680399269839656 -0.19985236356396324 0.20408722052931327 -1126.440729982933 2.761072100406918 -1776.691813267818 378 176_1.jpg

379 0.6743990709048435 0.6810643883840408 -0.199529288132698 0.203777464934215 -1128.8336970305506 4.956152621333155 -1776.1266389233058 379 177_1.jpg

380 0.6740957648116717 0.6814939990206619 -0.19957462160727266 0.203299777599749 -1130.3361401553818 7.551422188375805 -1775.6381304134889 380 178_1.jpg

381 0.6727319822334805 0.6829467532097521 -0.20011682721503016 0.20240718323681092 -1132.0079361437326 16.260651001605005 -1775.4921856179533 381 179_1.jpg

382 0.6720245806979062 0.6838451319960128 -0.19987888960952988 0.20195848056375515 -1134.9068897503466 19.85312317190926 -1775.049714137997 382 180_1.jpg

383 0.6719657964528992 0.6841325007628097 -0.19924399589458006 0.20180812644045196 -1137.6879050241548 19.420505962322657 -1774.2332385474283 383 181_1.jpg

384 0.6720929271356273 0.6840226858706856 -0.19920225309860887 0.2017982281115364 -1138.5463879397616 18.887269102120808 -1774.6429415310247 384 182_1.jpg

385 0.671512002803607 0.6846102377889847 -0.19878048464485576 0.20215531486843116 -1139.813814942019 19.408673070140253 -1775.2565380614337 385 183_1.jpg

386 0.6712302889137192 0.6849637462949655 -0.1995801824605212 0.20110275054159868 -1141.1874194710144 24.821664235997925 -1775.2513286892465 386 184_1.jpg

387 0.6714589316637727 0.6849255367175657 -0.2000932883443968 0.19995646576348997 -1143.179145290101 28.035423368469697 -1774.3942736591368 387 185_1.jpg

388 0.6717386552342268 0.6851945837231146 -0.2001154558389621 0.1980640447809364 -1148.7532777537742 32.31003408791348 -1771.6875981074156 388 186_1.jpg

389 0.67328004759988 0.6841671214413789 -0.19716954745939952 0.1993326290329219 -1154.2334244504918 17.744145088386702 -1769.762486799184 389 187_1.jpg

390 0.6745410316840277 0.6831753982220988 -0.19503279030783954 0.2005691465391989 -1157.2650823387685 5.696986191298587 -1768.8200897386455 390 188_1.jpg

391 0.6750381196004415 0.682831054598247 -0.19455077107115656 0.20053749135302412 -1159.3175534462155 3.025559517269493 -1768.456823877812 391 189_1.jpg

392 0.6750874057272986 0.6830288555879632 -0.19461956673618808 0.19962915945823514 -1161.8818734027682 5.514435912165016 -1767.2644292157229 392 190_1.jpg

393 0.675616894248147 0.6826187011953267 -0.1951683074284516 0.19870292589795124 -1163.608105145116 7.035406091477335 -1767.1166498060834 393 191_1.jpg

394 0.6768337051694255 0.6817038324197664 -0.19353485025208766 0.1992994785460621 -1167.3682332971305 -2.197827467957623 -1766.1238017375983 394 192_1.jpg

395 0.6773164816746398 0.6814288778907727 -0.19220466300936187 0.19988605640681253 -1169.9953041337287 -8.054217672186242 -1765.3596912216694 395 193_1.jpg

396 0.6781097361149312 0.6808814451219075 -0.19207376173711962 0.19918662989014435 -1172.8859741822582 -9.376549416638412 -1764.4224716103256 396 194_1.jpg

397 0.6785130940088284 0.6806447622799847 -0.1920109711415877 0.19868184567457167 -1174.7229101063558 -9.618723570422304 -1763.6828394182078 397 195_1.jpg

398 0.6790718283051191 0.6800064663089611 -0.19264855219222699 0.19834110294787935 -1174.711664141084 -9.706367540771781 -1764.686640817999 398 196_1.jpg

399 0.6793448393657047 0.6796784012743686 -0.19370655666260186 0.19749843030824643 -1175.2935229264435 -6.534005265097182 -1765.8091001941136 399 197_1.jpg

400 0.6788695143116924 0.6799551629382863 -0.19536137182242916 0.19654794155990005 -1174.2254846911667 0.8816550993055927 -1767.5258328374932 400 198_1.jpg

401 0.6785639421568453 0.6799089302037148 -0.19742500294834317 0.19569923669919695 -1171.798211154617 8.045874498150795 -1770.107099513372 401 199_1.jpg

402 0.6783238774129745 0.6800148412795608 -0.1979969978088535 0.1955855869680649 -1170.9602452319266 10.286685755060759 -1771.13384467543 402 200_1.jpg
