1 PINHOLE 1600 900 1266.417203046554 1266.417203046554 816.2670197447984 491.50706579294757
2 PINHOLE 1600 900 1266.417203046554 1266.417203046554 816.2670197447984 491.50706579294757
3 PINHOLE 1600 900 1266.417203046554 1266.417203046554 816.2670197447984 491.50706579294757
4 PINHOLE 1600 900 1266.417203046554 1266.417203046554 816.2670197447984 491.50706579294757
5 PINHOLE 1600 900 1266.417203046554 1266.417203046554 816.2670197447984 491.50706579294757
6 PINHOLE 1600 900 1266.417203046554 1266.417203046554 816.2670197447984 491.50706579294757
7 PINHOLE 1600 900 1266.417203046554 1266.417203046554 816.2670197447984 491.50706579294757
8 PINHOLE 1600 900 1266.417203046554 1266.417203046554 816.2670197447984 491.50706579294757
9 PINHOLE 1600 900 1266.417203046554 1266.417203046554 816.2670197447984 491.50706579294757
10 PINHOLE 1600 900 1266.417203046554 1266.417203046554 816.2670197447984 491.50706579294757
11 PINHOLE 1600 900 1266.417203046554 1266.417203046554 816.2670197447984 491.50706579294757
12 PINHOLE 1600 900 1266.417203046554 1266.417203046554 816.2670197447984 491.50706579294757
13 PINHOLE 1600 900 1266.417203046554 1266.417203046554 816.2670197447984 491.50706579294757
14 PINHOLE 1600 900 1266.417203046554 1266.417203046554 816.2670197447984 491.50706579294757
15 PINHOLE 1600 900 1266.417203046554 1266.417203046554 816.2670197447984 491.50706579294757
16 PINHOLE 1600 900 1266.417203046554 1266.417203046554 816.2670197447984 491.50706579294757
17 PINHOLE 1600 900 1266.417203046554 1266.417203046554 816.2670197447984 491.50706579294757
18 PINHOLE 1600 900 1266.417203046554 1266.417203046554 816.2670197447984 491.50706579294757
19 PINHOLE 1600 900 1266.417203046554 1266.417203046554 816.2670197447984 491.50706579294757
20 PINHOLE 1600 900 1266.417203046554 1266.417203046554 816.2670197447984 491.50706579294757
21 PINHOLE 1600 900 1266.417203046554 1266.417203046554 816.2670197447984 491.50706579294757
22 PINHOLE 1600 900 1266.417203046554 1266.417203046554 816.2670197447984 491.50706579294757
23 PINHOLE 1600 900 1266.417203046554 1266.417203046554 816.2670197447984 491.50706579294757
24 PINHOLE 1600 900 1266.417203046554 1266.417203046554 816.2670197447984 491.50706579294757
25 PINHOLE 1600 900 1266.417203046554 1266.417203046554 816.2670197447984 491.50706579294757
26 PINHOLE 1600 900 1266.417203046554 1266.417203046554 816.2670197447984 491.50706579294757
27 PINHOLE 1600 900 1266.417203046554 1266.417203046554 816.2670197447984 491.50706579294757
28 PINHOLE 1600 900 1266.417203046554 1266.417203046554 816.2670197447984 491.50706579294757
29 PINHOLE 1600 900 1266.417203046554 1266.417203046554 816.2670197447984 491.50706579294757
30 PINHOLE 1600 900 1266.417203046554 1266.417203046554 816.2670197447984 491.50706579294757
31 PINHOLE 1600 900 1266.417203046554 1266.417203046554 816.2670197447984 491.50706579294757
32 PINHOLE 1600 900 1266.417203046554 1266.417203046554 816.2670197447984 491.50706579294757
33 PINHOLE 1600 900 1266.417203046554 1266.417203046554 816.2670197447984 491.50706579294757
34 PINHOLE 1600 900 1266.417203046554 1266.417203046554 816.2670197447984 491.50706579294757
35 PINHOLE 1600 900 1266.417203046554 1266.417203046554 816.2670197447984 491.50706579294757
36 PINHOLE 1600 900 1266.417203046554 1266.417203046554 816.2670197447984 491.50706579294757
37 PINHOLE 1600 900 1266.417203046554 1266.417203046554 816.2670197447984 491.50706579294757
38 PINHOLE 1600 900 1266.417203046554 1266.417203046554 816.2670197447984 491.50706579294757
39 PINHOLE 1600 900 1266.417203046554 1266.417203046554 816.2670197447984 491.50706579294757
40 PINHOLE 1600 900 1266.417203046554 1266.417203046554 816.2670197447984 491.50706579294757
41 PINHOLE 1600 900 1266.417203046554 1266.417203046554 816.2670197447984 491.50706579294757
42 PINHOLE 1600 900 1266.417203046554 1266.417203046554 816.2670197447984 491.50706579294757
43 PINHOLE 1600 900 1266.417203046554 1266.417203046554 816.2670197447984 491.50706579294757
44 PINHOLE 1600 900 1266.417203046554 1266.417203046554 816.2670197447984 491.50706579294757
45 PINHOLE 1600 900 1266.417203046554 1266.417203046554 816.2670197447984 491.50706579294757
46 PINHOLE 1600 900 1266.417203046554 1266.417203046554 816.2670197447984 491.50706579294757
47 PINHOLE 1600 900 1266.417203046554 1266.417203046554 816.2670197447984 491.50706579294757
48 PINHOLE 1600 900 1266.417203046554 1266.417203046554 816.2670197447984 491.50706579294757
49 PINHOLE 1600 900 1266.417203046554 1266.417203046554 816.2670197447984 491.50706579294757
50 PINHOLE 1600 900 1266.417203046554 1266.417203046554 816.2670197447984 491.50706579294757
51 PINHOLE 1600 900 1266.417203046554 1266.417203046554 816.2670197447984 491.50706579294757
52 PINHOLE 1600 900 1266.417203046554 1266.417203046554 816.2670197447984 491.50706579294757
53 PINHOLE 1600 900 1266.417203046554 1266.417203046554 816.2670197447984 491.50706579294757
54 PINHOLE 1600 900 1266.417203046554 1266.417203046554 816.2670197447984 491.50706579294757
55 PINHOLE 1600 900 1266.417203046554 1266.417203046554 816.2670197447984 491.50706579294757
56 PINHOLE 1600 900 1266.417203046554 1266.417203046554 816.2670197447984 491.50706579294757
57 PINHOLE 1600 900 1266.417203046554 1266.417203046554 816.2670197447984 491.50706579294757
58 PINHOLE 1600 900 1266.417203046554 1266.417203046554 816.2670197447984 491.50706579294757
59 PINHOLE 1600 900 1266.417203046554 1266.417203046554 816.2670197447984 491.50706579294757
60 PINHOLE 1600 900 1266.417203046554 1266.417203046554 816.2670197447984 491.50706579294757
61 PINHOLE 1600 900 1266.417203046554 1266.417203046554 816.2670197447984 491.50706579294757
62 PINHOLE 1600 900 1266.417203046554 1266.417203046554 816.2670197447984 491.50706579294757
63 PINHOLE 1600 900 1266.417203046554 1266.417203046554 816.2670197447984 491.50706579294757
64 PINHOLE 1600 900 1266.417203046554 1266.417203046554 816.2670197447984 491.50706579294757
65 PINHOLE 1600 900 1266.417203046554 1266.417203046554 816.2670197447984 491.50706579294757
66 PINHOLE 1600 900 1266.417203046554 1266.417203046554 816.2670197447984 491.50706579294757
67 PINHOLE 1600 900 1266.417203046554 1266.417203046554 816.2670197447984 491.50706579294757
68 PINHOLE 1600 900 1266.417203046554 1266.417203046554 816.2670197447984 491.50706579294757
69 PINHOLE 1600 900 1266.417203046554 1266.417203046554 816.2670197447984 491.50706579294757
70 PINHOLE 1600 900 1266.417203046554 1266.417203046554 816.2670197447984 491.50706579294757
71 PINHOLE 1600 900 1266.417203046554 1266.417203046554 816.2670197447984 491.50706579294757
72 PINHOLE 1600 900 1266.417203046554 1266.417203046554 816.2670197447984 491.50706579294757
73 PINHOLE 1600 900 1266.417203046554 1266.417203046554 816.2670197447984 491.50706579294757
74 PINHOLE 1600 900 1266.417203046554 1266.417203046554 816.2670197447984 491.50706579294757
75 PINHOLE 1600 900 1266.417203046554 1266.417203046554 816.2670197447984 491.50706579294757
76 PINHOLE 1600 900 1266.417203046554 1266.417203046554 816.2670197447984 491.50706579294757
77 PINHOLE 1600 900 1266.417203046554 1266.417203046554 816.2670197447984 491.50706579294757
78 PINHOLE 1600 900 1266.417203046554 1266.417203046554 816.2670197447984 491.50706579294757
79 PINHOLE 1600 900 1266.417203046554 1266.417203046554 816.2670197447984 491.50706579294757
80 PINHOLE 1600 900 1266.417203046554 1266.417203046554 816.2670197447984 491.50706579294757
81 PINHOLE 1600 900 1266.417203046554 1266.417203046554 816.2670197447984 491.50706579294757
82 PINHOLE 1600 900 1266.417203046554 1266.417203046554 816.2670197447984 491.50706579294757
83 PINHOLE 1600 900 1266.417203046554 1266.417203046554 816.2670197447984 491.50706579294757
84 PINHOLE 1600 900 1266.417203046554 1266.417203046554 816.2670197447984 491.50706579294757
85 PINHOLE 1600 900 1266.417203046554 1266.417203046554 816.2670197447984 491.50706579294757
86 PINHOLE 1600 900 1266.417203046554 1266.417203046554 816.2670197447984 491.50706579294757
87 PINHOLE 1600 900 1266.417203046554 1266.417203046554 816.2670197447984 491.50706579294757
88 PINHOLE 1600 900 1266.417203046554 1266.417203046554 816.2670197447984 491.50706579294757
89 PINHOLE 1600 900 1266.417203046554 1266.417203046554 816.2670197447984 491.50706579294757
90 PINHOLE 1600 900 1266.417203046554 1266.417203046554 816.2670197447984 491.50706579294757
91 PINHOLE 1600 900 1266.417203046554 1266.417203046554 816.2670197447984 491.50706579294757
92 PINHOLE 1600 900 1266.417203046554 1266.417203046554 816.2670197447984 491.50706579294757
93 PINHOLE 1600 900 1266.417203046554 1266.417203046554 816.2670197447984 491.50706579294757
94 PINHOLE 1600 900 1266.417203046554 1266.417203046554 816.2670197447984 491.50706579294757
95 PINHOLE 1600 900 1266.417203046554 1266.417203046554 816.2670197447984 491.50706579294757
96 PINHOLE 1600 900 1266.417203046554 1266.417203046554 816.2670197447984 491.50706579294757
97 PINHOLE 1600 900 1266.417203046554 1266.417203046554 816.2670197447984 491.50706579294757
98 PINHOLE 1600 900 1266.417203046554 1266.417203046554 816.2670197447984 491.50706579294757
99 PINHOLE 1600 900 1266.417203046554 1266.417203046554 816.2670197447984 491.50706579294757
100 PINHOLE 1600 900 1266.417203046554 1266.417203046554 816.2670197447984 491.50706579294757
101 PINHOLE 1600 900 1266.417203046554 1266.417203046554 816.2670197447984 491.50706579294757
102 PINHOLE 1600 900 1266.417203046554 1266.417203046554 816.2670197447984 491.50706579294757
103 PINHOLE 1600 900 1266.417203046554 1266.417203046554 816.2670197447984 491.50706579294757
104 PINHOLE 1600 900 1266.417203046554 1266.417203046554 816.2670197447984 491.50706579294757
105 PINHOLE 1600 900 1266.417203046554 1266.417203046554 816.2670197447984 491.50706579294757
106 PINHOLE 1600 900 1266.417203046554 1266.417203046554 816.2670197447984 491.50706579294757
107 PINHOLE 1600 900 1266.417203046554 1266.417203046554 816.2670197447984 491.50706579294757
108 PINHOLE 1600 900 1266.417203046554 1266.417203046554 816.2670197447984 491.50706579294757
109 PINHOLE 1600 900 1266.417203046554 1266.417203046554 816.2670197447984 491.50706579294757
110 PINHOLE 1600 900 1266.417203046554 1266.417203046554 816.2670197447984 491.50706579294757
111 PINHOLE 1600 900 1266.417203046554 1266.417203046554 816.2670197447984 491.50706579294757
112 PINHOLE 1600 900 1266.417203046554 1266.417203046554 816.2670197447984 491.50706579294757
113 PINHOLE 1600 900 1266.417203046554 1266.417203046554 816.2670197447984 491.50706579294757
114 PINHOLE 1600 900 1266.417203046554 1266.417203046554 816.2670197447984 491.50706579294757
115 PINHOLE 1600 900 1266.417203046554 1266.417203046554 816.2670197447984 491.50706579294757
116 PINHOLE 1600 900 1266.417203046554 1266.417203046554 816.2670197447984 491.50706579294757
117 PINHOLE 1600 900 1266.417203046554 1266.417203046554 816.2670197447984 491.50706579294757
118 PINHOLE 1600 900 1266.417203046554 1266.417203046554 816.2670197447984 491.50706579294757
119 PINHOLE 1600 900 1266.417203046554 1266.417203046554 816.2670197447984 491.50706579294757
120 PINHOLE 1600 900 1266.417203046554 1266.417203046554 816.2670197447984 491.50706579294757
121 PINHOLE 1600 900 1266.417203046554 1266.417203046554 816.2670197447984 491.50706579294757
122 PINHOLE 1600 900 1266.417203046554 1266.417203046554 816.2670197447984 491.50706579294757
123 PINHOLE 1600 900 1266.417203046554 1266.417203046554 816.2670197447984 491.50706579294757
124 PINHOLE 1600 900 1266.417203046554 1266.417203046554 816.2670197447984 491.50706579294757
125 PINHOLE 1600 900 1266.417203046554 1266.417203046554 816.2670197447984 491.50706579294757
126 PINHOLE 1600 900 1266.417203046554 1266.417203046554 816.2670197447984 491.50706579294757
127 PINHOLE 1600 900 1266.417203046554 1266.417203046554 816.2670197447984 491.50706579294757
128 PINHOLE 1600 900 1266.417203046554 1266.417203046554 816.2670197447984 491.50706579294757
129 PINHOLE 1600 900 1266.417203046554 1266.417203046554 816.2670197447984 491.50706579294757
130 PINHOLE 1600 900 1266.417203046554 1266.417203046554 816.2670197447984 491.50706579294757
131 PINHOLE 1600 900 1266.417203046554 1266.417203046554 816.2670197447984 491.50706579294757
132 PINHOLE 1600 900 1266.417203046554 1266.417203046554 816.2670197447984 491.50706579294757
133 PINHOLE 1600 900 1266.417203046554 1266.417203046554 816.2670197447984 491.50706579294757
134 PINHOLE 1600 900 1266.417203046554 1266.417203046554 816.2670197447984 491.50706579294757
135 PINHOLE 1600 900 1266.417203046554 1266.417203046554 816.2670197447984 491.50706579294757
136 PINHOLE 1600 900 1266.417203046554 1266.417203046554 816.2670197447984 491.50706579294757
137 PINHOLE 1600 900 1266.417203046554 1266.417203046554 816.2670197447984 491.50706579294757
138 PINHOLE 1600 900 1266.417203046554 1266.417203046554 816.2670197447984 491.50706579294757
139 PINHOLE 1600 900 1266.417203046554 1266.417203046554 816.2670197447984 491.50706579294757
140 PINHOLE 1600 900 1266.417203046554 1266.417203046554 816.2670197447984 491.50706579294757
141 PINHOLE 1600 900 1266.417203046554 1266.417203046554 816.2670197447984 491.50706579294757
142 PINHOLE 1600 900 1266.417203046554 1266.417203046554 816.2670197447984 491.50706579294757
143 PINHOLE 1600 900 1266.417203046554 1266.417203046554 816.2670197447984 491.50706579294757
144 PINHOLE 1600 900 1266.417203046554 1266.417203046554 816.2670197447984 491.50706579294757
145 PINHOLE 1600 900 1266.417203046554 1266.417203046554 816.2670197447984 491.50706579294757
146 PINHOLE 1600 900 1266.417203046554 1266.417203046554 816.2670197447984 491.50706579294757
147 PINHOLE 1600 900 1266.417203046554 1266.417203046554 816.2670197447984 491.50706579294757
148 PINHOLE 1600 900 1266.417203046554 1266.417203046554 816.2670197447984 491.50706579294757
149 PINHOLE 1600 900 1266.417203046554 1266.417203046554 816.2670197447984 491.50706579294757
150 PINHOLE 1600 900 1266.417203046554 1266.417203046554 816.2670197447984 491.50706579294757
151 PINHOLE 1600 900 1266.417203046554 1266.417203046554 816.2670197447984 491.50706579294757
152 PINHOLE 1600 900 1266.417203046554 1266.417203046554 816.2670197447984 491.50706579294757
153 PINHOLE 1600 900 1266.417203046554 1266.417203046554 816.2670197447984 491.50706579294757
154 PINHOLE 1600 900 1266.417203046554 1266.417203046554 816.2670197447984 491.50706579294757
155 PINHOLE 1600 900 1266.417203046554 1266.417203046554 816.2670197447984 491.50706579294757
156 PINHOLE 1600 900 1266.417203046554 1266.417203046554 816.2670197447984 491.50706579294757
157 PINHOLE 1600 900 1266.417203046554 1266.417203046554 816.2670197447984 491.50706579294757
158 PINHOLE 1600 900 1266.417203046554 1266.417203046554 816.2670197447984 491.50706579294757
159 PINHOLE 1600 900 1266.417203046554 1266.417203046554 816.2670197447984 491.50706579294757
160 PINHOLE 1600 900 1266.417203046554 1266.417203046554 816.2670197447984 491.50706579294757
161 PINHOLE 1600 900 1266.417203046554 1266.417203046554 816.2670197447984 491.50706579294757
162 PINHOLE 1600 900 1266.417203046554 1266.417203046554 816.2670197447984 491.50706579294757
163 PINHOLE 1600 900 1266.417203046554 1266.417203046554 816.2670197447984 491.50706579294757
164 PINHOLE 1600 900 1266.417203046554 1266.417203046554 816.2670197447984 491.50706579294757
165 PINHOLE 1600 900 1266.417203046554 1266.417203046554 816.2670197447984 491.50706579294757
166 PINHOLE 1600 900 1266.417203046554 1266.417203046554 816.2670197447984 491.50706579294757
167 PINHOLE 1600 900 1266.417203046554 1266.417203046554 816.2670197447984 491.50706579294757
168 PINHOLE 1600 900 1266.417203046554 1266.417203046554 816.2670197447984 491.50706579294757
169 PINHOLE 1600 900 1266.417203046554 1266.417203046554 816.2670197447984 491.50706579294757
170 PINHOLE 1600 900 1266.417203046554 1266.417203046554 816.2670197447984 491.50706579294757
171 PINHOLE 1600 900 1266.417203046554 1266.417203046554 816.2670197447984 491.50706579294757
172 PINHOLE 1600 900 1266.417203046554 1266.417203046554 816.2670197447984 491.50706579294757
173 PINHOLE 1600 900 1266.417203046554 1266.417203046554 816.2670197447984 491.50706579294757
174 PINHOLE 1600 900 1266.417203046554 1266.417203046554 816.2670197447984 491.50706579294757
175 PINHOLE 1600 900 1266.417203046554 1266.417203046554 816.2670197447984 491.50706579294757
176 PINHOLE 1600 900 1266.417203046554 1266.417203046554 816.2670197447984 491.50706579294757
177 PINHOLE 1600 900 1266.417203046554 1266.417203046554 816.2670197447984 491.50706579294757
178 PINHOLE 1600 900 1266.417203046554 1266.417203046554 816.2670197447984 491.50706579294757
179 PINHOLE 1600 900 1266.417203046554 1266.417203046554 816.2670197447984 491.50706579294757
180 PINHOLE 1600 900 1266.417203046554 1266.417203046554 816.2670197447984 491.50706579294757
181 PINHOLE 1600 900 1266.417203046554 1266.417203046554 816.2670197447984 491.50706579294757
182 PINHOLE 1600 900 1266.417203046554 1266.417203046554 816.2670197447984 491.50706579294757
183 PINHOLE 1600 900 1266.417203046554 1266.417203046554 816.2670197447984 491.50706579294757
184 PINHOLE 1600 900 1266.417203046554 1266.417203046554 816.2670197447984 491.50706579294757
185 PINHOLE 1600 900 1266.417203046554 1266.417203046554 816.2670197447984 491.50706579294757
186 PINHOLE 1600 900 1266.417203046554 1266.417203046554 816.2670197447984 491.50706579294757
187 PINHOLE 1600 900 1266.417203046554 1266.417203046554 816.2670197447984 491.50706579294757
188 PINHOLE 1600 900 1266.417203046554 1266.417203046554 816.2670197447984 491.50706579294757
189 PINHOLE 1600 900 1266.417203046554 1266.417203046554 816.2670197447984 491.50706579294757
190 PINHOLE 1600 900 1266.417203046554 1266.417203046554 816.2670197447984 491.50706579294757
191 PINHOLE 1600 900 1266.417203046554 1266.417203046554 816.2670197447984 491.50706579294757
192 PINHOLE 1600 900 1266.417203046554 1266.417203046554 816.2670197447984 491.50706579294757
193 PINHOLE 1600 900 1266.417203046554 1266.417203046554 816.2670197447984 491.50706579294757
194 PINHOLE 1600 900 1266.417203046554 1266.417203046554 816.2670197447984 491.50706579294757
195 PINHOLE 1600 900 1266.417203046554 1266.417203046554 816.2670197447984 491.50706579294757
196 PINHOLE 1600 900 1266.417203046554 1266.417203046554 816.2670197447984 491.50706579294757
197 PINHOLE 1600 900 1266.417203046554 1266.417203046554 816.2670197447984 491.50706579294757
198 PINHOLE 1600 900 1266.417203046554 1266.417203046554 816.2670197447984 491.50706579294757
199 PINHOLE 1600 900 1266.417203046554 1266.417203046554 816.2670197447984 491.50706579294757
200 PINHOLE 1600 900 1266.417203046554 1266.417203046554 816.2670197447984 491.50706579294757
201 PINHOLE 1600 900 1266.417203046554 1266.417203046554 816.2670197447984 491.50706579294757
202 PINHOLE 1600 900 1272.5979470598488 1272.5979470598488 826.6154927353808 479.75165386361925
203 PINHOLE 1600 900 1272.5979470598488 1272.5979470598488 826.6154927353808 479.75165386361925
204 PINHOLE 1600 900 1272.5979470598488 1272.5979470598488 826.6154927353808 479.75165386361925
205 PINHOLE 1600 900 1272.5979470598488 1272.5979470598488 826.6154927353808 479.75165386361925
206 PINHOLE 1600 900 1272.5979470598488 1272.5979470598488 826.6154927353808 479.75165386361925
207 PINHOLE 1600 900 1272.5979470598488 1272.5979470598488 826.6154927353808 479.75165386361925
208 PINHOLE 1600 900 1272.5979470598488 1272.5979470598488 826.6154927353808 479.75165386361925
209 PINHOLE 1600 900 1272.5979470598488 1272.5979470598488 826.6154927353808 479.75165386361925
210 PINHOLE 1600 900 1272.5979470598488 1272.5979470598488 826.6154927353808 479.75165386361925
211 PINHOLE 1600 900 1272.5979470598488 1272.5979470598488 826.6154927353808 479.75165386361925
212 PINHOLE 1600 900 1272.5979470598488 1272.5979470598488 826.6154927353808 479.75165386361925
213 PINHOLE 1600 900 1272.5979470598488 1272.5979470598488 826.6154927353808 479.75165386361925
214 PINHOLE 1600 900 1272.5979470598488 1272.5979470598488 826.6154927353808 479.75165386361925
215 PINHOLE 1600 900 1272.5979470598488 1272.5979470598488 826.6154927353808 479.75165386361925
216 PINHOLE 1600 900 1272.5979470598488 1272.5979470598488 826.6154927353808 479.75165386361925
217 PINHOLE 1600 900 1272.5979470598488 1272.5979470598488 826.6154927353808 479.75165386361925
218 PINHOLE 1600 900 1272.5979470598488 1272.5979470598488 826.6154927353808 479.75165386361925
219 PINHOLE 1600 900 1272.5979470598488 1272.5979470598488 826.6154927353808 479.75165386361925
220 PINHOLE 1600 900 1272.5979470598488 1272.5979470598488 826.6154927353808 479.75165386361925
221 PINHOLE 1600 900 1272.5979470598488 1272.5979470598488 826.6154927353808 479.75165386361925
222 PINHOLE 1600 900 1272.5979470598488 1272.5979470598488 826.6154927353808 479.75165386361925
223 PINHOLE 1600 900 1272.5979470598488 1272.5979470598488 826.6154927353808 479.75165386361925
224 PINHOLE 1600 900 1272.5979470598488 1272.5979470598488 826.6154927353808 479.75165386361925
225 PINHOLE 1600 900 1272.5979470598488 1272.5979470598488 826.6154927353808 479.75165386361925
226 PINHOLE 1600 900 1272.5979470598488 1272.5979470598488 826.6154927353808 479.75165386361925
227 PINHOLE 1600 900 1272.5979470598488 1272.5979470598488 826.6154927353808 479.75165386361925
228 PINHOLE 1600 900 1272.5979470598488 1272.5979470598488 826.6154927353808 479.75165386361925
229 PINHOLE 1600 900 1272.5979470598488 1272.5979470598488 826.6154927353808 479.75165386361925
230 PINHOLE 1600 900 1272.5979470598488 1272.5979470598488 826.6154927353808 479.75165386361925
231 PINHOLE 1600 900 1272.5979470598488 1272.5979470598488 826.6154927353808 479.75165386361925
232 PINHOLE 1600 900 1272.5979470598488 1272.5979470598488 826.6154927353808 479.75165386361925
233 PINHOLE 1600 900 1272.5979470598488 1272.5979470598488 826.6154927353808 479.75165386361925
234 PINHOLE 1600 900 1272.5979470598488 1272.5979470598488 826.6154927353808 479.75165386361925
235 PINHOLE 1600 900 1272.5979470598488 1272.5979470598488 826.6154927353808 479.75165386361925
236 PINHOLE 1600 900 1272.5979470598488 1272.5979470598488 826.6154927353808 479.75165386361925
237 PINHOLE 1600 900 1272.5979470598488 1272.5979470598488 826.6154927353808 479.75165386361925
238 PINHOLE 1600 900 1272.5979470598488 1272.5979470598488 826.6154927353808 479.75165386361925
239 PINHOLE 1600 900 1272.5979470598488 1272.5979470598488 826.6154927353808 479.75165386361925
240 PINHOLE 1600 900 1272.5979470598488 1272.5979470598488 826.6154927353808 479.75165386361925
241 PINHOLE 1600 900 1272.5979470598488 1272.5979470598488 826.6154927353808 479.75165386361925
242 PINHOLE 1600 900 1272.5979470598488 1272.5979470598488 826.6154927353808 479.75165386361925
243 PINHOLE 1600 900 1272.5979470598488 1272.5979470598488 826.6154927353808 479.75165386361925
244 PINHOLE 1600 900 1272.5979470598488 1272.5979470598488 826.6154927353808 479.75165386361925
245 PINHOLE 1600 900 1272.5979470598488 1272.5979470598488 826.6154927353808 479.75165386361925
246 PINHOLE 1600 900 1272.5979470598488 1272.5979470598488 826.6154927353808 479.75165386361925
247 PINHOLE 1600 900 1272.5979470598488 1272.5979470598488 826.6154927353808 479.75165386361925
248 PINHOLE 1600 900 1272.5979470598488 1272.5979470598488 826.6154927353808 479.75165386361925
249 PINHOLE 1600 900 1272.5979470598488 1272.5979470598488 826.6154927353808 479.75165386361925
250 PINHOLE 1600 900 1272.5979470598488 1272.5979470598488 826.6154927353808 479.75165386361925
251 PINHOLE 1600 900 1272.5979470598488 1272.5979470598488 826.6154927353808 479.75165386361925
252 PINHOLE 1600 900 1272.5979470598488 1272.5979470598488 826.6154927353808 479.75165386361925
253 PINHOLE 1600 900 1272.5979470598488 1272.5979470598488 826.6154927353808 479.75165386361925
254 PINHOLE 1600 900 1272.5979470598488 1272.5979470598488 826.6154927353808 479.75165386361925
255 PINHOLE 1600 900 1272.5979470598488 1272.5979470598488 826.6154927353808 479.75165386361925
256 PINHOLE 1600 900 1272.5979470598488 1272.5979470598488 826.6154927353808 479.75165386361925
257 PINHOLE 1600 900 1272.5979470598488 1272.5979470598488 826.6154927353808 479.75165386361925
258 PINHOLE 1600 900 1272.5979470598488 1272.5979470598488 826.6154927353808 479.75165386361925
259 PINHOLE 1600 900 1272.5979470598488 1272.5979470598488 826.6154927353808 479.75165386361925
260 PINHOLE 1600 900 1272.5979470598488 1272.5979470598488 826.6154927353808 479.75165386361925
261 PINHOLE 1600 900 1272.5979470598488 1272.5979470598488 826.6154927353808 479.75165386361925
262 PINHOLE 1600 900 1272.5979470598488 1272.5979470598488 826.6154927353808 479.75165386361925
263 PINHOLE 1600 900 1272.5979470598488 1272.5979470598488 826.6154927353808 479.75165386361925
264 PINHOLE 1600 900 1272.5979470598488 1272.5979470598488 826.6154927353808 479.75165386361925
265 PINHOLE 1600 900 1272.5979470598488 1272.5979470598488 826.6154927353808 479.75165386361925
266 PINHOLE 1600 900 1272.5979470598488 1272.5979470598488 826.6154927353808 479.75165386361925
267 PINHOLE 1600 900 1272.5979470598488 1272.5979470598488 826.6154927353808 479.75165386361925
268 PINHOLE 1600 900 1272.5979470598488 1272.5979470598488 826.6154927353808 479.75165386361925
269 PINHOLE 1600 900 1272.5979470598488 1272.5979470598488 826.6154927353808 479.75165386361925
270 PINHOLE 1600 900 1272.5979470598488 1272.5979470598488 826.6154927353808 479.75165386361925
271 PINHOLE 1600 900 1272.5979470598488 1272.5979470598488 826.6154927353808 479.75165386361925
272 PINHOLE 1600 900 1272.5979470598488 1272.5979470598488 826.6154927353808 479.75165386361925
273 PINHOLE 1600 900 1272.5979470598488 1272.5979470598488 826.6154927353808 479.75165386361925
274 PINHOLE 1600 900 1272.5979470598488 1272.5979470598488 826.6154927353808 479.75165386361925
275 PINHOLE 1600 900 1272.5979470598488 1272.5979470598488 826.6154927353808 479.75165386361925
276 PINHOLE 1600 900 1272.5979470598488 1272.5979470598488 826.6154927353808 479.75165386361925
277 PINHOLE 1600 900 1272.5979470598488 1272.5979470598488 826.6154927353808 479.75165386361925
278 PINHOLE 1600 900 1272.5979470598488 1272.5979470598488 826.6154927353808 479.75165386361925
279 PINHOLE 1600 900 1272.5979470598488 1272.5979470598488 826.6154927353808 479.75165386361925
280 PINHOLE 1600 900 1272.5979470598488 1272.5979470598488 826.6154927353808 479.75165386361925
281 PINHOLE 1600 900 1272.5979470598488 1272.5979470598488 826.6154927353808 479.75165386361925
282 PINHOLE 1600 900 1272.5979470598488 1272.5979470598488 826.6154927353808 479.75165386361925
283 PINHOLE 1600 900 1272.5979470598488 1272.5979470598488 826.6154927353808 479.75165386361925
284 PINHOLE 1600 900 1272.5979470598488 1272.5979470598488 826.6154927353808 479.75165386361925
285 PINHOLE 1600 900 1272.5979470598488 1272.5979470598488 826.6154927353808 479.75165386361925
286 PINHOLE 1600 900 1272.5979470598488 1272.5979470598488 826.6154927353808 479.75165386361925
287 PINHOLE 1600 900 1272.5979470598488 1272.5979470598488 826.6154927353808 479.75165386361925
288 PINHOLE 1600 900 1272.5979470598488 1272.5979470598488 826.6154927353808 479.75165386361925
289 PINHOLE 1600 900 1272.5979470598488 1272.5979470598488 826.6154927353808 479.75165386361925
290 PINHOLE 1600 900 1272.5979470598488 1272.5979470598488 826.6154927353808 479.75165386361925
291 PINHOLE 1600 900 1272.5979470598488 1272.5979470598488 826.6154927353808 479.75165386361925
292 PINHOLE 1600 900 1272.5979470598488 1272.5979470598488 826.6154927353808 479.75165386361925
293 PINHOLE 1600 900 1272.5979470598488 1272.5979470598488 826.6154927353808 479.75165386361925
294 PINHOLE 1600 900 1272.5979470598488 1272.5979470598488 826.6154927353808 479.75165386361925
295 PINHOLE 1600 900 1272.5979470598488 1272.5979470598488 826.6154927353808 479.75165386361925
296 PINHOLE 1600 900 1272.5979470598488 1272.5979470598488 826.6154927353808 479.75165386361925
297 PINHOLE 1600 900 1272.5979470598488 1272.5979470598488 826.6154927353808 479.75165386361925
298 PINHOLE 1600 900 1272.5979470598488 1272.5979470598488 826.6154927353808 479.75165386361925
299 PINHOLE 1600 900 1272.5979470598488 1272.5979470598488 826.6154927353808 479.75165386361925
300 PINHOLE 1600 900 1272.5979470598488 1272.5979470598488 826.6154927353808 479.75165386361925
301 PINHOLE 1600 900 1272.5979470598488 1272.5979470598488 826.6154927353808 479.75165386361925
302 PINHOLE 1600 900 1272.5979470598488 1272.5979470598488 826.6154927353808 479.75165386361925
303 PINHOLE 1600 900 1272.5979470598488 1272.5979470598488 826.6154927353808 479.75165386361925
304 PINHOLE 1600 900 1272.5979470598488 1272.5979470598488 826.6154927353808 479.75165386361925
305 PINHOLE 1600 900 1272.5979470598488 1272.5979470598488 826.6154927353808 479.75165386361925
306 PINHOLE 1600 900 1272.5979470598488 1272.5979470598488 826.6154927353808 479.75165386361925
307 PINHOLE 1600 900 1272.5979470598488 1272.5979470598488 826.6154927353808 479.75165386361925
308 PINHOLE 1600 900 1272.5979470598488 1272.5979470598488 826.6154927353808 479.75165386361925
309 PINHOLE 1600 900 1272.5979470598488 1272.5979470598488 826.6154927353808 479.75165386361925
310 PINHOLE 1600 900 1272.5979470598488 1272.5979470598488 826.6154927353808 479.75165386361925
311 PINHOLE 1600 900 1272.5979470598488 1272.5979470598488 826.6154927353808 479.75165386361925
312 PINHOLE 1600 900 1272.5979470598488 1272.5979470598488 826.6154927353808 479.75165386361925
313 PINHOLE 1600 900 1272.5979470598488 1272.5979470598488 826.6154927353808 479.75165386361925
314 PINHOLE 1600 900 1272.5979470598488 1272.5979470598488 826.6154927353808 479.75165386361925
315 PINHOLE 1600 900 1272.5979470598488 1272.5979470598488 826.6154927353808 479.75165386361925
316 PINHOLE 1600 900 1272.5979470598488 1272.5979470598488 826.6154927353808 479.75165386361925
317 PINHOLE 1600 900 1272.5979470598488 1272.5979470598488 826.6154927353808 479.75165386361925
318 PINHOLE 1600 900 1272.5979470598488 1272.5979470598488 826.6154927353808 479.75165386361925
319 PINHOLE 1600 900 1272.5979470598488 1272.5979470598488 826.6154927353808 479.75165386361925
320 PINHOLE 1600 900 1272.5979470598488 1272.5979470598488 826.6154927353808 479.75165386361925
321 PINHOLE 1600 900 1272.5979470598488 1272.5979470598488 826.6154927353808 479.75165386361925
322 PINHOLE 1600 900 1272.5979470598488 1272.5979470598488 826.6154927353808 479.75165386361925
323 PINHOLE 1600 900 1272.5979470598488 1272.5979470598488 826.6154927353808 479.75165386361925
324 PINHOLE 1600 900 1272.5979470598488 1272.5979470598488 826.6154927353808 479.75165386361925
325 PINHOLE 1600 900 1272.5979470598488 1272.5979470598488 826.6154927353808 479.75165386361925
326 PINHOLE 1600 900 1272.5979470598488 1272.5979470598488 826.6154927353808 479.75165386361925
327 PINHOLE 1600 900 1272.5979470598488 1272.5979470598488 826.6154927353808 479.75165386361925
328 PINHOLE 1600 900 1272.5979470598488 1272.5979470598488 826.6154927353808 479.75165386361925
329 PINHOLE 1600 900 1272.5979470598488 1272.5979470598488 826.6154927353808 479.75165386361925
330 PINHOLE 1600 900 1272.5979470598488 1272.5979470598488 826.6154927353808 479.75165386361925
331 PINHOLE 1600 900 1272.5979470598488 1272.5979470598488 826.6154927353808 479.75165386361925
332 PINHOLE 1600 900 1272.5979470598488 1272.5979470598488 826.6154927353808 479.75165386361925
333 PINHOLE 1600 900 1272.5979470598488 1272.5979470598488 826.6154927353808 479.75165386361925
334 PINHOLE 1600 900 1272.5979470598488 1272.5979470598488 826.6154927353808 479.75165386361925
335 PINHOLE 1600 900 1272.5979470598488 1272.5979470598488 826.6154927353808 479.75165386361925
336 PINHOLE 1600 900 1272.5979470598488 1272.5979470598488 826.6154927353808 479.75165386361925
337 PINHOLE 1600 900 1272.5979470598488 1272.5979470598488 826.6154927353808 479.75165386361925
338 PINHOLE 1600 900 1272.5979470598488 1272.5979470598488 826.6154927353808 479.75165386361925
339 PINHOLE 1600 900 1272.5979470598488 1272.5979470598488 826.6154927353808 479.75165386361925
340 PINHOLE 1600 900 1272.5979470598488 1272.5979470598488 826.6154927353808 479.75165386361925
341 PINHOLE 1600 900 1272.5979470598488 1272.5979470598488 826.6154927353808 479.75165386361925
342 PINHOLE 1600 900 1272.5979470598488 1272.5979470598488 826.6154927353808 479.75165386361925
343 PINHOLE 1600 900 1272.5979470598488 1272.5979470598488 826.6154927353808 479.75165386361925
344 PINHOLE 1600 900 1272.5979470598488 1272.5979470598488 826.6154927353808 479.75165386361925
345 PINHOLE 1600 900 1272.5979470598488 1272.5979470598488 826.6154927353808 479.75165386361925
346 PINHOLE 1600 900 1272.5979470598488 1272.5979470598488 826.6154927353808 479.75165386361925
347 PINHOLE 1600 900 1272.5979470598488 1272.5979470598488 826.6154927353808 479.75165386361925
348 PINHOLE 1600 900 1272.5979470598488 1272.5979470598488 826.6154927353808 479.75165386361925
349 PINHOLE 1600 900 1272.5979470598488 1272.5979470598488 826.6154927353808 479.75165386361925
350 PINHOLE 1600 900 1272.5979470598488 1272.5979470598488 826.6154927353808 479.75165386361925
351 PINHOLE 1600 900 1272.5979470598488 1272.5979470598488 826.6154927353808 479.75165386361925
352 PINHOLE 1600 900 1272.5979470598488 1272.5979470598488 826.6154927353808 479.75165386361925
353 PINHOLE 1600 900 1272.5979470598488 1272.5979470598488 826.6154927353808 479.75165386361925
354 PINHOLE 1600 900 1272.5979470598488 1272.5979470598488 826.6154927353808 479.75165386361925
355 PINHOLE 1600 900 1272.5979470598488 1272.5979470598488 826.6154927353808 479.75165386361925
356 PINHOLE 1600 900 1272.5979470598488 1272.5979470598488 826.6154927353808 479.75165386361925
357 PINHOLE 1600 900 1272.5979470598488 1272.5979470598488 826.6154927353808 479.75165386361925
358 PINHOLE 1600 900 1272.5979470598488 1272.5979470598488 826.6154927353808 479.75165386361925
359 PINHOLE 1600 900 1272.5979470598488 1272.5979470598488 826.6154927353808 479.75165386361925
360 PINHOLE 1600 900 1272.5979470598488 1272.5979470598488 826.6154927353808 479.75165386361925
361 PINHOLE 1600 900 1272.5979470598488 1272.5979470598488 826.6154927353808 479.75165386361925
362 PINHOLE 1600 900 1272.5979470598488 1272.5979470598488 826.6154927353808 479.75165386361925
363 PINHOLE 1600 900 1272.5979470598488 1272.5979470598488 826.6154927353808 479.75165386361925
364 PINHOLE 1600 900 1272.5979470598488 1272.5979470598488 826.6154927353808 479.75165386361925
365 PINHOLE 1600 900 1272.5979470598488 1272.5979470598488 826.6154927353808 479.75165386361925
366 PINHOLE 1600 900 1272.5979470598488 1272.5979470598488 826.6154927353808 479.75165386361925
367 PINHOLE 1600 900 1272.5979470598488 1272.5979470598488 826.6154927353808 479.75165386361925
368 PINHOLE 1600 900 1272.5979470598488 1272.5979470598488 826.6154927353808 479.75165386361925
369 PINHOLE 1600 900 1272.5979470598488 1272.5979470598488 826.6154927353808 479.75165386361925
370 PINHOLE 1600 900 1272.5979470598488 1272.5979470598488 826.6154927353808 479.75165386361925
371 PINHOLE 1600 900 1272.5979470598488 1272.5979470598488 826.6154927353808 479.75165386361925
372 PINHOLE 1600 900 1272.5979470598488 1272.5979470598488 826.6154927353808 479.75165386361925
373 PINHOLE 1600 900 1272.5979470598488 1272.5979470598488 826.6154927353808 479.75165386361925
374 PINHOLE 1600 900 1272.5979470598488 1272.5979470598488 826.6154927353808 479.75165386361925
375 PINHOLE 1600 900 1272.5979470598488 1272.5979470598488 826.6154927353808 479.75165386361925
376 PINHOLE 1600 900 1272.5979470598488 1272.5979470598488 826.6154927353808 479.75165386361925
377 PINHOLE 1600 900 1272.5979470598488 1272.5979470598488 826.6154927353808 479.75165386361925
378 PINHOLE 1600 900 1272.5979470598488 1272.5979470598488 826.6154927353808 479.75165386361925
379 PINHOLE 1600 900 1272.5979470598488 1272.5979470598488 826.6154927353808 479.75165386361925
380 PINHOLE 1600 900 1272.5979470598488 1272.5979470598488 826.6154927353808 479.75165386361925
381 PINHOLE 1600 900 1272.5979470598488 1272.5979470598488 826.6154927353808 479.75165386361925
382 PINHOLE 1600 900 1272.5979470598488 1272.5979470598488 826.6154927353808 479.75165386361925
383 PINHOLE 1600 900 1272.5979470598488 1272.5979470598488 826.6154927353808 479.75165386361925
384 PINHOLE 1600 900 1272.5979470598488 1272.5979470598488 826.6154927353808 479.75165386361925
385 PINHOLE 1600 900 1272.5979470598488 1272.5979470598488 826.6154927353808 479.75165386361925
386 PINHOLE 1600 900 1272.5979470598488 1272.5979470598488 826.6154927353808 479.75165386361925
387 PINHOLE 1600 900 1272.5979470598488 1272.5979470598488 826.6154927353808 479.75165386361925
388 PINHOLE 1600 900 1272.5979470598488 1272.5979470598488 826.6154927353808 479.75165386361925
389 PINHOLE 1600 900 1272.5979470598488 1272.5979470598488 826.6154927353808 479.75165386361925
390 PINHOLE 1600 900 1272.5979470598488 1272.5979470598488 826.6154927353808 479.75165386361925
391 PINHOLE 1600 900 1272.5979470598488 1272.5979470598488 826.6154927353808 479.75165386361925
392 PINHOLE 1600 900 1272.5979470598488 1272.5979470598488 826.6154927353808 479.75165386361925
393 PINHOLE 1600 900 1272.5979470598488 1272.5979470598488 826.6154927353808 479.75165386361925
394 PINHOLE 1600 900 1272.5979470598488 1272.5979470598488 826.6154927353808 479.75165386361925
395 PINHOLE 1600 900 1272.5979470598488 1272.5979470598488 826.6154927353808 479.75165386361925
396 PINHOLE 1600 900 1272.5979470598488 1272.5979470598488 826.6154927353808 479.75165386361925
397 PINHOLE 1600 900 1272.5979470598488 1272.5979470598488 826.6154927353808 479.75165386361925
398 PINHOLE 1600 900 1272.5979470598488 1272.5979470598488 826.6154927353808 479.75165386361925
399 PINHOLE 1600 900 1272.5979470598488 1272.5979470598488 826.6154927353808 479.75165386361925
400 PINHOLE 1600 900 1272.5979470598488 1272.5979470598488 826.6154927353808 479.75165386361925
401 PINHOLE 1600 900 1272.5979470598488 1272.5979470598488 826.6154927353808 479.75165386361925
402 PINHOLE 1600 900 1272.5979470598488 1272.5979470598488 826.6154927353808 479.75165386361925