1 0.0009815940227633016 0.0015083436855950088 -0.7044078747937238 0.7097931440223204 615.9298438780946 17.286017953095037 2007.3509304331128 1 000_0.jpg

2 0.01787476075722341 0.018453530777443702 -0.705211574836951 0.7085312941893996 711.3157237099589 11.423904572080815 1974.9889748056075 2 001_0.jpg

3 -0.041703076175591075 -0.04446825193998537 0.7059636507810122 -0.7056194100099855 848.8546092154007 3.417676562130162 1919.0181470507791 3 002_0.jpg

4 -0.059096317220900335 -0.05980577629745135 0.7062119165558916 -0.7029904859433308 937.029064973441 -6.588374347254573 1876.921229257591 4 003_0.jpg

5 -0.07606029376099963 -0.07616174760495865 0.7052956909789438 -0.7006940903142279 1024.8479250973717 -10.929283160244605 1829.8297253176336 5 004_0.jpg

6 -0.08522199296549983 -0.08409733067309072 0.7045346986474085 -0.6994967543101643 1069.0899673365682 -13.50870764446367 1804.0215121323638 6 005_0.jpg

7 -0.10114991111519964 -0.1019028299129597 0.70282750096928 -0.6967194647908111 1154.7140095294387 -13.93622341988569 1749.8498058066298 7 006_0.jpg

8 -0.12562836499124813 -0.12593171715384985 0.69957739580095 -0.6920622687364696 1273.514032979981 -17.90224468073081 1664.4006825184704 8 007_0.jpg

9 -0.1405071995569851 -0.14229714283718176 0.6959808034778353 -0.6896520653223442 1347.1622416665932 -12.451013422691528 1604.7994605066413 9 008_0.jpg

10 -0.15523134917125478 -0.1580815526181589 0.6933299876717715 -0.6857163984850921 1416.7252207851243 -13.890188334372509 1543.0712293234567 10 009_0.jpg

11 -0.16075244769283695 -0.16552555039561287 0.6919866881241 -0.6840426640100972 1445.5584930420068 -11.684333196200143 1515.7920849772934 11 010_0.jpg

12 -0.17343424736618787 -0.17828788252974395 0.6903325863934671 -0.6793930474672895 1500.7830800757265 -18.683535479649958 1460.3905053062508 12 011_0.jpg

13 -0.19120763549937886 -0.19742536622693294 0.68657490668447 -0.6731105127749155 1577.6161052217053 -21.9531615092035 1375.9888263305234 13 012_0.jpg

14 -0.20299294103329782 -0.21002052718797343 0.6831670137605131 -0.6693041725253778 1626.1101881152183 -20.906038308361016 1317.6716391226769 14 013_0.jpg

15 -0.21573424169902106 -0.2219835324746601 0.6791722439769665 -0.6655126680085899 1673.3042078424173 -20.979943179613343 1256.5004641178043 15 014_0.jpg

16 -0.22138854685138612 -0.22844303399087437 0.6769012373821675 -0.6637812940830484 1695.7315724934408 -17.939524582408307 1225.7718183911536 16 015_0.jpg

17 -0.23241772217446519 -0.24063657169492136 0.6726863775423999 -0.6599765755320653 1737.3310149142383 -14.205660376752643 1165.4105181156576 17 016_0.jpg

18 -0.246059707479695 -0.25706609445484246 0.6671274760263812 -0.6544559375293427 1788.385906337704 -8.072712702952556 1084.3952014104173 18 017_0.jpg

19 -0.25302175242340513 -0.2660014778907102 0.6634853615847102 -0.6519282027365847 1814.0078541647545 -1.2489536261685659 1040.2419093481956 19 018_0.jpg

20 -0.258901003144081 -0.2720600255518011 0.6602864890736273 -0.6503655629064047 1832.5939174085265 3.3239229972748543 1006.3305231726512 20 019_0.jpg

21 -0.2611747495092938 -0.27521307746691565 0.6587036347491239 -0.6497345871802116 1840.8458235506475 7.359418176109056 990.7455261837307 21 020_0.jpg

22 -0.2655844475586298 -0.27951578601300825 0.6566305333374485 -0.6482068877090752 1853.8782628019421 8.737533747085887 965.3202118499715 22 021_0.jpg

23 -0.2707939821287015 -0.2833324147182878 0.6547147245065484 -0.6463296307048741 1867.0719279032357 6.518811135421519 938.2777072184291 23 022_0.jpg

24 -0.2728692096524297 -0.28545326997577397 0.6532057639090034 -0.6460503502667972 1873.0548375132946 9.53147794809289 925.3648601124712 24 023_0.jpg

25 -0.2749440993757885 -0.2866878722566885 0.6519868476837334 -0.6458552133154902 1877.7300436089552 10.334958178846085 914.9364535816322 25 024_0.jpg

26 -0.27574515251555487 -0.28726852291755556 0.6515561118847385 -0.6456903589729223 1879.6696509622407 10.5537584912368 910.4887011047105 26 025_0.jpg

27 -0.2771634032766157 -0.28804349200041546 0.6510251000374941 -0.6452733635611356 1882.7278481386634 9.643042683185568 903.2205241068164 27 026_0.jpg

28 -0.2782628218725418 -0.2893917044030653 0.6515808662148629 -0.6436339162667764 1886.142354470047 5.311111725662872 894.6677901942369 28 027_0.jpg

29 -0.2779498847119359 -0.29100821756141415 0.651406777334531 -0.6432163627761586 1887.9156043140706 8.562186273550756 889.9242332349917 29 028_0.jpg

30 -0.2771800872336592 -0.292655620647766 0.6506548772927077 -0.6435620541949497 1889.0456486212456 15.739841213436282 886.4437015616762 30 029_0.jpg

31 -0.2776455979915541 -0.2925041225661308 0.6499676163106519 -0.6441244894779108 1889.4507678261255 17.34326887082874 885.0665519328091 31 030_0.jpg

32 -0.27839316889038657 -0.29193638527237337 0.6490631569173644 -0.6449708588779295 1889.6671950167208 18.704615087224138 883.5849231806812 32 031_0.jpg

33 -0.27672382639667426 -0.29401290336981917 0.6490517143211304 -0.6447574805252237 1890.113482511929 25.562242942290034 880.9188217396782 33 032_0.jpg

34 -0.2781216352151554 -0.2930390124934608 0.6507643614866501 -0.6428703127388743 1890.8242467513455 12.997507401364748 878.5746993066077 34 033_0.jpg

35 -0.27840898291731264 -0.29434775314847944 0.6501468260019957 -0.6427728549704942 1892.9442009412046 16.216712704177674 872.8930565148 35 034_0.jpg

36 -0.27762903562050456 -0.29606193397766445 0.6490314118241356 -0.6434498242251705 1894.0876513065948 25.088349080626816 869.6848546500686 36 035_0.jpg

37 -0.2771348383280551 -0.2966809084644265 0.6493900982630663 -0.6430157231479572 1894.2374378032068 25.52842976568418 868.2904643222815 37 036_0.jpg

38 -0.27517470712072556 -0.29837290853128967 0.6515977677754979 -0.6408376058297374 1893.9038385435133 22.97766276965803 867.4794848122065 38 037_0.jpg

39 -0.2748958378577627 -0.2999397071408864 0.6505942060100613 -0.6412453738740387 1895.507641047423 29.79558634954341 862.6955546337566 39 038_0.jpg

40 -0.2768725839251055 -0.297605103204962 0.6493412962941825 -0.6427508504420592 1895.052393760904 27.467885968927188 862.6690777492055 40 039_0.jpg

41 -0.27826806647534946 -0.2967095802807385 0.6481354284896985 -0.6437785135325448 1895.7092424582736 27.947873414787193 860.668725537546 41 040_0.jpg

42 -0.2793282322195866 -0.2961766888347907 0.6466458578723325 -0.6450614251158532 1896.359982645309 30.97489835314551 858.0351091826147 42 041_0.jpg

43 -0.2792957170446152 -0.2962166499035887 0.6473776798414199 -0.6443226974145557 1896.4029379092922 27.89380683340691 856.9144834751363 43 042_0.jpg

44 -0.2797649641761935 -0.2968862845376239 0.6484328487713431 -0.6427479595511904 1897.9669783502115 22.570218253719702 851.893311372313 44 043_0.jpg

45 -0.2797649641761935 -0.2968862845376239 0.6484328487713431 -0.6427479595511904 1897.9669783502115 22.570218253719702 851.893311372313 45 044_0.jpg

46 -0.279825678691298 -0.2965495722716939 0.6490286489930793 -0.6422754498785145 1897.6193285006163 19.464971196225374 851.0108085325575 46 045_0.jpg

47 -0.2790644575057254 -0.2964332930534998 0.6487745350513949 -0.642916739551351 1896.4006163682632 22.679379930979398 852.4833939093261 47 046_0.jpg

48 -0.28018565223468594 -0.2960380020904397 0.6477755098952014 -0.6436182023374853 1897.3344666159037 23.481937478646465 849.2072766002818 48 047_0.jpg

49 -0.2799019578949121 -0.2954728013956871 0.6476236945254017 -0.6441539163051396 1896.177977084103 24.43282364091643 849.9937376737714 49 048_0.jpg

50 -0.27971512941526844 -0.2953095070673201 0.6481459588610022 -0.6437845582366883 1895.727792525559 22.530342799516447 849.8641414966495 50 049_0.jpg

51 -0.27969957312253124 -0.295249843287368 0.6484644592731648 -0.6434978818095834 1895.6380963431359 21.1245990571789 849.5067404158435 51 050_0.jpg

52 -0.2789849615586555 -0.29532302000445076 0.648550626561427 -0.6436876493038739 1894.7571715610961 22.89063413831459 850.2544410851494 52 051_0.jpg

53 -0.2777165169088079 -0.2961508705895478 0.6486197746289132 -0.6437861337784706 1894.1015061101637 27.074503838468612 849.8254844147366 53 052_0.jpg

54 -0.2761715728932536 -0.2978973280464022 0.6484852531833005 -0.6437804910621873 1894.2362023113747 33.836499650035684 848.1051834362704 54 053_0.jpg

55 -0.274674180845681 -0.2997289187782743 0.6477554979586735 -0.6443054279525137 1894.468331839326 43.14276252720632 845.9879988734352 55 054_0.jpg

56 -0.27416457329237887 -0.30077882588148896 0.6471058433172513 -0.6446859019688811 1895.0420046440229 48.48812893816112 843.8169912872859 56 055_0.jpg

57 -0.2718569501796252 -0.3011785601510041 0.6469992193898277 -0.6455829022312739 1892.3133044810356 55.914663578736956 848.2254933922384 57 056_0.jpg

58 -0.26873227699652785 -0.3033366184847273 0.6473921852341993 -0.6454868067468156 1890.6972618905575 65.18241763894991 849.2622808211984 58 057_0.jpg

59 -0.2679209098697837 -0.3035910066078726 0.6468954185804712 -0.6462021387932438 1889.7842010406553 69.90614833864056 849.6495458596315 59 058_0.jpg

60 0.26745223277819996 0.30500455269461374 -0.6448618232527772 0.6477613410266302 1890.591486825532 81.50468031077678 845.5822332393161 60 059_0.jpg

61 0.26718532506749654 0.30444343203471913 -0.6446854897606407 0.648310741891248 1889.4642746042007 82.47033203985548 847.3609314946851 61 060_0.jpg

62 0.26769505115546754 0.30484753437556195 -0.6440749415727136 0.6485173937606593 1890.589296251532 84.11225796408208 843.4404484088893 62 061_0.jpg

63 0.2676118464407178 0.30434063943930656 -0.6446396247598284 0.6482286857427487 1889.8992364082499 81.42043131756628 843.3644834706027 63 062_0.jpg

64 0.2683219523045659 0.30405490280363 -0.6440244937408542 0.6486805049131489 1890.4466276240564 81.82542006742084 840.839542980122 64 063_0.jpg

65 0.2690374043963854 0.30290021831225955 -0.6429851677179426 0.6499541575194137 1889.8475355394858 83.16750567745775 840.7722195477019 65 064_0.jpg

66 0.2689519865476388 0.30295216947904663 -0.6429493698682579 0.650000707481175 1889.7786776347355 83.62042634158708 840.2506982688869 66 065_0.jpg

67 0.2685977193939747 0.3034696026834965 -0.6437095642342564 0.6491528805272453 1890.018095153264 81.8664829057323 838.6302159533474 67 066_0.jpg

68 0.2690206427699291 0.30340725986241407 -0.6434971366534666 0.6492175009542068 1890.4858094433735 81.55305542542041 835.7118186617555 68 067_0.jpg

69 0.268740624106396 0.30260536248548264 -0.6434046917932248 0.6497991028990422 1889.0631441083278 81.94820409471185 837.6100787590593 69 068_0.jpg

70 0.2683581577721082 0.3049978724235647 -0.6443727749009364 0.6478764727482597 1891.619683795174 81.27571798645963 830.6135501447475 70 069_0.jpg

71 0.2675561130205405 0.3056081472316911 -0.6451499267526698 0.6471467829959272 1891.356114187105 80.80147675908223 830.6287614514484 71 070_0.jpg

72 0.2672643246254542 0.30482203511946965 -0.6456357846345394 0.6471535685503614 1890.0302903958163 78.75172306211495 832.5454147361107 72 071_0.jpg

73 0.2673941011481936 0.30418353089323846 -0.6436049555041286 0.6494193063460623 1889.0974573012847 86.51696464046364 831.9929332255274 73 072_0.jpg

74 0.2671489625036471 0.3048331056155128 -0.6432342334243272 0.6495828896338364 1889.4765310279706 89.46871780233246 829.5152868592035 74 073_0.jpg

75 0.2675202372140446 0.30571716852661374 -0.643028037804254 0.6492186674354198 1891.0371363759584 90.22312066330443 824.584204923946 75 074_0.jpg

76 0.2676197225554061 0.3058850701366695 -0.6428061563236444 0.6493182989561241 1891.341283350692 91.0726979181354 823.1533714688618 76 075_0.jpg

77 0.26783822162924775 0.30502694833774274 -0.6431316385434086 0.6493095897387595 1890.6381510768776 88.21210982541301 823.7657623216234 77 076_0.jpg

78 0.2701914907516492 0.3020052639048492 -0.6430471181878941 0.6498305799894373 1890.1978435984174 78.89822345261466 823.7700420607902 78 077_0.jpg

79 0.2717679809245764 0.29992583398801803 -0.6419932382789785 0.6511768889133287 1889.6817594916113 76.83121809998445 823.8681085098084 79 078_0.jpg

80 0.27253154640582866 0.2991774099165492 -0.6424536763862694 0.6507478062252993 1889.8545974531419 71.94233831353081 822.609859445355 80 079_0.jpg

81 0.27193659693322997 0.29916932779990296 -0.6434398583491889 0.6500256527551078 1889.135389135524 69.41616450783502 823.8217973857599 81 080_0.jpg

82 0.27113157856514153 0.30025942328276006 -0.6442155721298622 0.6490903191852989 1889.45067376805 69.50638100653634 821.8030269617584 82 081_0.jpg

83 0.270301316538172 0.3015099770332075 -0.6449244172712925 0.6481523185443754 1889.9131337135418 70.1271432994316 818.7587378747878 83 082_0.jpg

84 0.2692212041661485 0.3028804413394699 -0.6451903329226449 0.6476980899960284 1890.129445408788 73.46240710993669 816.6773255182121 84 083_0.jpg

85 0.2681811838603022 0.30408470305079116 -0.6448268345683008 0.6479272331168249 1890.0991768103356 79.19695918186994 814.9316674604514 85 084_0.jpg

86 0.26802762968410215 0.3044941553688296 -0.6445815980318322 0.6480424851434311 1890.3409443360476 81.10533253744507 813.5404959889572 86 085_0.jpg

87 0.26709983492154116 0.30526965274919793 -0.6441931212586757 0.6484468673825752 1889.9221670283255 86.18078967775064 812.6991561198487 87 086_0.jpg

88 0.26579625716505384 0.30608343756300405 -0.6440356415627844 0.6487552476269275 1889.0518618405533 91.36803062763096 812.2188947077293 88 087_0.jpg

89 0.2658740169014959 0.30429147871783047 -0.6443648711451212 0.6492392594032731 1887.045867073135 87.92094174425272 815.9282273210976 89 088_0.jpg

90 0.26692849419838743 0.3029207509431564 -0.6442701174752278 0.6495415409051772 1886.8233711149076 83.97339465101615 815.545983389134 90 089_0.jpg

91 0.2669454644847052 0.30274101094168326 -0.6443426159049012 0.6495464514673925 1886.6333636135378 83.44027950008831 815.3863157949907 91 090_0.jpg

92 0.26754114691045056 0.30218277602492555 -0.6452448591277405 0.6486650725551151 1886.8969409062422 77.37596156309165 814.0551136735044 92 091_0.jpg

93 0.2683785894240946 0.3014921708847587 -0.64642177981888 0.6474675947178515 1887.349038377176 69.33444873055417 811.7424733944439 93 092_0.jpg

94 0.26862658321388777 0.29973464464635785 -0.6469006059945323 0.6477024838252983 1885.596257076097 64.78953257519228 814.8485571956143 94 093_0.jpg

95 0.2704398465471393 0.2985059639565649 -0.6466746228873045 0.647741006109297 1886.5062608046676 59.378579542006484 811.817347310082 95 094_0.jpg

96 0.27036901238863004 0.29850701601654295 -0.6466303919967635 0.6478142439581025 1886.4001850813172 59.77681931921225 811.3645196786599 96 095_0.jpg

97 0.2700234755543872 0.299209753599866 -0.6468891269721447 0.6473757049854846 1886.802518365258 60.40781659222445 809.0438285810403 97 096_0.jpg

98 0.26930424912241485 0.3000016250215346 -0.6467969790176514 0.6474008915059436 1886.767117910591 63.67578864669966 807.5634912556145 98 097_0.jpg

99 0.2675526050344538 0.3011797289511199 -0.6447416441030871 0.6496264978951026 1885.523139360736 78.5615484738092 807.1688314084713 99 098_0.jpg

100 0.2675526050344538 0.3011797289511199 -0.6447416441030871 0.6496264978951026 1885.523139360736 78.5615484738092 807.1688314084713 100 099_0.jpg

101 0.26755156577359673 0.301150109862502 -0.645063053726852 0.6493215133495026 1885.5013374229904 77.20082505732086 805.3391210178124 101 100_0.jpg

102 0.2688635030750268 0.3006924160800211 -0.644174711655283 0.6498733942007611 1886.600810469029 76.79075569566535 801.472344866703 102 101_0.jpg

103 0.2689073831656925 0.2997026601352123 -0.6437124304109375 0.6507698838462799 1885.4027053855768 77.58395066438104 802.8533221900008 103 102_0.jpg

104 0.26884090834994023 0.29983001008898447 -0.6434692020069565 0.6509791986816087 1885.4254922315267 78.93249698392746 801.99905259174 104 103_0.jpg

105 0.2697788107056763 0.29960498201961056 -0.6432989218327196 0.6508630771614872 1886.3903733976085 76.77375983114155 798.6071679571014 105 104_0.jpg

106 0.2703252610070293 0.2989922483037124 -0.6432253623258583 0.6509908002241974 1886.3715016585188 74.90454989877324 796.8049512588098 106 105_0.jpg

107 0.27086249345308583 0.2988682658956109 -0.6437673403656141 0.6502883058763328 1886.9869468554257 70.99074672210418 794.3288234256913 107 106_0.jpg

108 0.2702636074108223 0.2984867272522938 -0.6444359617369377 0.6500504191089271 1885.7998850707013 69.48917802293259 795.8730343402859 108 107_0.jpg

109 0.271240456983259 0.2995590392689057 -0.6440776832601925 0.6495051457948476 1888.316415172325 69.36868567302295 789.2279271055596 109 108_0.jpg

110 0.27104383281102473 0.29959927892365407 -0.6438114390542612 0.6498325505131434 1888.0631916634798 71.09338855207247 788.3047571899558 110 109_0.jpg

111 0.26945826796236044 0.29991021475131063 -0.643206361778496 0.6509467574865229 1886.2283431617423 78.44925137165454 789.8744071025606 111 110_0.jpg

112 0.2690735381720454 0.3009825229625595 -0.6428529176081539 0.6509601203217854 1886.9047975970068 82.15822773704248 786.4679827731605 112 111_0.jpg

113 0.2683062135702315 0.301454031731192 -0.6422225249102658 0.6516804976447412 1886.3252487556697 87.45553526386317 785.9095644806249 113 112_0.jpg

114 0.2685885186790373 0.3013775631059521 -0.6418452716614844 0.6519711798353617 1886.5537989851503 88.15031157560117 784.584441730198 114 113_0.jpg

115 0.2688663239741591 0.3002495648311348 -0.6420550998073042 0.6521704895675435 1885.6308049160223 85.30032524546039 785.6607676906134 115 114_0.jpg

116 0.2696608048968549 0.29982060476214656 -0.6432353869994244 0.6508754813127791 1886.3176506625184 77.7080202264961 782.634101358041 116 115_0.jpg

117 0.2717471349812291 0.3003812581210716 -0.6425281724817465 0.6504476473678438 1889.5956989594779 75.34430899737808 773.5008185496275 117 116_0.jpg

118 0.2718483793984422 0.30066625244308104 -0.6418273960290322 0.6509653270081796 1889.95371399015 78.2693768950083 770.9118725197234 118 117_0.jpg

119 0.2719671285898216 0.3013112238175564 -0.6415889669612561 0.6508525369404057 1890.8019808346917 79.61254107754421 767.977994522294 119 118_0.jpg

120 0.2717675152257331 0.3029703741343909 -0.6415508059823801 0.6502029940013015 1892.3989719447475 82.12848872185047 762.3413780744537 120 119_0.jpg

121 0.2717258931708067 0.3043156120525255 -0.6432651294890209 0.6478942972623676 1894.0568129526584 76.64889991727466 756.5581403350376 121 120_0.jpg

122 0.2736365468249686 0.30401143438381945 -0.6444504601748113 0.6460523913631722 1896.2814561493572 66.02370803014142 750.5116637619838 122 121_0.jpg

123 0.27740941490851406 0.30243966386218285 -0.6440389960931491 0.6455912311628577 1899.1821824312958 55.256413572477214 742.578534932263 123 122_0.jpg

124 0.2780944975678678 0.30072830951244095 -0.643627019152033 0.646506144207256 1898.0658616599276 53.127785030274076 744.8376430022191 124 123_0.jpg

125 0.27953301086871923 0.3007131911828383 -0.6412969933601879 0.6482060157006301 1899.5934196600383 58.54135164192216 739.0786078389041 125 124_0.jpg

126 0.2786308499140575 0.3021806744516403 -0.6424997243666002 0.6467192541226559 1900.2024234469516 57.8293561110334 735.3680282957126 126 125_0.jpg

127 0.2784337312377318 0.3032584448156358 -0.6425733666768061 0.6462263081882935 1901.1386823993569 59.28711264966354 731.3734629209979 127 126_0.jpg

128 0.2785884032550873 0.3034143072211889 -0.6421511731537941 0.6465060947605001 1901.4362341015103 60.75129523057745 728.9989573257991 128 127_0.jpg

129 0.28097403915352404 0.30368963575160973 -0.6411022442390558 0.646385416675264 1904.496035475889 58.46402827966991 718.9564935817001 129 128_0.jpg

130 0.2823638734154724 0.30286076780551713 -0.6408459997759983 0.6464227741077543 1905.221915308715 54.57566743434107 715.8371304566978 130 129_0.jpg

131 0.2839550526616784 0.3038818326279015 -0.6404956278332226 0.6455933012300682 1908.1667782277862 52.50444312165861 707.4087209378945 131 130_0.jpg

132 0.28448213009513834 0.30584825065608473 -0.6409228479110535 0.6440067299747186 1910.8932224496514 51.42600897443115 698.6162845304113 132 131_0.jpg

133 0.2837875976958589 0.3089121461629988 -0.6413538759977537 0.6424197156763181 1913.3103555709583 55.12888417246658 689.4568286768033 133 132_0.jpg

134 0.2819465701355539 0.3094552068704039 -0.6408420227258995 0.6434789106397898 1911.6492050434038 63.15287263570002 691.8381754453399 134 133_0.jpg

135 0.2822404501440939 0.3110230866354516 -0.6386629518703835 0.6447593363344369 1913.3298634769565 72.83095719904483 684.696413232609 135 134_0.jpg

136 0.28288264223172865 0.3114545190210053 -0.637364447395367 0.6455540678376895 1914.354417712851 76.65799829460157 680.6593606926316 136 135_0.jpg

137 0.28401193619350285 0.3110976148373732 -0.6366255708435316 0.6459592686000122 1915.203052108655 75.93890200675142 676.8024145374969 137 136_0.jpg

138 0.28518748270441857 0.3114608157558068 -0.6372384592212255 0.644660690632524 1916.9793744429637 70.48091318615081 670.803991982935 138 137_0.jpg

139 0.2870122366203851 0.31283549619839757 -0.638091456105398 0.6423373116935988 1920.4874653602674 63.311056931003634 659.1177910162995 139 138_0.jpg

140 0.2870122366203851 0.31283549619839757 -0.638091456105398 0.6423373116935988 1920.4874653602674 63.311056931003634 659.1177910162995 140 139_0.jpg

141 0.2876784690702386 0.31351916920921746 -0.6371082368720477 0.6426818213405112 1921.759708317013 66.05986356964023 652.7616664207679 141 140_0.jpg

142 0.2902655253246218 0.31039873636526055 -0.6357744153542215 0.6443519551082842 1921.4227970011543 60.240694853470515 652.7164888274176 142 141_0.jpg

143 0.29379045557920275 0.30989616246456475 -0.6345819336208286 0.6441717986859956 1924.6721838842218 53.955773537925516 642.1060059652609 143 142_0.jpg

144 0.2938739304730553 0.30985054493106423 -0.6353328551154238 0.6434150417927172 1924.7604104116956 50.69426061563081 641.3039778554244 144 143_0.jpg

145 0.2927989662340438 0.3117627977809205 -0.6375659985313048 0.6407669785568451 1925.6020804566629 47.232060148881104 637.4432494117638 145 144_0.jpg

146 0.2927245750403828 0.3140370451952858 -0.6358906571406049 0.641354917010645 1927.5186528007844 56.65602195538582 628.5126400169986 146 145_0.jpg

147 0.29257613108590586 0.3140746225829464 -0.6342232620151044 0.6430530249420362 1927.214540599474 63.688122830850396 627.2547613087696 147 146_0.jpg

148 0.2941490406323941 0.31418426435629554 -0.6345276188357275 0.6419807558335353 1928.998424116835 57.962154130734085 620.7475960777165 148 147_0.jpg

149 0.2950720074956339 0.31371314013749546 -0.6350629334126733 0.6412578628779996 1929.5643712516114 52.590315631605286 618.7020768072941 149 148_0.jpg

150 0.29757475813322665 0.31343880484170655 -0.6346080993062921 0.6406855228863919 1931.8543624226372 46.60187489190116 610.4783535615087 150 149_0.jpg

151 0.29861567469549355 0.3130036873595145 -0.6360533106871903 0.6389785258436838 1932.5782828354145 37.355505322401456 606.5125380634411 151 150_0.jpg

152 0.29867699220380406 0.3149638474202966 -0.6360384615078999 0.6380007089564688 1934.432256846026 39.498307811412644 598.9322458344578 152 151_0.jpg

153 0.2980265064159741 0.315468105283759 -0.6359765396836344 0.6381174789912865 1934.2209309522323 42.27596195970881 597.8966590567125 153 152_0.jpg

154 0.29823129323619985 0.31591016563794416 -0.6357101626193666 0.6380685324663244 1934.7971516022506 43.21817546041591 595.185021195652 154 153_0.jpg

155 0.2975224356548298 0.31612164988325775 -0.6359341766816706 0.6380714894784992 1934.272360814672 44.7186103436489 595.2215677110644 155 154_0.jpg

156 0.2976827142952903 0.3162975653797284 -0.6356040982685364 0.6382384209751758 1934.5405238983917 45.744660747221225 591.9730670784971 156 155_0.jpg

157 0.298207688555353 0.31627037211038056 -0.635349818072948 0.6382600057079457 1934.996793338538 45.14306784349296 588.949963282094 157 156_0.jpg

158 0.29909918714466877 0.31626146306408026 -0.6355758913345163 0.63762187037797 1935.868219125442 41.60427930326758 584.7792801103099 158 157_0.jpg

159 0.2991006540824724 0.31577098773093126 -0.6357906602265397 0.6376501536136957 1935.4406856329945 40.20249400767897 585.5264297229895 159 158_0.jpg

160 0.3004407586709727 0.3155877464017007 -0.6355964104680732 0.6373044232157868 1936.5604381702433 36.737433386550606 580.529509830007 160 159_0.jpg

161 0.3014349293540387 0.3152317286502704 -0.6354084494818868 0.6371985898795699 1937.174033636234 34.07677121725983 576.3555985326747 161 160_0.jpg

162 0.30151986124580166 0.31538308304751916 -0.6360316781290506 0.6364613017443386 1937.4045180640114 31.60692636918773 574.1884596097105 162 161_0.jpg

163 -0.30132302449923287 -0.316540393990518 0.6366387315002586 -0.6353721267357453 1938.2529894064028 31.23444677184438 569.8091183664591 163 162_0.jpg

164 -0.3010756996749196 -0.31632711488859805 0.6368711970860027 -0.6353626191189998 1937.829415484034 30.836982771517743 570.478687972164 164 163_0.jpg

165 0.30272398261837385 0.3162033298566581 -0.635292435414809 0.6362210040858071 1939.1675000366465 31.822316828706974 564.3264482546283 165 164_0.jpg

166 0.3050176869365217 0.315265140308544 -0.633884885992646 0.6369945472860961 1940.392952683415 29.19117194375662 557.9266185711476 166 165_0.jpg

167 0.3061661799569194 0.3138762440378463 -0.6342175323272466 0.6367983160844722 1940.237875412695 22.801709569088725 557.186778800504 167 166_0.jpg

168 0.3082360841290042 0.3117683344295449 -0.6343148278094647 0.636738346033042 1940.2685680622847 13.64376396815638 555.8325053666567 168 167_0.jpg

169 -0.30909139420535775 -0.31199777443944443 0.6356618157509328 -0.6348653044301987 1941.2285118445332 6.173309992056632 550.3495504753676 169 168_0.jpg

170 -0.3080404487691963 -0.3120053147558228 0.6369798498636772 -0.634050815277324 1940.3113511077368 4.351999852263711 552.0514188074435 170 169_0.jpg

171 -0.30817041631547815 -0.31202770148826614 0.6373834702994096 -0.6335708482884735 1940.4398240489797 2.4459066159101837 550.8385809370153 171 170_0.jpg

172 -0.30838713453692107 -0.3127619475363144 0.6372039393105153 -0.6332838851199041 1941.248340623175 3.364004746157483 546.4518512243162 172 171_0.jpg

173 -0.30702776369356033 -0.31201163608171484 0.6375575899144538 -0.6339582090433218 1939.3809871885942 5.257054939494524 550.6977864575139 173 172_0.jpg

174 -0.3051353799222761 -0.3137160120694472 0.6366122458541662 -0.6349799304855589 1939.1307780974644 16.647420318175033 549.82251583811 174 173_0.jpg

175 -0.3044945830547612 -0.3160039516565442 0.6365243517048388 -0.6342407280477107 1940.4943308416596 21.680737214736666 543.3319212305729 175 174_0.jpg

176 -0.3036226857343143 -0.3165399646671798 0.6375184188941806 -0.6333924384192209 1940.2028460844235 21.183294621777055 543.6277501705837 176 175_0.jpg

177 -0.30276634328836177 -0.3171726798994681 0.637981431874706 -0.6330195297779391 1939.9782885541808 22.782287360829397 542.8471860776157 177 176_0.jpg

178 -0.3034325856803883 -0.3145522581781395 0.6365888994340675 -0.6354054736462927 1938.2762502599433 22.928242041065996 546.5468195367114 178 177_0.jpg

179 0.3044623286670899 0.313247990502491 -0.6351572793702899 0.6369879255776327 1938.0260329674356 23.6779959292622 545.8646711032341 179 178_0.jpg

180 0.30459986260866273 0.3123859611656145 -0.6350099113196526 0.6374922332791403 1937.401059895927 22.78259426669851 546.5711108482074 180 179_0.jpg

181 0.30508151896342717 0.3126015213735918 -0.6355196161155252 0.6366477622314078 1938.020502929566 19.661851919815984 543.7103141842923 181 180_0.jpg

182 -0.3043934970166793 -0.3125025620779074 0.6369726695396527 -0.6355726283661284 1937.3510183008677 16.13376903642831 544.6283847263347 182 181_0.jpg

183 -0.30249001340956766 -0.31238450216968977 0.6370774043840228 -0.6364338892728695 1935.5448438622116 21.342147960698835 549.3001609813474 183 182_0.jpg

184 -0.3019679236400676 -0.31209732492427056 0.6384747386308388 -0.6354216245910291 1934.8600622324104 17.289229129449954 549.5315261096257 184 183_0.jpg

185 -0.3019679236400676 -0.31209732492427056 0.6384747386308388 -0.6354216245910291 1934.8600622324104 17.289229129449954 549.5315261096257 185 184_0.jpg

186 -0.3013809453202851 -0.3104711607280565 0.640691774830158 -0.6342643248827786 1932.9742099016344 8.678214638831307 553.9620443697613 186 185_0.jpg

187 -0.3005051599603074 -0.30841603581619076 0.6413216884999866 -0.6350454232164675 1930.3954268382058 6.412475948412579 561.3442701767177 187 186_0.jpg

188 -0.300032895315466 -0.30810008641491193 0.6421321221548754 -0.6346029752346095 1929.6949073163885 4.3731623094342735 562.2281823668978 188 187_0.jpg

189 -0.29956902611403435 -0.3077900345111293 0.6424902209213513 -0.6346101238312858 1929.005649035824 4.026521355732684 563.8154797394988 189 188_0.jpg

190 -0.2994600835032286 -0.30663833549773895 0.6420544662474366 -0.6356592262864866 1927.8638532362054 4.6197908711883535 566.124514027113 190 189_0.jpg

191 -0.29957891250923896 -0.30517113669447216 0.6425991170760469 -0.6357589379957396 1926.6491419657873 0.41694080270992884 567.9115667129308 191 190_0.jpg

192 -0.2983983282889083 -0.3036899354674356 0.6441907009143315 -0.635412623124275 1924.2576426017129 -3.9266289577186426 574.3737143089534 192 191_0.jpg

193 -0.2971374920560876 -0.3016148631543845 0.6449061984135603 -0.636265495203653 1921.2122780332597 -5.437518823453758 582.8691825428364 193 192_0.jpg

194 -0.2969813455209104 -0.3017371445882284 0.6445428744596389 -0.6366484579197835 1921.1732046012214 -3.4231728949518048 582.2359057672128 194 193_0.jpg

195 -0.2954801363158732 -0.30127723170351656 0.6442294160103291 -0.6378808495689526 1919.3586246371913 1.6905158656953398 586.6401505901581 195 194_0.jpg

196 -0.2933149665333503 -0.3007699453306827 0.643967826045276 -0.6393818963748026 1916.8481945891428 8.510127872614365 592.4116843272978 196 195_0.jpg

197 -0.2919693591404634 -0.300947710689674 0.6448106001252287 -0.6390646749116194 1915.7474061676007 9.507332246438672 594.3778109041684 197 196_0.jpg

198 -0.2905861208592772 -0.30008608109024915 0.6459960086642941 -0.638903128095062 1913.6471962245694 8.009872478477005 599.5366290802698 198 197_0.jpg

199 -0.2902653467786177 -0.29949321547339475 0.6463687691923528 -0.6389501205553205 1912.7858271708574 6.80527964187006 601.4904420118035 199 198_0.jpg

200 -0.28930424158910684 -0.2984369241976162 0.6480417314229721 -0.6381852179487822 1910.8919862617402 1.9326435269260998 605.9243824189818 200 199_0.jpg

201 -0.28892445792226795 -0.2978428220338647 0.6487718631059625 -0.6378929225342178 1909.9649672408734 -0.46591403775662327 607.2703370031768 201 200_0.jpg

202 0.32447458447158933 0.3267590532251325 -0.6231025961042637 0.6322087629063136 1993.8693229874582 25.62727555578953 659.1033220437339 202 000_1.jpg

203 0.3398507258944052 0.3411217876405788 -0.6159784102331987 0.6234645204280056 2022.5919194056917 19.760234043589406 562.9914926284534 203 001_1.jpg

204 0.36148832461134417 0.3627529068221298 -0.6057315705982902 0.6089546650961031 2056.5761195823447 10.731113131050009 418.604430227765 204 002_1.jpg

205 0.37719419956735456 0.3751626352604361 -0.5979411951135389 0.5995363709595778 2073.395945808401 0.06279688970607118 321.9394744777092 205 003_1.jpg

206 0.39172926071952086 0.38865138476061095 -0.589511162871145 0.5898939534103631 2085.792930342059 -4.802233365836659 223.46374573724137 206 004_1.jpg

207 0.39949873597713204 0.3950783249468671 -0.5846841941861259 0.5851993422576379 2090.3385841483387 -7.734488116963137 172.7943868332369 207 005_1.jpg

208 -0.41307058750289005 -0.40942270089179267 0.5757421956462 -0.5746883206460521 2095.7537958429025 -8.978135199722972 71.64587657825098 208 006_1.jpg

209 -0.43350812163967056 -0.42867077753631583 0.5617300447796375 -0.5592597158304194 2094.8600201624654 -14.424864090141257 -75.46705685965802 209 007_1.jpg

210 -0.44514129954377857 -0.4420842005640248 0.5516544125470901 -0.5496255017459325 2088.85858473207 -9.370379080081776 -170.19807211106558 210 008_1.jpg

211 -0.45724784403634133 -0.4543043342801107 0.5423781006496392 -0.5388487514266995 2078.6560877468296 -11.504023610344749 -263.5679516412987 211 009_1.jpg

212 -0.4615711418261441 -0.4601473500581666 0.5386363668024633 -0.5339357279912996 2073.0580283181725 -9.52015261285323 -302.9862518129728 212 010_1.jpg

213 -0.47204158958650094 -0.46944148672299646 0.531347771557389 -0.5238997746754134 2059.771724434133 -16.546411071247405 -380.2557901739668 213 011_1.jpg

214 -0.48610519118568135 -0.48350183018296233 0.5199910271598706 -0.5094477941705908 2035.3930222174874 -20.6858324168778 -491.5022594856904 214 012_1.jpg

215 -0.495177790864664 -0.49279672265186586 0.5115397853453261 -0.5002773166822864 2015.8299627049912 -20.697874181908308 -564.8725874041876 215 013_1.jpg

216 0.5046472014791595 0.5017063548646378 -0.502208115578973 0.49133384187770734 1993.199497092077 -21.143150485972182 -638.7959074200257 216 014_1.jpg

217 0.5087626965800461 0.5065579388956126 -0.4975600188856086 0.4868198852932995 1981.0300349019158 -18.793725969776176 -675.0453542361515 217 015_1.jpg

218 0.5166762913681446 0.51575762346183 -0.48865113330780197 0.4777653751540247 1955.5784132647314 -15.105501390383843 -744.5676756349551 218 016_1.jpg

219 0.5264299286280032 0.5277908733715045 -0.4774100156745366 0.46517523704954306 1918.6730591195344 -9.996311061919647 -833.7323352308042 219 017_1.jpg

220 0.5309987393404202 0.5346663029883568 -0.47094235619526126 0.45867807927663456 1897.1271477595446 -3.363078205101834 -880.8221909771796 220 018_1.jpg

221 0.5349083499946867 0.5393838772193859 -0.4652998874183765 0.4543502006934634 1879.7382843967105 0.7421324978120316 -916.4755582869757 221 019_1.jpg

222 0.5362236648089326 0.5418796119985018 -0.462827788730497 0.45235064427727867 1871.7466440341568 4.652634717858531 -932.2617727338181 222 020_1.jpg

223 0.5392044088212947 0.545238523138269 -0.4588094838360003 0.4488512180398092 1857.9519220652328 6.533305133460252 -958.6425108701812 223 021_1.jpg

224 0.5430132972258557 0.5477202785098096 -0.45469644848555585 0.44541014276693686 1843.4086019019242 3.9157862389969442 -985.107370839283 224 022_1.jpg

225 0.5442196245912326 0.5494865996923634 -0.4523989886229953 0.4440997996635362 1836.1463180458559 6.66210368716594 -997.7433271521353 225 023_1.jpg

226 0.5455063360613558 0.5505447956195079 -0.4503074032624441 0.4433356605329917 1830.1834200970638 7.590617179928683 -1007.8210798160404 226 024_1.jpg

227 0.5460301396812522 0.550982467950653 -0.44953879505246264 0.44292694466859883 1827.6428359922659 7.782552064926348 -1012.0110665734925 227 025_1.jpg

228 0.5470557496939455 0.5515220900105655 -0.4483713899205398 0.44217246370380875 1823.339189083955 6.952164364583287 -1018.9226655719112 228 026_1.jpg

229 0.5483411793946203 0.5519255681830001 -0.44829387014196853 0.44015079706746546 1818.2906423956638 2.464383405559928 -1026.6724652653143 229 027_1.jpg

230 0.5480997313167194 0.5530515137240406 -0.44827745115488304 0.4390535667594203 1815.4458146090924 5.081159646123279 -1030.848718072021 230 028_1.jpg

231 0.5469862009141842 0.5548121447871469 -0.4480708222066284 0.4384314294085557 1813.1252483569513 12.558761147805582 -1034.018995526177 231 029_1.jpg

232 0.5470555742917356 0.5549560432247539 -0.4472854538466101 0.43896436245086723 1812.2441944373847 14.20387317441624 -1035.1269970628725 232 030_1.jpg

233 0.5472960186740586 0.5548434791089809 -0.44607627927039384 0.44003606068826684 1811.1614047200649 15.712696317449874 -1036.1548739823197 233 031_1.jpg

234 0.5458361391887695 0.556626212245252 -0.4466268617967289 0.4390382845705003 1809.1057647309372 22.972317483692404 -1038.3048374350176 234 032_1.jpg

235 0.5476866025861534 0.555108984722375 -0.4475806151282542 0.43768138341668605 1807.510659659037 11.260906286469927 -1040.3481611230177 235 033_1.jpg

236 0.5480616585201324 0.5556487782940686 -0.44707903536450083 0.43703911698842035 1804.503580628082 11.61299247362036 -1044.6678426524827 236 034_1.jpg

237 0.546834232243736 0.5575172959566704 -0.4464404168463466 0.4368497926766435 1802.5174127704022 20.63536146096413 -1047.5251703543272 237 035_1.jpg

238 0.5462705059228632 0.5582641992536425 -0.4467927985872207 0.43624054525120365 1801.201206116581 23.234528117531855 -1048.8617056489536 238 036_1.jpg

239 0.5457052092460063 0.5586023975282657 -0.4496668329857945 0.4335538321707827 1800.3912939678178 19.814888890236986 -1048.9904340004136 239 037_1.jpg

240 0.5448991392570142 0.5602034199086975 -0.4491460724748292 0.43304140903613375 1797.5762810334145 26.516897444331565 -1052.7843181092749 240 038_1.jpg

241 0.5460205736570912 0.5590070991283635 -0.44716787760656607 0.43521659608074714 1796.9617177056257 24.5569809064935 -1052.9804695949006 241 039_1.jpg

242 0.5467097318462248 0.5585435340933861 -0.4455188186562891 0.4366355137299347 1796.018120208578 24.650562037412904 -1054.141561924913 242 040_1.jpg

243 0.5470069912387013 0.5586728671224758 -0.44347426305380316 0.43817639950825965 1794.0974313261709 27.99885376059595 -1056.435409993942 243 041_1.jpg

244 0.5473403558802886 0.5583152126597626 -0.444027170014818 0.43765572134516345 1793.2797974619866 24.974795209860805 -1056.9819106854895 244 042_1.jpg

245 0.5481549649925266 0.5582532446928871 -0.4448368339952715 0.435889481709491 1790.1313142959557 19.902107093660092 -1061.0427575458737 245 043_1.jpg

246 0.5489125768500204 0.5573210384708607 -0.44518640520830616 0.4357720822532551 1789.6513386105426 14.772224010555357 -1060.9993198558932 246 044_1.jpg

247 0.5489125768500204 0.5573210384708607 -0.44518640520830616 0.4357720822532551 1789.6513386105426 14.772224010555357 -1060.9993198558932 247 045_1.jpg

248 0.5477702464472055 0.5579197559931091 -0.4455175835044677 0.4361047876005225 1789.546035884329 19.559659025705564 -1059.7123476354757 248 046_1.jpg

249 0.548393394298605 0.5578689019286276 -0.444113956952419 0.4368177727504535 1787.2404304160623 19.951630834007837 -1062.6500210089669 249 047_1.jpg

250 0.5480312795287112 0.5575975532552515 -0.44399402654614 0.4377396368313315 1787.349970574119 21.281661885350296 -1061.0241638077882 250 048_1.jpg

251 0.5480664726673719 0.557337994418829 -0.44454817561303334 0.4374636225725127 1786.9473024604622 19.608962977876516 -1060.7842587528971 251 049_1.jpg

252 0.5481868864037873 0.5571374091867528 -0.4448361756209966 0.437275452910954 1786.6729096503673 18.233575295949393 -1060.7957886657553 252 050_1.jpg

253 0.547680519553452 0.5572543092234208 -0.4452435099702929 0.43734643039920057 1786.6558159495764 19.593895595097706 -1059.8613052693574 253 051_1.jpg

254 0.5466559913154864 0.5579943204321868 -0.4458234963558075 0.4370937835538139 1785.8684172416686 23.5837469256526 -1059.6895197219915 254 052_1.jpg

255 0.5451975096799598 0.5594980741758205 -0.44649075964481655 0.43631133607105943 1784.7198377385132 30.23246957566197 -1060.5116548874778 255 053_1.jpg

256 0.543576598598053 0.561345477037257 -0.4465514945919957 0.43589849683617926 1783.0801458997857 39.2968886155811 -1062.0327110924063 256 054_1.jpg

257 0.5428147604387532 0.5623980662044642 -0.44627970858950405 0.4357694031027941 1781.8008276174373 44.45300547734124 -1063.5022870650764 257 055_1.jpg

258 0.5407239880301716 0.5632762955091384 -0.447128544565431 0.4363638943829425 1783.556147170337 52.2901526972504 -1059.2111552756564 258 056_1.jpg

259 0.5381401164256558 0.5652058823362407 -0.4488876371564345 0.4352555742021077 1783.335244327708 61.698644612127154 -1057.5513768988958 259 057_1.jpg

260 0.5371634469137353 0.5657099698870645 -0.4489699360809805 0.43572199596253053 1783.3221022726696 66.1442223907024 -1056.2831318822994 260 058_1.jpg

261 0.5357358093670505 0.5677016397107704 -0.44743408743407215 0.43646847335583483 1780.5904937947948 77.9406937334309 -1059.0951050598678 261 059_1.jpg

262 0.5354514248292946 0.5676052484535012 -0.44724111891760593 0.43714006351013535 1780.9409714633598 79.32741058122072 -1057.8887518212878 262 060_1.jpg

263 0.535544187901686 0.5679160910847031 -0.4465794883937696 0.4372990931133446 1778.9145353983756 80.80980099216619 -1060.1847857456326 263 061_1.jpg

264 0.5357434234720334 0.5674091654378818 -0.4470626313517222 0.43721942641244366 1778.237518374692 78.29245033577295 -1060.0106965338136 264 062_1.jpg

265 0.5361145009822751 0.5674140038780618 -0.44622924989941604 0.437609468103465 1776.306665324382 78.57744659130249 -1062.2257911228303 265 063_1.jpg

266 0.5362955266072216 0.5669524687284394 -0.44493189724940935 0.4393035546792806 1775.8929157913205 79.86543195828541 -1061.8077708650208 266 064_1.jpg

267 0.5361687976719389 0.5669549624695193 -0.4449047080658995 0.4394825271555289 1775.6589839982519 80.42685165344788 -1061.654124028606 267 065_1.jpg

268 0.5362024427918134 0.567107928594432 -0.44563271649551 0.43850543857318003 1774.2690212281236 79.03128932890885 -1063.0917200410438 268 066_1.jpg

269 0.536488696704266 0.5669988288010441 -0.44547407639687947 0.43845758484162384 1772.3558442471885 78.08217463510945 -1064.8598786856837 269 067_1.jpg

270 0.5361216884865471 0.5666333571037512 -0.4453497268060939 0.4395040325018691 1773.047661892295 79.24335818567253 -1062.6180825799545 270 068_1.jpg

271 0.5364286814885669 0.5675605508318343 -0.4463432634145269 0.436917591795493 1769.128322119655 77.39722004514608 -1068.27143731398 271 069_1.jpg

272 0.5359679877230545 0.5680723675368728 -0.44734289366263313 0.4357940303247553 1768.4804831849565 77.93075022525002 -1068.8168485280728 272 070_1.jpg

273 0.5356009958028346 0.5674863326374935 -0.44676697830569656 0.4375958211183663 1768.6587940129723 79.69325478694597 -1066.39452796225 273 071_1.jpg

274 0.5351987545516828 0.5677186598220759 -0.446251852004988 0.43831164825757474 1768.4372730143687 82.67032330287438 -1066.040646092286 274 072_1.jpg

275 0.534678344395854 0.5684550649092082 -0.44599243287971163 0.43825638275695705 1766.7190850540212 86.34524799522833 -1067.5846436926186 275 073_1.jpg

276 0.5349092571215878 0.5689927636986302 -0.4457178211573539 0.43755564835454586 1763.8002482285583 86.8170948370936 -1071.3689430625545 276 074_1.jpg

277 0.5349314252317193 0.5692760655450617 -0.44541951162628846 0.4374638158290292 1762.499832154153 87.76472608483473 -1072.9407252527994 277 075_1.jpg

278 0.5352339416458977 0.5685585551520118 -0.4455895971763568 0.43785352340921563 1762.565430337825 85.17037674512855 -1072.0346002459908 278 076_1.jpg

279 0.537214464643571 0.566352003388614 -0.4444673760577309 0.43942551001936647 1761.872133066173 76.37935740259319 -1072.337413583458 279 077_1.jpg

280 0.5382102421382138 0.5649316920844618 -0.44278312449956464 0.44172958152529807 1761.9279300944072 73.72096135014156 -1071.4461508937427 280 078_1.jpg

281 0.5390029408790307 0.5640459867292172 -0.44269660898983454 0.44198152333250473 1761.2629354581645 69.45275487942257 -1071.8242194326697 281 079_1.jpg

282 0.5390790944510608 0.5636552603475105 -0.4437965462507594 0.44128347232170606 1761.626917224824 66.37027505858863 -1070.9164416612389 282 080_1.jpg

283 0.5387132881865541 0.5641483285097533 -0.44497212888796184 0.43991415194762434 1760.307326386112 66.19894382084844 -1072.1066692637114 283 081_1.jpg

284 0.5383463812904369 0.5647826178242588 -0.4459549980822238 0.43855205852960344 1758.1029292845099 66.63964831321826 -1074.2188390588053 284 082_1.jpg

285 0.5375324377785612 0.565779091835687 -0.4467151592103585 0.43749110174846584 1756.5217338480454 69.82158485340854 -1075.6273782923558 285 083_1.jpg

286 0.536422272786412 0.5669440835080927 -0.44696620092941475 0.43708896881590975 1755.1541874719899 75.42997987952779 -1076.5039600494044 286 084_1.jpg

287 0.5361307306280323 0.5673978485969704 -0.44681662691025753 0.4370107813319046 1754.1622189934578 77.56070344755037 -1077.4836826555838 287 085_1.jpg

288 0.5351714755696483 0.5682344176985155 -0.4468926278583092 0.4370218729598431 1753.2349343501871 82.42444974433113 -1077.6566064837693 288 086_1.jpg

289 0.5339064181145218 0.569252143654897 -0.44728402899196995 0.43684428695948013 1752.0406048097218 88.12532712203117 -1077.6880462057195 289 087_1.jpg

290 0.53397082616924 0.5679590564037494 -0.4476389827256401 0.4380833347588745 1754.089425926702 85.20305777795286 -1073.583715467245 290 088_1.jpg

291 0.5349570172642603 0.5668329269937246 -0.44700997962001215 0.43898006865411215 1753.5404725861379 80.92013744212576 -1073.8127663136477 291 089_1.jpg

292 0.5349970310639847 0.566614068143229 -0.44705848782112156 0.4391644145442503 1753.471787201397 80.3389356055808 -1073.4716797907117 292 090_1.jpg

293 0.5359265835688335 0.5657840386973861 -0.44751081381376867 0.43864016015323 1752.388563271122 74.57983137845594 -1074.6555966459582 293 091_1.jpg

294 0.5371366039928932 0.5645775401215261 -0.44829871645206404 0.4379095005463351 1751.0477293318013 66.49751051999219 -1075.8651683182923 294 092_1.jpg

295 0.5376013575198922 0.5632597196057612 -0.44855743462084374 0.43877043714085345 1752.182024721431 62.16901129623259 -1073.2669138301655 295 093_1.jpg

296 0.5391281549054234 0.5619985567973161 -0.44761947983261885 0.43947156451855146 1750.6372827584148 56.16593873017335 -1075.1055997690335 296 094_1.jpg

297 0.5391353578515417 0.5620124506611714 -0.4475087825450433 0.4395576876374334 1750.041636929682 56.38308118630223 -1075.5577440860632 297 095_1.jpg

298 0.5389246294888784 0.5623270991333374 -0.4479347801535873 0.43897939591661744 1748.7019241560888 56.86108447570643 -1076.701581226487 298 096_1.jpg

299 0.5379172937099187 0.5635553786800529 -0.4478020650941786 0.4387751483231112 1746.4115529932037 62.942844157313885 -1078.6027253371415 299 097_1.jpg

300 0.5358943766502201 0.5652026099035122 -0.4470950697849428 0.43985136740372577 1745.8624450921982 74.70553077256965 -1077.7435939709937 300 098_1.jpg

301 0.5358648743084237 0.5647988767119895 -0.4476892549545933 0.4398015419999036 1745.901169075562 73.04387103348388 -1076.7823726222402 301 099_1.jpg

302 0.535867710256439 0.5650292234542155 -0.4474922198691551 0.4397027256042689 1744.7765611734005 73.77940172276675 -1078.0576280261698 302 100_1.jpg

303 0.5365255668453286 0.5650183207113454 -0.44614365274427037 0.44028451539638574 1742.1170216279506 73.8532322543049 -1081.3635863430989 303 101_1.jpg

304 0.5364729697778782 0.5643992205742776 -0.44565587558331304 0.44163459224897966 1742.6463166773835 74.04618306388318 -1079.4855172222885 304 102_1.jpg

305 0.5363155572712902 0.5646389506979159 -0.44543068960236043 0.44174651005288934 1741.850666254666 75.46204024612464 -1080.1739332212978 305 103_1.jpg

306 0.5369541034057027 0.5644230956062142 -0.44491365947299355 0.4417676941520568 1739.805739698201 73.66088649129048 -1082.6053993841692 306 104_1.jpg

307 0.5374645273940607 0.5639352877938695 -0.4445227275223357 0.44216333824733567 1738.1819556384448 71.68551492171657 -1083.8552381528148 307 105_1.jpg

308 0.5381526576490113 0.5634874805158793 -0.44475740301923855 0.44166098857240615 1736.6397956150263 67.88433969708393 -1085.5628621805868 308 106_1.jpg

309 0.5380315088981428 0.563064997880829 -0.4455574234245454 0.44154103549447155 1736.9167877575837 66.1657750146016 -1084.197125434351 309 107_1.jpg

310 0.5386003772389923 0.5636340195823829 -0.44498237653638534 0.4407005901737047 1733.5850716055638 65.96140285801516 -1089.0405652090612 310 108_1.jpg

311 0.538437728340132 0.5638608954376444 -0.4447592426690086 0.4408343445747687 1732.2664631116638 67.37243780205391 -1090.0581439413409 311 109_1.jpg

312 0.5366998362239518 0.5645890061801553 -0.4449962218396191 0.44178150985091325 1732.7729999537053 74.75563428453444 -1087.2321626928137 312 110_1.jpg

313 0.536314813074255 0.5656108819747527 -0.44473896230588483 0.4412006424246843 1729.9381123018752 78.32685248398869 -1090.4696969165 313 111_1.jpg

314 0.5352585779928418 0.5663680894376597 -0.4446405913290548 0.4416108994288572 1729.3364505042357 83.75522376535737 -1090.0243111062452 314 112_1.jpg

315 0.5352928834902921 0.5665105839644452 -0.44415787780980287 0.441872228953579 1728.286075175414 84.75838713678729 -1091.1106337887907 315 113_1.jpg

316 0.5356358172089188 0.5656311475566324 -0.4441185488032348 0.4426221761791986 1728.5471762605391 82.13568249770435 -1089.852420679404 316 114_1.jpg

317 0.5368124975879478 0.5646592105661719 -0.44485450063107645 0.4416976246533963 1726.6285361461883 74.71178504250027 -1091.8679984661667 317 115_1.jpg

318 0.5383586515551194 0.5648260622561101 -0.44341878353724573 0.44104564854259665 1721.3487064796084 71.73459911793411 -1099.3688408427222 318 116_1.jpg

319 0.5382419922043686 0.5653486077953305 -0.44258900704873344 0.44135187813282295 1719.072850129413 74.55022332167975 -1101.742900334371 319 117_1.jpg

320 0.5382055659934973 0.5658319610458673 -0.4423420733469197 0.4410243198960296 1717.334431473766 75.91187532416482 -1103.8606016267738 320 118_1.jpg

321 0.5379976158518328 0.5669918137918964 -0.44237604009579506 0.4397525299300534 1713.7208651110031 78.48752084263752 -1108.3002756097192 321 119_1.jpg

322 0.5386671835451927 0.5672068163005008 -0.44389347457370015 0.4371186064955682 1709.947886270991 73.49110203141218 -1112.9395664801932 322 120_1.jpg

323 0.5408446736353577 0.5662291642238559 -0.44409418674778384 0.43549044292549266 1706.0807568721898 63.25908598889647 -1118.4994667597668 323 121_1.jpg

324 0.5439514344590334 0.564620869084679 -0.44217659193670095 0.4356603868694813 1701.3897240149288 52.305985964125014 -1125.2329580038079 324 122_1.jpg

325 0.5445975591099509 0.56342298745269 -0.44144039906292115 0.4371480411674498 1702.2794310302238 49.238002809174276 -1123.533508210475 325 123_1.jpg

326 0.5446668752731295 0.564152153580612 -0.438700905604929 0.43887567489207896 1698.8684602702028 55.084038171654264 -1127.4633093185557 326 124_1.jpg

327 0.5446332090147203 0.5646431490049844 -0.4399588738094852 0.43702284983322376 1695.9941355532142 53.751887054708426 -1130.413211912167 327 125_1.jpg

328 0.5443240251957272 0.5653713479521314 -0.44034867025164404 0.4360729791183123 1693.708494210454 55.421265958987945 -1132.8119933399646 328 126_1.jpg

329 0.5443437966761455 0.5657667857130014 -0.43981884979976354 0.43607012574239823 1691.408423538158 56.938164132689806 -1135.2222671961285 329 127_1.jpg

330 0.545926622764603 0.5659317396335678 -0.4378569350373936 0.4358516870127017 1685.1450060590696 54.642147281125226 -1143.2238380979268 330 128_1.jpg

331 0.5469886583071863 0.5653099391858945 -0.4369081927810834 0.43627893763246506 1682.8769540071853 51.23668555022586 -1145.781037389507 331 129_1.jpg

332 0.5481513195842794 0.56559552965746 -0.43602818888032896 0.43532889425266796 1678.5490254625886 48.79688670722224 -1151.7801536163686 332 130_1.jpg

333 0.5489391685092232 0.5666229204995331 -0.4359994156752588 0.4330228224606821 1672.595360291367 47.53069804987738 -1159.5760663203043 333 131_1.jpg

334 0.5486631687959437 0.5685218553232775 -0.4367780045402285 0.4300890628421378 1666.4076936740755 50.395505040559556 -1167.0127968195097 334 132_1.jpg

335 0.5468731997866119 0.5696727130234475 -0.43707098738610767 0.43054808718305815 1666.7030280053743 58.60303937371476 -1165.3040291847144 335 133_1.jpg

336 0.5459936570908481 0.5714918249352154 -0.43527403643280277 0.4310736986366408 1662.6486907271242 68.03748705364188 -1169.6761702126037 336 134_1.jpg

337 0.5459795490913403 0.5723666553258113 -0.43376334379986736 0.4314534800192471 1659.5496529609975 72.11024542079849 -1173.3928648877838 337 135_1.jpg

338 0.546552514408719 0.5723458404141736 -0.4324097146267663 0.4321139047178402 1656.7879710185314 72.18720487339728 -1176.39572794068 338 136_1.jpg

339 0.5478861790637672 0.5720675631908815 -0.4323512663055931 0.4308501136818956 1652.8908206671374 66.77418464912358 -1181.3043812134194 339 137_1.jpg

340 0.5499298028896246 0.5721598529848783 -0.43228847713362833 0.4281786859053002 1645.4479025477822 59.31534156482434 -1190.766755785732 340 138_1.jpg

341 0.5493857376557636 0.5728184163308212 -0.4324836009387203 0.4277993783209136 1643.808340741918 62.163696980625666 -1192.0162454603317 341 139_1.jpg

342 0.5499765375616372 0.572960593811862 -0.43134857691829637 0.42799576079796897 1641.144094733374 62.04831348488769 -1195.258909349457 342 140_1.jpg

343 0.5516574907172613 0.5710697328755325 -0.428963177354177 0.43074814637234554 1640.5757500179832 56.408276268248116 -1195.4460961570414 343 141_1.jpg

344 0.5543235181047743 0.5704824924737429 -0.42602408155136334 0.43102046934595706 1633.66311964256 50.06142612930174 -1204.3413528619583 344 142_1.jpg

345 0.5547320426141699 0.5700231020541205 -0.4265571841514884 0.4305751881732872 1633.2852556062555 46.87516498981119 -1204.5543972558178 345 143_1.jpg

346 0.5548443416958762 0.5705311983143952 -0.4290082339873316 0.4273100085524333 1630.4552835513555 43.36709145400019 -1207.6719779234118 346 144_1.jpg

347 0.554149145142491 0.572591219784833 -0.42794658451408335 0.4265205045081586 1624.5527465694981 51.207556161861206 -1214.0774897615102 347 145_1.jpg

348 0.5531253970331194 0.5735999370326323 -0.42636937269943365 0.42807074814451584 1623.116601748819 59.2899126360092 -1214.8477301817884 348 146_1.jpg

349 0.5545152783937489 0.5732345234623569 -0.42588360278519216 0.427244829129028 1619.1285065623201 54.19124749567367 -1219.5989560460114 349 147_1.jpg

350 0.5555997687541068 0.5725311586642403 -0.4259554521515636 0.42670706825798277 1617.5903572050347 48.78571487074723 -1221.4775769221717 350 148_1.jpg

351 0.5576446097308472 0.5719818489092048 -0.42441772183647014 0.4263083991052481 1612.2096358702356 42.533344293277416 -1228.045951824498 351 149_1.jpg

352 0.5593766448514529 0.5708006709975632 -0.4249977652185974 0.42504265990916856 1609.0005460120108 33.063586356647434 -1231.399665717401 352 150_1.jpg

353 0.5593675895415513 0.5718594361564051 -0.42522996746055836 0.42339598465602596 1604.7311103653474 34.57660827876284 -1236.183194090273 353 151_1.jpg

354 0.558882846045551 0.5725292558109414 -0.4253362240332276 0.4230240089660993 1602.9241994110416 37.403003004964134 -1237.7060540970913 354 152_1.jpg

355 0.5588520490090088 0.5728374678468667 -0.4250809215452573 0.4229040469036177 1601.481153487319 38.44935994992161 -1239.167796370348 355 153_1.jpg

356 0.558374919674258 0.5730403938865649 -0.42555355295696545 0.4227840224261079 1601.031655739636 39.872153616360926 -1238.954512413121 356 154_1.jpg

357 0.5583714605944075 0.5732625325950399 -0.42525685497126975 0.4227859837037333 1598.5462188924828 40.73297237129622 -1241.0330741204364 357 155_1.jpg

358 0.5586027740405735 0.573341694037427 -0.4247555376954579 0.4228770222056429 1596.3958068863628 40.7709839958269 -1243.0516272044358 358 156_1.jpg

359 0.5595276050195911 0.5730270520331001 -0.4245326145128349 0.42230429322254337 1593.4358479309674 37.10101199637694 -1246.221171933135 359 157_1.jpg

360 0.5596263889045503 0.5726545782478705 -0.4247105822903985 0.4224996569749581 1593.6536834079238 35.80984551442057 -1245.6204830555207 360 158_1.jpg

361 0.5606528088852738 0.5722827185825636 -0.4240128463427341 0.4223434905821753 1590.5681249994552 32.3699827454022 -1248.946319660904 361 159_1.jpg

362 0.561646773947229 0.5719700847347214 -0.42318580050186805 0.4222758597609141 1586.76895227123 29.340005610989436 -1252.793341003082 362 160_1.jpg

363 0.5618897109148164 0.5716931863824612 -0.4237640053417873 0.42174746138965447 1585.6962523040852 27.086576749213698 -1253.496666479215 363 161_1.jpg

364 0.5620338423865852 0.5721480971740507 -0.4244442891418986 0.4202517820629824 1582.713911920863 26.356411181055453 -1256.5801900510853 364 162_1.jpg

365 0.5619054940609896 0.5720503313854806 -0.4247700249884914 0.42022739079825977 1582.7780634532944 26.18216307026807 -1256.1459674315727 365 163_1.jpg

366 0.5626415240401907 0.572268607847703 -0.4228189953172264 0.42091240549158787 1578.7099596139997 26.70814353463024 -1260.5540526299135 366 164_1.jpg

367 0.5640002558239038 0.5717971833472305 -0.42034035323863606 0.42221520577303184 1574.2279048794824 24.408147659647796 -1265.1702452792927 367 165_1.jpg

368 0.5649671334749528 0.5705840603494984 -0.4202533702980974 0.4226500596489551 1573.8031093359039 18.758395764388894 -1265.0999621297688 368 166_1.jpg

369 0.5670050100260926 0.5687037801925989 -0.4191850665725998 0.42351529956128375 1572.1710829291808 9.320956096357161 -1266.55244692522 369 167_1.jpg

370 0.5683142301055936 0.5679726310505172 -0.4199608313226193 0.4219702908877045 1568.6753270172128 2.00204208832596 -1269.9312190388366 370 168_1.jpg

371 0.5681328166292574 0.5676223079907402 -0.4215390015371303 0.42111149155924416 1569.0617428719843 -0.2077763487009575 -1268.7859135525568 371 169_1.jpg

372 0.5683603088576639 0.5673781488723681 -0.4219579665560244 0.420713762500457 1568.4977911974352 -2.0934753130706016 -1269.145144211923 372 170_1.jpg

373 0.5686668268160195 0.5678705520404088 -0.42162510008706716 0.41996827401708703 1564.8666906508954 -1.8672859949253604 -1272.9646386203997 373 171_1.jpg

374 0.567577086235294 0.5674992556115303 -0.42259971034596144 0.4209635742870422 1567.4527493743328 0.12989088443256355 -1268.7672494636154 374 172_1.jpg

375 0.5656663042351706 0.5692522375794641 -0.42265641687677746 0.42111171384393997 1566.6936242013319 10.314943205772563 -1268.9964855164533 375 173_1.jpg

376 0.5648348745827907 0.571299881026262 -0.4226765931432683 0.41943117194984675 1561.7747036911073 17.084853431235366 -1274.34219508646 376 174_1.jpg

377 0.5645466068270318 0.5712067930051296 -0.42402130819378764 0.4185879340622576 1562.31867126751 16.08166055905055 -1273.3593186545918 377 175_1.jpg

378 0.5638574532113569 0.5717237457833283 -0.4250804490106267 0.4177359726363133 1561.602314468633 18.078110159756672 -1273.5642027057684 378 176_1.jpg

379 0.5638590036209584 0.5704548987312492 -0.4235940542191111 0.4209659247246945 1563.5948728993542 17.869991412308863 -1270.1121789200463 379 177_1.jpg

380 0.5640769937450737 0.5701069913069885 -0.4217803654326025 0.422961566724394 1562.7384868839092 18.982827406800187 -1270.488437579856 380 178_1.jpg

381 0.5641798717290984 0.5694908749132738 -0.42144787077549556 0.42398456097486986 1563.0524274389777 17.94500677520854 -1269.4510188311085 381 179_1.jpg

382 0.5646956815748277 0.5693417063510741 -0.4216952280053782 0.4232516311811215 1561.3620184829226 15.420235694420649 -1271.227850358606 382 180_1.jpg

383 0.5649945308597262 0.5687176877516001 -0.4231978225583069 0.42219068525842557 1561.1420551928293 11.081380523304713 -1270.8650960760456 383 181_1.jpg

384 0.5633561420226127 0.5689802760928678 -0.42426999541277627 0.42294949303093415 1564.0105345147624 16.099370809092203 -1266.6126839477074 384 182_1.jpg

385 0.5634230556338937 0.5682424667308658 -0.4256930007013148 0.42242209759634675 1564.1986837809052 12.513896370438125 -1265.412519515186 385 183_1.jpg

386 0.5633208175009999 0.5667587182538242 -0.42818667769099206 0.4220312558344916 1567.6707223608328 6.663772078267211 -1260.4509422816318 386 184_1.jpg

387 0.5638402777519679 0.5663285395808981 -0.4281009949491432 0.42200197222797975 1566.793783340441 4.093774364211043 -1261.2114557636353 387 185_1.jpg

388 0.563435028349021 0.5648766231442002 -0.42895977588183853 0.4236140697969626 1571.0571319187518 1.7130005479142627 -1255.2013925657407 388 186_1.jpg

389 0.5634250932704814 0.5644271578009431 -0.42979929132112776 0.42337538543207137 1571.175025321536 -0.25421914139071883 -1254.3667533015778 389 187_1.jpg

390 0.5631572631673145 0.5641325276862157 -0.4304214350396321 0.42349235696371745 1572.2030711008474 -0.6894337643677777 -1252.7258169095483 390 188_1.jpg

391 0.5628541959885925 0.5635861014933167 -0.4301700916092186 0.42487592606138136 1573.4630563340443 -0.21124732726690745 -1250.4300782266278 391 189_1.jpg

392 0.5631478742870409 0.5624092237338308 -0.430426629048886 0.4257854550718116 1574.1713909123907 -3.797231905453757 -1248.4603355947834 392 190_1.jpg

393 0.5628786682594238 0.5609344928998513 -0.4323949465805128 0.4260923722214699 1577.9505503326782 -8.30549096908286 -1242.930233456687 393 191_1.jpg

394 0.5622132248442469 0.5594505266606399 -0.43362200680549234 0.4276720159694135 1582.8785381871055 -10.3302608109458 -1235.8810789086572 394 192_1.jpg

395 0.5618161745558067 0.5596199660645483 -0.4335011471518824 0.4280944230043121 1582.9289458241255 -8.383170548596217 -1235.4619898309122 395 193_1.jpg

396 0.5603755730245501 0.5597772130636837 -0.43387185376099513 0.42939946833462656 1585.389242512386 -3.3330804983600135 -1231.5843977737504 396 194_1.jpg

397 0.558306590965249 0.5600470544838766 -0.4345851640089011 0.43101830874343655 1588.6629273165358 3.728450359770238 -1226.2353722345547 397 195_1.jpg

398 0.5574878634974318 0.5601166856917684 -0.4358699729928438 0.43069008243278023 1589.5197971962048 5.007512614637306 -1224.358300291631 398 196_1.jpg

399 0.5567925816793325 0.5593211969484726 -0.4376147658771491 0.43085396170544843 1592.4491691362166 3.5771763864926642 -1219.7704273534216 399 197_1.jpg

400 0.5566443838380872 0.5588420894670336 -0.4380719381463625 0.4312024188131669 1593.576601135441 2.583403929414546 -1217.902051314269 400 198_1.jpg

401 0.5566283486628544 0.5575831284766004 -0.43988429441931254 0.43100782339342125 1595.8479681120048 -2.291052984573047 -1214.1305785592726 401 199_1.jpg

402 0.556515537925171 0.5568673910574667 -0.4409644894832914 0.4309750385340756 1596.8721372125374 -4.75367326452233 -1211.985821411507 402 200_1.jpg
