1 -0.4990685494191544 0.5039118843415672 -0.5027382057979177 0.4942243339123263 1.5389142447143203 -0.023633940839234095 2.115270572975589 1 000_0.jpg

2 -0.6473705643856412 0.6555426127014302 -0.2775132654708973 0.27232631673651797 1.4929301892603142 0.09192224912330303 2.1152105284507834 2 000_1.jpg

3 -0.4988993154894197 0.5040786266280516 -0.5026678214453071 0.4942967453508009 2.194657596048893 -0.021918390060842563 2.1149304638897 3 001_0.jpg

4 -0.6471866820220695 0.6557237303158827 -0.277510365442737 0.2723302869416596 2.148673636143615 0.0936378043353017 2.1148238425489594 4 001_1.jpg

5 -0.4973740739111969 0.5055693149957257 -0.5033208622298099 0.49364644025858506 2.851392297195056 -0.019029779762498613 2.1133761096005417 5 002_0.jpg

6 -0.6460179622944612 0.6568652532150039 -0.2786768342773966 0.2711605678354237 2.8054100355155556 0.0965270894448829 2.1132684535461435 6 002_1.jpg

7 -0.49771075873717163 0.5052311085353826 -0.5039400137218708 0.49302128775071974 3.497185137185017 -0.021158322724499346 2.109546864302874 7 003_0.jpg

8 -0.6465655901020105 0.6563218498372575 -0.27912646883838016 0.27070829598676116 3.451204297587628 0.09439907724146405 2.109687231769075 8 003_1.jpg

9 -0.4989452714660361 0.5041193240871088 -0.5034798235001772 0.4933815871025898 4.13461734057207 -0.026338049199449473 2.1075305862543043 9 004_0.jpg

10 -0.6475379222608397 0.6554241412487435 -0.27824502437984694 0.27146554239962056 4.088612538335832 0.08920976948217758 2.107703123562056 10 004_1.jpg

11 -0.4998175965384742 0.5032208259978539 -0.5030428427503346 0.49386138625144904 4.831845254708131 -0.027775333555902115 2.1068569622509616 11 005_0.jpg

12 -0.6481820571377586 0.654768621827219 -0.2775193916916159 0.27225183178495493 4.785849517144651 0.08777612701473027 2.107005575793665 12 005_1.jpg

13 -0.5004485647086881 0.5024194588513503 -0.5022709408042886 0.4948230223747728 5.461067104407979 -0.026987720770353458 2.1079621369479145 13 006_0.jpg

14 -0.6484743062123245 0.6543810726376448 -0.27657333030244824 0.2734477626923703 5.415113641122117 0.08858064972161898 2.10793125224106 14 006_1.jpg

15 -0.5011710562491862 0.5017160566580328 -0.500353154809783 0.4967446943264576 6.084302808094909 -0.024715407779125037 2.11334595970367 15 007_0.jpg

16 -0.6484176334162035 0.6544367612633591 -0.2745308125503694 0.2754994213106248 6.038349480497979 0.09085171043219663 2.1127956224438025 16 007_1.jpg

17 -0.5013393742641972 0.5015030562208197 -0.5000879369266886 0.4970569099750738 6.714229679872698 -0.023762707708203865 2.1191097292976604 17 008_0.jpg

18 -0.6484731136442723 0.6543545697649357 -0.2742234954688073 0.27586988317160993 6.668287630761329 0.0918085590985099 2.11849295369841 18 008_1.jpg

19 -0.5012667311031573 0.5015269275896456 -0.500064326467846 0.4971298367488164 7.348607861866391 -0.024193022040251103 2.12538828425931 19 009_0.jpg

20 -0.6483964685794766 0.6544037444086926 -0.27422869499356484 0.27592821834613523 7.302677113879373 0.09138261513445917 2.1247491590659457 20 009_1.jpg

21 0.5021310613634092 -0.5005784610956565 0.49890568044892214 -0.4983760864216484 7.981732222375338 -0.025196522150857475 2.1339445717869063 21 010_0.jpg

22 -0.6487591902381087 0.6539841993722793 -0.27283788233850864 0.27744489545499 7.935825114350116 0.09038677031759526 2.133044607947205 22 010_1.jpg

23 0.5021815950681792 -0.500341234357758 0.49928402003127476 -0.49818446595367044 8.623972292560602 -0.02683983381702829 2.1426504970018945 23 011_0.jpg

24 -0.6489488248313916 0.6536947657326163 -0.2731710379594021 0.2773556561960085 8.578108022783766 0.08876128257485576 2.141862685610994 24 011_1.jpg

25 0.5012407888901778 -0.5011244807412797 0.4997485353190916 -0.49787882843213743 9.272293154633768 -0.02727095574484897 2.1520543234880276 25 012_0.jpg

26 -0.6482506085420826 0.654308548641738 -0.27394866449349836 0.27677355531443104 9.226463125438132 0.08834376181995393 2.151269781368111 26 012_1.jpg

27 -0.50066413488537 0.5016451690168989 -0.5005190425924394 0.49716017181974514 9.925332376324672 -0.029443913252018478 2.158195408701495 27 013_0.jpg

28 -0.6480071675257105 0.6545266232359153 -0.274875019144543 0.2759081987926116 9.879512735218956 0.08617591362909732 2.157574022409193 28 013_1.jpg

29 -0.5000372719851166 0.5020711319514811 -0.5010013902510273 0.496875147349089 10.58274504660552 -0.03003406679003296 2.1634119666003833 29 014_0.jpg

30 -0.647607112867278 0.6548171946808075 -0.2755539163528972 0.2754805040227833 10.536970042862265 0.08560369639231702 2.1628403386726642 30 014_1.jpg

31 -0.4989269652454922 0.5029233494985126 -0.5016308452520712 0.49649419228407204 11.245906115666955 -0.030286140919467353 2.167830287634669 31 015_0.jpg

32 -0.6468136676988712 0.6554675393571991 -0.27654739197394457 0.2748016086549754 11.200187335311796 0.0853739828530853 2.1672835776983366 32 015_1.jpg

33 -0.4989951004286544 0.5029040266062752 -0.5005564388709766 0.4975285733263953 11.909079631641701 -0.028542632846134168 2.1710004497630275 33 016_0.jpg

34 -0.6464694815900479 0.6558301525432272 -0.2755267288397181 0.2757699078628893 11.863351225893732 0.08711162567408151 2.1701198852348704 34 016_1.jpg

35 -0.49937611560265255 0.5025736240998038 -0.49955056231134914 0.49849020373444686 12.505536712920643 -0.02712647388729307 2.1758731428090723 35 017_0.jpg

36 -0.6464418934562465 0.6558778049948004 -0.27445438320523347 0.2767886826431675 12.459799417111443 0.08852192544860708 2.174725317427845 36 017_1.jpg

37 -0.49954434956870813 0.5023127058785484 -0.49942836489495424 0.49870702488064045 13.173155674406493 -0.028254501512326922 2.1827767621354774 37 018_0.jpg

38 -0.6465513442838479 0.6557163313711534 -0.27427991176545286 0.2770884010200361 13.127440860064798 0.08740253989855765 2.181604362124702 38 018_1.jpg

39 -0.4983597468270487 0.5034285707245332 -0.499558556885182 0.49863662637588885 13.849083512844304 -0.028382184725290513 2.1887448368288993 39 019_0.jpg

40 -0.6455003255201723 0.6567243478275664 -0.2748369436734285 0.27659919579792347 13.803380345661681 0.08727807679267942 2.187443139831902 40 019_1.jpg

41 -0.4966664936414404 0.5049957215261505 -0.49961714865259277 0.4986826847870825 14.531117030573975 -0.022917942525462205 2.1934335272639878 41 020_0.jpg

42 -0.6439495642406516 0.6581934536075695 -0.2755152273658469 0.2760465464952621 14.48543558479146 0.09274812037224005 2.191904669859282 42 020_1.jpg

43 -0.49645118417005873 0.5048767102808215 -0.5000698414514013 0.4985638202105444 15.212635077931742 -0.022628810838833915 2.1959672013950016 43 021_0.jpg

44 -0.6439198554907555 0.6580409649038006 -0.27601611150256095 0.2759790108038027 15.167030473349012 0.09306866111254053 2.194523239860277 44 021_1.jpg

45 -0.4966927793083382 0.5047817441754336 -0.49997390020886917 0.4985155693056106 15.896209895608141 -0.027621765009333124 2.1980792923360424 45 022_0.jpg

46 -0.6441084733911755 0.6579345906843402 -0.2758373183310393 0.27597123528125184 15.850572208535723 0.08806286214588846 2.1966515113172957 46 022_1.jpg

47 -0.49730513295588946 0.5041839548484061 -0.5012830257453811 0.4971935966087063 16.584770224938865 -0.03656418035113856 2.1993422946015317 47 023_0.jpg

48 -0.6451739168935665 0.6568942561793664 -0.27682454751729896 0.2749704039539764 16.53913035958945 0.07912475174118519 2.198423772840919 48 023_1.jpg

49 -0.49672648822352994 0.5044671075025295 -0.501714463426926 0.4970496258256137 17.274969219274197 -0.0401863649002145 2.200619426637632 49 024_0.jpg

50 -0.6447989273245325 0.6571048493642362 -0.2774391843063113 0.2747272452353161 17.22939555497486 0.07552890949777882 2.1997326384281215 50 024_1.jpg

51 -0.49607555100369083 0.5049626499655169 -0.5022663508096328 0.49663898626725045 17.96533091643388 -0.040935199793142855 2.2008601894247777 51 025_0.jpg

52 -0.6444031630276361 0.6574133800220773 -0.27819103335957984 0.2741568168152209 17.919790029404616 0.0747935234988206 2.2000476540103264 52 025_1.jpg

53 -0.4957147854108726 0.5051718943874263 -0.5029119114819756 0.4961328631884983 18.65573495573585 -0.04477544502806022 2.1996712026862326 53 026_0.jpg

54 -0.6443124305112023 0.6574215558389076 -0.278922839646009 0.2736063583524768 18.610227279891188 0.07096727035839272 2.199003914002245 54 026_1.jpg

55 -0.4959085355326383 0.5047455886897918 -0.5028139530130675 0.4964722990655595 19.3424401233835 -0.05123724194454281 2.197761206418373 55 027_0.jpg

56 -0.6444541058236574 0.6571526725305459 -0.27876240089267335 0.2740817292734852 19.29698804577045 0.06452715751304797 2.197066613817765 56 027_1.jpg

57 -0.49738506262216853 0.5029644060136018 -0.5029194549287047 0.4966960112764555 20.026491668835458 -0.06061574409849671 2.19729370939826 57 028_0.jpg

58 -0.6458638927662259 0.6555865403769492 -0.27831884999910844 0.27496315722767944 19.98111724148077 0.05518018180401732 2.196809058375788 58 028_1.jpg

59 0.49847672676317833 -0.5015567824087874 0.5037394710538382 -0.4961938050778259 20.71253190028971 -0.07353586004035646 2.1974414702555443 59 029_0.jpg

60 -0.6471874202106798 0.654099212364641 -0.2786788714750887 0.2750286350516477 20.667233866408512 0.04229094582528213 2.1973457129507645 60 029_1.jpg

61 0.4986704747495145 -0.5012720277666544 0.5037357959155431 -0.49629060005719905 21.40007107731505 -0.08296851135583022 2.199793834961197 61 030_0.jpg

62 -0.6473655405872868 0.6538714785009198 -0.2786047903615652 0.27522593855002025 21.35479480338402 0.032866815254705944 2.199715553718696 62 030_1.jpg

63 0.498526122002439 -0.5011290410337886 0.5038292581295022 -0.49648511414385865 22.090484024712897 -0.08675526831009125 2.202371065093432 63 031_0.jpg

64 -0.6472656417966236 0.6538119079298129 -0.2787464701559056 0.275458859676732 22.045274375996343 0.029106065410550983 2.2022761366995836 64 031_1.jpg

65 0.4967096492572402 -0.5026780517517856 0.5032502704345493 -0.49732631735042104 22.784608764276225 -0.08480338123676981 2.2049894596239508 65 032_0.jpg

66 -0.6453578167294797 0.6555575745133142 -0.2788804800036407 0.27565056277344824 22.739456557896247 0.0310790281236632 2.204427801506576 66 032_1.jpg

67 0.4971952218903274 -0.5020575418645233 0.5036255369059197 -0.49708797467108834 23.478238793637434 -0.08991958167237202 2.206047306981528 67 033_0.jpg

68 -0.6459505332947739 0.6548956747083869 -0.2790503283905389 0.27566370455607 23.43311950964931 0.02597637206275029 2.205662443076362 68 033_1.jpg

69 0.49782336074063355 -0.5013471778576811 0.5034259012348828 -0.49737839792343747 24.168940729670474 -0.10032905841101959 2.2072130515378108 69 034_0.jpg

70 -0.6464577326878167 0.6543449412079566 -0.27863480060995266 0.2762023635900592 24.123842924563792 0.015575305558340496 2.2068437448659113 70 034_1.jpg

71 0.49869704647589375 -0.5002968992898764 0.504031984961009 -0.49694670391644674 24.863515437195005 -0.11275452085331589 2.2098106140672784 71 035_0.jpg

72 -0.6474983041720797 0.6532139355050721 -0.2788759080225593 0.27619871194639856 24.81846028125976 0.0031669979662952985 2.209744295101125 72 035_1.jpg

73 0.49896451847013684 -0.4998428333737937 0.5043352645088235 -0.4968274269860081 25.560371161186048 -0.12141745595855169 2.2125516750372562 73 036_0.jpg

74 -0.6478609493987874 0.6527502449362212 -0.27905968936776104 0.27625893243436284 25.515359641313896 -0.00547897956097558 2.2126043001989566 74 036_1.jpg

75 0.49901493078069037 -0.49950546304865384 0.5048071632656309 -0.49663680809843247 26.259793769019335 -0.12977521700552702 2.216392640913059 75 037_0.jpg

76 -0.6480855492641268 0.6523688318960507 -0.2794802395479555 0.27620793563512047 26.21484857484236 -0.013811150516473691 2.216579198454825 76 037_1.jpg

77 0.4981197310954944 -0.5002898877490358 0.5047477862043237 -0.4968062338892736 26.960198633837464 -0.13561985943854604 2.2196054935917893 77 038_0.jpg

78 -0.6472311437305595 0.6531583213281241 -0.2797554566800905 0.2760669091411948 26.915277601555996 -0.01964628523144621 2.2196362246405417 78 038_1.jpg

79 0.49773545661277124 -0.5004231684766419 0.5055136607213837 -0.4962781543714577 27.661524277420593 -0.14304848957176944 2.221121126548225 79 039_0.jpg

80 -0.6471637845077941 0.6530884897851449 -0.28060804864638295 0.2755241977877396 27.616659998394844 -0.027053120706040323 2.221323287877853 80 039_1.jpg

81 0.49771294814861416 -0.5001101802698508 0.5058668971638556 -0.49625629586886394 28.36206108433618 -0.15287954891243752 2.2212551121330564 81 040_0.jpg

82 -0.6472754137348425 0.652791998797352 -0.280945850085652 0.2756203446775958 28.317274617542882 -0.03685428255194308 2.221537880853307 82 040_1.jpg

83 0.4983916934389374 -0.4992503468578435 0.5062349452851189 -0.4960655110422052 29.061088319527446 -0.16746048731478347 2.2219558399711583 83 041_0.jpg

84 -0.6480446189448728 0.6519260820601431 -0.2810382290807726 0.27576814388440407 29.016344928796336 -0.051419257532091034 2.222437479259255 84 041_1.jpg

85 0.4981734642452581 -0.4991846335018022 0.5058754923050003 -0.4967171101167376 29.759329219979545 -0.175558331015434 2.224635892358352 85 042_0.jpg

86 -0.6477042446980632 0.6521063410025423 -0.28078753114921723 0.2763962622314468 29.714652065147355 -0.0594909925391274 2.2249437480504586 86 042_1.jpg

87 0.4978568498758533 -0.4990258548777318 0.5053709912583401 -0.4977066549583238 30.528695166555877 -0.1817084467723756 2.2279480794089235 87 043_0.jpg

88 -0.647216597473613 0.6523256336727804 -0.28043999644270257 0.2773722264454423 30.484128917427377 -0.06559808410729194 2.228003939940917 88 043_1.jpg

89 0.49778166689249465 -0.4988170647397018 0.5050089606307064 -0.49835820221291766 31.22870270056181 -0.19024067294194663 2.231011231996019 89 044_0.jpg

90 -0.6470081090894588 0.6523733212545593 -0.28013426262072094 0.27805458347907813 31.184203048902447 -0.07410479814465504 2.2309133174262965 90 044_1.jpg

91 0.49765940515223706 -0.4986047506530636 0.5049332332071422 -0.49876933455526284 31.929205435028944 -0.20082044479695602 2.235196576071184 91 045_0.jpg

92 -0.646864321695141 0.6523294656517468 -0.2801114106716959 0.27851465880973686 31.8847836883604 -0.08465483236887145 2.235026540416 92 045_1.jpg

93 0.4972980066498228 -0.49852965161633206 0.5052897502345268 -0.49884381057535515 32.63225491230056 -0.21177970594907236 2.2396114411398287 93 046_0.jpg

94 -0.6466620175280965 0.652289240640163 -0.28057766519911376 0.2786093240058296 32.58793369155696 -0.09557566869823708 2.2394661194149053 94 046_1.jpg

95 0.4963528433873394 -0.4990290351305403 0.5052745502887172 -0.49930101721158127 33.33542501733752 -0.22112035687789508 2.2435112315106607 95 047_0.jpg

96 -0.6457764811677121 0.6529220876194952 -0.2809144928932168 0.27884140932041407 33.291205597270384 -0.10487790525740975 2.2431866853883973 96 047_1.jpg

97 0.49638356910461806 -0.4985651894705174 0.5062449390058997 -0.49875060491402 34.03971126348697 -0.23496947399114892 2.246128558728784 97 048_0.jpg

98 -0.6461713116092505 0.6522917165382014 -0.28180505397325 0.2785032569719092 33.995591659196805 -0.11868865665641577 2.2460834228675886 98 048_1.jpg

99 0.4956542114744264 -0.49914053785624785 0.5058730376561426 -0.4992775739894465 34.67317999925412 -0.24486192138226942 2.248969329721213 99 049_0.jpg

100 -0.6453521481556721 0.653019321887664 -0.28173003299490185 0.27877331045300313 34.62909490146655 -0.12856835266364766 2.2486864379606586 100 049_1.jpg

101 0.4959440345956123 -0.49842694702460755 0.5060031985379346 -0.4995706717754105 35.4486182291707 -0.25899348160695135 2.2518432606041876 101 050_0.jpg

102 -0.6456687903229545 0.6524680686952534 -0.28174685537227007 0.2793133402181422 35.4046326568883 -0.14266213214034223 2.2516054323719903 102 050_1.jpg

103 0.4961392083483907 -0.49780477486392977 0.5063729491580548 -0.4996225859817374 36.1563576496952 -0.27455185787234626 2.2547443254059862 103 051_0.jpg

104 -0.6459884445534336 0.6519127245056485 -0.2820204687622564 0.27959467865139154 36.11247161628332 -0.15818274893055645 2.2546156573622924 104 051_1.jpg

105 0.4959212660386243 -0.4978276821082419 0.506444911306125 -0.49974318267437573 36.867123414472125 -0.29058098185463765 2.2586507769947506 105 052_0.jpg

106 -0.6458124780070231 0.6519791908738392 -0.2821686770413285 0.2796966492732236 36.82328226248851 -0.1741949873364831 2.2584969174161516 106 052_1.jpg

107 0.4957539625807358 -0.4977038190003052 0.5068004441797778 -0.4996721194115096 37.57881683712874 -0.3045738874553015 2.261075888142177 107 053_0.jpg

108 -0.6457907196702529 0.6518395705337838 -0.28256158668035625 0.27967565215225376 37.53504269505734 -0.1881626052476718 2.260987227614994 108 053_1.jpg

109 0.49539176511753497 -0.497867550591567 0.50697073661778 -0.49969548060284896 38.29183779258572 -0.31886574625569986 2.2642236072146504 109 054_0.jpg

110 -0.6455180862486624 0.652000704341782 -0.28285399284203316 0.2796338688303043 38.24810883515639 -0.2024374949743666 2.2641207203126688 110 054_1.jpg

111 0.4960523273090844 -0.49725987015426937 0.507794196017651 -0.49880834455348433 39.00574959136744 -0.33778929439938393 2.2655327867061903 111 055_0.jpg

112 -0.6464442816679166 0.6511109963213255 -0.2833733111258388 0.2790409068754627 38.96200867349971 -0.22136578713003902 2.2657955778646763 112 055_1.jpg

113 0.49684868750248207 -0.4966242520446792 0.5074700716478151 -0.4989788175763431 39.71739618081044 -0.35616323768024805 2.268543040559141 113 056_0.jpg

114 -0.6470615804594385 0.6505842559587753 -0.28277888231383913 0.27944147993674134 39.67361955614313 -0.23975320654234425 2.268829018197719 114 056_1.jpg

115 0.4977712691834961 -0.49585780249136074 0.5078345692236934 -0.4984504524877832 40.42847312783657 -0.37402253866799917 2.2717509350315432 115 057_0.jpg

116 -0.6480574320604132 0.6496790652531225 -0.2827759102992161 0.27924265698052203 40.38466056719128 -0.25762697781334765 2.272301337642515 116 057_1.jpg

117 0.49643739216675054 -0.49774339071252854 0.5072315609916028 -0.4985153720746161 41.143049104466925 -0.38123301178913843 2.276283025859153 117 058_0.jpg

118 -0.6465922647591675 0.6514472425753789 -0.2827044501575353 0.2785913264185943 41.09910733095519 -0.26488506332147016 2.2764961643316095 118 058_1.jpg

119 0.49590693874180586 -0.4987847513273095 0.5073949343674374 -0.49783577666671247 41.85700218121838 -0.3885056020315938 2.2778022630325 119 059_0.jpg

120 -0.6461639393396709 0.6521594534303641 -0.2830474923208524 0.2775686003303043 41.81294001230227 -0.27220324104813076 2.278039117589066 120 059_1.jpg

121 0.4959320931725971 -0.4993271077919623 0.507571874037184 -0.4970861002602484 42.56725102798236 -0.40029414886646125 2.2777876400351307 121 060_0.jpg

122 -0.6462570153016541 0.6523833723204386 -0.2831982325144863 0.27667050221134964 42.52305643949095 -0.28404232688058206 2.27813725845333 122 060_1.jpg

123 0.4966582369027088 -0.4990840097386377 0.5078546064595343 -0.49631587284483253 43.27351848333614 -0.41554130825423563 2.2768003329874307 123 061_0.jpg

124 -0.6470408626788098 0.6518725168157885 -0.283189569602911 0.2760507408289812 43.229212725753435 -0.2993327742320378 2.277388946132309 124 061_1.jpg

125 0.49750483276208657 -0.49834756755928583 0.5078652566073688 -0.49619706208042236 43.97838539525248 -0.4282644342267262 2.2761381170965347 125 062_0.jpg

126 -0.6478316320469623 0.6511461131658427 -0.28288710833392855 0.27622056362054775 43.934055469889586 -0.3120658713266695 2.276860403246089 126 062_1.jpg

127 0.49711352441109913 -0.4989363116721855 0.5067299165216168 -0.4971574121387779 44.684800195541015 -0.4344893807550498 2.2782092999618784 127 063_0.jpg

128 -0.6470382274194509 0.6520441646528086 -0.28197808306472233 0.2768904120247946 44.64042488138819 -0.3183063274859007 2.2785249372477927 128 063_1.jpg

129 0.49701232701655723 -0.49942394974796284 0.5058311638946023 -0.49768393468622546 45.3944339329274 -0.43799678591658825 2.2797220409029375 129 064_0.jpg

130 -0.6466049119354639 0.6526879994976741 -0.2811801389644477 0.2771970285277045 45.34996937665184 -0.3218474371296931 2.279766891743233 130 064_1.jpg

131 0.49684295725652966 -0.4999223382151095 0.5058155734891692 -0.4973684119382201 46.10762977029263 -0.4462918101115212 2.281401495243968 131 065_0.jpg

132 -0.6464431933036251 0.6530320612686328 -0.2812257654289047 0.2767171726611475 46.06308804870742 -0.3301720317599605 2.281447471432651 132 065_1.jpg

133 0.4970867511662199 -0.500056029385313 0.5063909439203933 -0.4964040100621876 46.82538667750065 -0.4597783584361321 2.2822340007083453 133 066_0.jpg

134 -0.6468896696040506 0.6527992122500208 -0.2816664199978215 0.2757734064244145 46.78075687375158 -0.34369278905686773 2.2825359927795454 134 066_1.jpg

135 0.4974258659628963 -0.49990746658237145 0.5067708008213755 -0.4958259655979301 47.546164048221115 -0.4715693647117785 2.2814551865956756 135 067_0.jpg

136 -0.6473496297488889 0.6524479550668143 -0.28189217216915 0.27529425359579723 47.50149020452127 -0.3555013819664118 2.2819461759062345 136 067_1.jpg

137 0.49781166831308293 -0.49962974897593526 0.5062888786904065 -0.49621087064271363 48.26746738870552 -0.4787904193188379 2.282746557392614 137 068_0.jpg

138 -0.6475255096339003 0.6523319279063108 -0.28130303347044533 0.27575781687509604 48.22276964989326 -0.36273128267115357 2.2831452372957473 138 068_1.jpg

139 0.4977850406221426 -0.4998528795263031 0.5056001372860865 -0.49671486120143993 48.98947376400429 -0.48514065610842044 2.2842077468869775 139 069_0.jpg

140 -0.6472402864085958 0.6527232878645631 -0.28067348963473315 0.27614255982237684 48.944730957925856 -0.3690983555730972 2.284396931182425 140 069_1.jpg

141 0.49756578033935367 -0.5004024739945786 0.5052983479534991 -0.49668827025696877 49.71336910254011 -0.4907586275629486 2.285456372928403 141 070_0.jpg

142 -0.6469236317700228 0.6532211360647517 -0.28047235641073204 0.27591161509652007 49.66854907919245 -0.3747460106714928 2.2855470873784998 142 070_1.jpg

143 0.4971773630412375 -0.5010704028937324 0.5050213498446654 -0.49668557178998696 50.439120837992775 -0.495239285072827 2.2872458664230293 143 071_0.jpg

144 -0.6464590682309338 0.6538376114430704 -0.280356789795361 0.2756576162199282 50.39423482731752 -0.37925215102798804 2.287217907072804 144 071_1.jpg

145 0.4970795818119295 -0.50131046951632 0.5047858163254321 -0.49678061771336374 51.092360164173996 -0.500125377933293 2.288275681933988 145 072_0.jpg

146 -0.6462795252310083 0.6540943437067149 -0.28017361664088253 0.2756557805242478 51.04744088127058 -0.3841511695380718 2.28817075078942 146 072_1.jpg

147 0.497562853560129 -0.5011206884108511 0.504735794284266 -0.4965390622820804 51.81756663709922 -0.5077281209623584 2.2888813473745167 147 073_0.jpg

148 -0.6467106769593136 0.6538283334015089 -0.2799474057575202 0.2755054641161695 51.772580260563274 -0.3917798771436335 2.2888552414462904 148 073_1.jpg

149 0.49807036712439556 -0.5008594736813817 0.5047085572660149 -0.49632143741595197 52.54206149693229 -0.5168158396276362 2.2896439677811764 149 074_0.jpg

150 -0.6471727774696504 0.6535051682656118 -0.27973370367620864 0.2754041506222152 52.497018976940375 -0.4008894065390929 2.289703163607034 150 074_1.jpg

151 0.4981415469627147 -0.5009819159588537 0.5043522167378324 -0.496488630829976 53.26456247749576 -0.5230005057244476 2.292336103581931 151 075_0.jpg

152 -0.6471045318971911 0.6536792773828755 -0.2793760901702394 0.2755142961073149 53.2194753617457 -0.4070913983239611 2.2923075560186748 152 075_1.jpg

153 0.49755896364582497 -0.5016993692203431 0.5038362212456481 -0.4968720990159429 53.98518114827631 -0.5242126443452211 2.29379154338665 153 076_0.jpg

154 -0.6463683022344848 0.6544844147461727 -0.2791115876646357 0.2755991479525941 53.94006150080737 -0.40831649639142237 2.293526398616607 154 076_1.jpg

155 0.49722028372853433 -0.5020317531948348 0.5038401146398607 -0.4968714593461053 54.701440722844026 -0.526638914135522 2.29583131808124 155 077_0.jpg

156 -0.6460552320162509 0.654792089885501 -0.2792398780028403 0.27547240649612276 54.656321447883556 -0.41074273738381223 2.2955194825839382 156 077_1.jpg

157 0.49704922221835607 -0.5022017329381251 0.5034361535792122 -0.4972801317119346 55.41289010949875 -0.5319731352324507 2.2977019846031275 157 078_0.jpg

158 -0.6457430751722703 0.6550999772290812 -0.2789286413439703 0.2757874430417816 55.36777096030545 -0.4160774301712469 2.297235160825503 158 078_1.jpg

159 0.4973410384744051 -0.5018189154216156 0.5037659469901358 -0.4970407812518059 56.120317584466086 -0.5396090344505837 2.2979967269384494 159 079_0.jpg

160 -0.6461388072266513 0.654657677581501 -0.2791273692532445 0.275709772610763 56.07522032784681 -0.42370433166908883 2.2976691318398452 160 079_1.jpg

161 0.497389618264334 -0.501770971577314 0.5038131278149666 -0.4969927484043589 56.82308540092079 -0.5463319407259385 2.3002464038712733 161 080_0.jpg

162 -0.6462018285679072 0.6545955838540559 -0.2791531911846362 0.275683358594048 56.77798809698186 -0.43042719584748357 2.2999409663160484 162 080_1.jpg

163 0.4974143823253752 -0.5016037967870762 0.5039303972726641 -0.4970178246393885 57.521956641873466 -0.5527589353547497 2.301694929237335 163 081_0.jpg

164 -0.646268679348978 0.6544505928530269 -0.2792536873426591 0.2757690949188796 57.47689257144154 -0.43684119416755784 2.301417739473758 164 081_1.jpg

165 0.49746195668606297 -0.5015107633861762 0.5037382118856583 -0.4972588558730033 58.21612429941304 -0.5583325666737491 2.302949303198082 165 082_0.jpg

166 -0.6462397226169039 0.6544533428941022 -0.2790584667479319 0.27602792435377893 58.17107123862255 -0.4424107046446311 2.3026122318251474 166 082_1.jpg

167 0.4975825536212322 -0.501345294438893 0.5036644921194039 -0.4973797115422544 58.90566022989713 -0.5644872502750522 2.3051209614592314 167 083_0.jpg

168 -0.6463235382057639 0.6543447560831854 -0.27894610542196563 0.2762026328939255 58.860618122833344 -0.4485611646538811 2.3047727319260503 168 083_1.jpg

169 0.49731608797710286 -0.5015597073498121 0.5035955224584777 -0.49749986770057963 59.59200156987568 -0.569541984621336 2.307210001251882 169 084_0.jpg

170 -0.6460496715392231 0.6545878249102633 -0.2789806402443875 0.27623251755024075 59.5469708869035 -0.4536116726647891 2.3067972534871117 170 084_1.jpg

171 0.4971215185392294 -0.5017039573718963 0.5034062453941887 -0.49774038118355923 60.27317263350543 -0.5741707117813365 2.30995319285557 171 085_0.jpg

172 -0.6457969283780393 0.6548101966095724 -0.2788772601872541 0.27640080944902 60.22815331432344 -0.45823635584987965 2.3094472134601896 172 085_1.jpg

173 0.4971203675365243 -0.5016582009179622 0.5032146558466537 -0.4979813247233657 60.949599935771765 -0.5789741216525232 2.3123328093081152 173 086_0.jpg

174 -0.645722944673611 0.6548567099252164 -0.27870053273436535 0.27664161155101513 60.904591832848844 -0.4630357204218796 2.311760278643268 174 086_1.jpg

175 0.4973147835464207 -0.5015144464950796 0.503356175290704 -0.4977889380245656 61.62184504415118 -0.5856669602889532 2.315037009190342 175 087_0.jpg

176 -0.6459574234197033 0.6546525118817086 -0.27875972810549665 0.27651782908611355 61.576825554095656 -0.46973262240199853 2.3145422225149037 176 087_1.jpg

177 0.4970966492473551 -0.5017287419784752 0.5032871703619917 -0.4978606380592547 62.290785860591946 -0.5917763390558524 2.3173943383601183 177 088_0.jpg

178 -0.6457286478188463 0.6548774201573325 -0.2787761111037195 0.27650308828656395 62.24576662811638 -0.47584214061829955 2.316846305557576 178 088_1.jpg

179 0.49675941337341584 -0.5018688939184542 0.5035752015960524 -0.4977647183956114 62.95600050576491 -0.5971369869469851 2.3189272013898323 179 089_0.jpg

180 -0.6455238742088425 0.6549728053085433 -0.2791683867702227 0.2763594832112237 62.91102584346015 -0.4811853628291393 2.3184069946940054 180 089_1.jpg

181 0.4962270872510899 -0.5022963511375436 0.5035799707583987 -0.4978596856175236 63.616318365513195 -0.6008232553672705 2.3205510988559648 181 090_0.jpg

182 -0.6450308629322857 0.6554041680462919 -0.27936943103679485 0.2762847867229682 63.571366239594866 -0.48486329231990355 2.3199483174061037 182 090_1.jpg

183 0.4962038372167068 -0.5023185275765057 0.5037473323953756 -0.49769114306900236 64.27216460424893 -0.6069268842121388 2.3209389147057267 183 091_0.jpg

184 -0.6450727759470927 0.6553626743422174 -0.2795330256845203 0.27611984058119776 64.22721245262305 -0.49096667785413345 2.3203870038311742 184 091_1.jpg

185 0.49613288919042203 -0.5024341362062957 0.5040589440079544 -0.49732954467212576 64.92418705630585 -0.6146459166988641 2.3216665826367637 185 092_0.jpg

186 -0.6451253434486967 0.6553364569038485 -0.2798474805704433 0.27574047057203394 64.87922384375996 -0.4986895844366788 2.3212099363247103 186 092_1.jpg

187 0.4962797572421344 -0.5021928015442108 0.5044382884780342 -0.4970420563153751 65.57116207269044 -0.622591712697237 2.321320394041504 187 093_0.jpg

188 -0.6454052561916511 0.6550075058136556 -0.2801454759999145 0.2755643933543383 65.52622114851825 -0.5066262881578747 2.320998453125103 188 093_1.jpg

189 0.49635160531690053 -0.5021233780492835 0.5042703941252368 -0.49721078701541704 66.21219634056659 -0.6283531606397683 2.3222455317920145 189 094_0.jpg

190 -0.64540827503745 0.6550053017182531 -0.2799634942911411 0.2757474480361652 66.16725528631214 -0.5123879176446615 2.321879390309907 190 094_1.jpg

191 0.4963261487464824 -0.5021024223182526 0.5040074979218798 -0.49752382215443103 66.84845158953225 -0.6336404683002018 2.322396174001642 191 095_0.jpg

192 -0.6452846593795855 0.6551013257180794 -0.2797296561268778 0.27604579492346193 66.80352157743383 -0.5176712780205793 2.321936915114612 192 095_1.jpg

193 0.4964229018173192 -0.5019600451220478 0.5040058404476818 -0.49757263635269333 67.48035393417472 -0.6395642749613127 2.3231615889208403 193 096_0.jpg

194 -0.645373672343771 0.6549876155134716 -0.2796928282976279 0.2761448322318658 67.43543495935856 -0.5235907748299005 2.322711068405732 194 096_1.jpg

195 0.4968081547929558 -0.5016308479565185 0.5036677295756541 -0.4978623985538055 68.10541928228336 -0.6461780269069989 2.3246218505936165 195 097_0.jpg

196 -0.6456033895592553 0.6547891005866949 -0.2792374631757804 0.27653921295473133 68.06048896689748 -0.5302091268137641 2.3241208810429463 196 097_1.jpg

197 0.4972178196957596 -0.5012296436492667 0.5034000481702701 -0.4981281718658301 68.72511854308905 -0.6526304585415503 2.3261540060798636 197 098_0.jpg

198 -0.645882292063369 0.6545152617608155 -0.2788386810226493 0.2769383088102645 68.68018796450153 -0.5366617869727267 2.325624551311138 198 098_1.jpg

199 0.4972176427635204 -0.5011347920877647 0.5033987556314877 -0.4982250783657029 69.34089849267535 -0.6585502187815324 2.3290271543320684 199 099_0.jpg

200 -0.6458812064536076 0.6544634925724078 -0.2788382028520269 0.2770636401085678 69.2959901382172 -0.5425729815900351 2.3284884955456446 200 099_1.jpg

201 0.49685452796672713 -0.501443707984851 0.5033788259539277 -0.4982966419138395 69.95170299941992 -0.6632502346073601 2.3318437298574897 201 100_0.jpg

202 -0.6455361864427935 0.654776219499279 -0.2789537476589879 0.2770125286663632 69.90680614333652 -0.5472688521460203 2.3312427005874223 202 100_1.jpg

203 0.4967068055112203 -0.5016367806308313 0.5029992610637071 -0.49863276371147 70.55529393572928 -0.6668487277358935 2.3342075755509315 203 101_0.jpg

204 -0.6452551795842156 0.6550785792185799 -0.2786561993434128 0.27725174631766053 70.51038644971463 -0.550872266317198 2.3334672400581415 204 101_1.jpg

205 0.49658567104684564 -0.5017556777813514 0.502976821827357 -0.4986564226294308 71.15393531219824 -0.6716120876520861 2.336770538290674 205 102_0.jpg

206 -0.6451341626529328 0.6551974294825341 -0.2786800082347727 0.2772285944628474 71.10902793309228 -0.5556357432836885 2.336005784228659 206 102_1.jpg

207 0.4966844706449152 -0.5016583436112498 0.50326214434405 -0.4983679935305097 71.74630525563224 -0.6791191410542925 2.339129137340459 207 103_0.jpg

208 -0.6453341874504214 0.655001099017731 -0.27890793984824436 0.27699766764880357 71.70139752107414 -0.5631422822988937 2.3384706465736373 208 103_1.jpg

209 0.49702597404848287 -0.5013695416886544 0.5036883098178591 -0.4978873872080849 72.33091893834651 -0.6881560467913864 2.3407342561877003 209 104_0.jpg

210 -0.645813281797882 0.6545564470123878 -0.27917666504126043 0.27666125934869934 72.28599950499971 -0.5721827927226463 2.340266443714831 210 104_1.jpg

211 0.4969548674135029 -0.5014382168195981 0.5039518042874724 -0.49762250092033683 72.90739526254333 -0.6953904561348702 2.341911248933721 211 105_0.jpg

212 -0.6458472257435172 0.6545225666470944 -0.27944693117115954 0.27638918829817455 72.86247583540411 -0.5794169207839537 2.3415186120851073 212 105_1.jpg

213 0.4963014771416382 -0.5019846141311521 0.5039344497363059 -0.4977412594225967 73.47634493526017 -0.6987470119042231 2.34365770935714 213 106_0.jpg

214 -0.6452333798666996 0.6550728708225161 -0.2796720506195599 0.2762914467014725 73.4314482510984 -0.5827650817581771 2.343158078616494 214 106_1.jpg

215 0.4957208733151869 -0.5025544060789922 0.5039406493776757 -0.4977385926317411 74.03612322995012 -0.7006903319795832 2.344381808117524 215 107_0.jpg

216 -0.644696510602991 0.6555997159041738 -0.2798915383776536 0.2760727231496886 73.99122676377814 -0.584708689872264 2.343802136349413 216 107_1.jpg

217 0.495383032044051 -0.5030276124721712 0.5040886264408101 -0.4974470115966194 74.58577768346666 -0.7053461410172704 2.3441065508251646 217 108_0.jpg

218 -0.6444395520634314 0.6559300982099133 -0.28015200995707423 0.2756233323135555 74.54084791425132 -0.5893773289388888 2.3435404559704476 218 108_1.jpg

219 0.495554275105341 -0.5030462585902926 0.5045425387615285 -0.4967969894465947 75.12609260839699 -0.7132813641958926 2.3433803435316625 219 109_0.jpg

220 -0.6447716934576175 0.6557072539604445 -0.28050815031884224 0.2750138869660056 75.08111872905577 -0.5973288830354437 2.343003130412673 220 109_1.jpg

221 0.49560332943626545 -0.5029966105539505 0.5047330711022068 -0.49660474882814076 75.6552074558402 -0.7199717691116454 2.341851190588843 221 110_0.jpg

222 -0.6448895499393732 0.6555905025876841 -0.2806665953761314 0.2748541859528269 75.61023377161197 -0.604019009348157 2.341542596726735 222 110_1.jpg

223 0.4956511161761724 -0.5028564377790868 0.5045406928332342 -0.496894418657326 76.17202900776309 -0.7238191141570363 2.3409654697694267 223 111_0.jpg

224 -0.6448604974879084 0.6555677058866014 -0.2804714423846378 0.2751757470870325 76.12707730860909 -0.607858019142153 2.340592393212141 224 111_1.jpg

225 0.4958430331307931 -0.5027180541548117 0.5041573522199262 -0.4972319466054532 76.67758556902785 -0.7264653589020234 2.340826002916181 225 112_0.jpg

226 -0.6448934893153468 0.6555635391907357 -0.2800453499299278 0.2755420757434651 76.63262248004396 -0.6105090147048404 2.340360310473814 226 112_1.jpg

227 0.4958644840053087 -0.5027945220229789 0.5036090759470523 -0.4976886383569443 77.17189354572658 -0.7291750983947093 2.3407297140392225 227 113_0.jpg

228 -0.6447057975077995 0.6558020455127721 -0.27952890116617096 0.2759378646977054 77.12690815793782 -0.6132281864077235 2.3400984564230236 228 113_1.jpg

229 0.4962991713298381 -0.5024158895134623 0.5034620057310786 -0.49778651577453525 77.6550344368862 -0.734478079676816 2.3409182187545845 229 114_0.jpg

230 -0.6450539113705306 0.6554871128144097 -0.2792323097708517 0.2761727965239226 77.61003786575128 -0.6185354097476894 2.3403051316433676 230 114_1.jpg

231 0.49675812348430365 -0.5019658554279909 0.5033376592804134 -0.4979084730017287 78.12623056113519 -0.7400873600707264 2.342429880726214 231 115_0.jpg

232 -0.6454329715813846 0.6551151104647632 -0.2789481617539993 0.2764568579189693 78.08123379610232 -0.6241446376804434 2.341841441003577 232 115_1.jpg

233 0.4970487020279606 -0.5016805400182417 0.5033820399880311 -0.49786117080649467 78.58647624827485 -0.7464159048238671 2.343103541873735 233 116_0.jpg

234 -0.645719684151115 0.6548333933326685 -0.27888229847093 0.27652121089670123 78.5414792238005 -0.6304730146931616 2.3425706098016805 234 116_1.jpg

235 0.4970016466260772 -0.5017258611692238 0.5036213329221573 -0.497620414081535 79.03589139708824 -0.7506330858367942 2.344358013716975 235 117_0.jpg

236 -0.64576678221238 0.6547867601153532 -0.2791212902210775 0.27628041391678226 78.99089431853574 -0.634689913010784 2.3438958484012966 236 117_1.jpg

237 0.49666250437245896 -0.502106561487379 0.5035302643976328 -0.497667188487897 79.47409197509297 -0.7534142516314507 2.3458125974457302 237 118_0.jpg

238 -0.6454174672825783 0.6551564286550979 -0.2791614553416556 0.2761797037618233 79.42908407622289 -0.6374755929805567 2.3452773689598256 238 118_1.jpg

239 0.4967106547549952 -0.5021069226364823 0.5034825582464251 -0.49766703450702915 79.89987912447262 -0.7567416783243689 2.346442977717814 239 119_0.jpg

240 -0.6454442998320695 0.6551564919655573 -0.2790992098772472 0.2761797564912581 79.85486010641912 -0.6408073563410099 2.3459035337839316 240 119_1.jpg

241 0.49690444375942167 -0.5019165582844406 0.5035281338817108 -0.4976194938722189 80.31292899392747 -0.7617304236330178 2.347551711902874 241 120_0.jpg

242 -0.6456415728258454 0.6549626470022359 -0.279070086460794 0.27620785165081313 80.26790981925207 -0.6457959739302338 2.3470544356643144 242 120_1.jpg

243 0.4968579298009708 -0.5020078261188534 0.5039112175308366 -0.49718590582990824 80.7147844474047 -0.7669408835852028 2.347954883782528 243 121_0.jpg

244 -0.6457439521472188 0.6548873846688982 -0.27944175493558365 0.2757708600728911 80.6697541941742 -0.651010277899259 2.347579438329761 244 121_1.jpg

245 0.4969079821655278 -0.5020033192316186 0.5043409502610725 -0.49670447011314434 81.10427081026933 -0.7718221101450036 2.348678200746862 245 122_0.jpg

246 -0.6459537185560312 0.654705787465787 -0.27982109102950997 0.27532577496030797 81.05922961393844 -0.6558953655861073 2.3484534140491395 246 122_1.jpg

247 0.4970538502473373 -0.5019056840212807 0.5045785834036915 -0.4964157607003951 81.48131299933075 -0.7763285673531036 2.3484598373469696 247 123_0.jpg

248 -0.6461795801900576 0.6545088577118774 -0.27998720067911453 0.27509502499675903 81.43626076869593 -0.6604059576064979 2.3483371003808693 248 123_1.jpg

249 0.4971505203098813 -0.5018581280223383 0.5045780668896138 -0.49636755928189863 81.84661395599369 -0.7803823548081176 2.348015478559437 249 124_0.jpg

250 -0.646269381671927 0.6544468465824518 -0.2799508076146262 0.27506863984756275 81.80155055915995 -0.664464067709581 2.347910683777141 250 124_1.jpg

251 0.4970785046950338 -0.5018800345752628 0.5047454094459727 -0.4962473805554039 82.20003255154555 -0.7836099037499806 2.348027170322176 251 125_0.jpg

252 -0.6462657815311031 0.6544231188673215 -0.2801326680510737 0.27494837588999693 82.15498046579764 -0.6676871910520201 2.3479619743965525 252 125_1.jpg

253 0.4969335359439289 -0.5019276335270828 0.5047459155479581 -0.4963439052651091 82.54153582017173 -0.7865663798592294 2.348670004778617 253 126_0.jpg

254 -0.6461309030458754 0.654503171608459 -0.2801871586320309 0.2750192913620762 82.49650601928964 -0.6706350289691697 2.348575594369954 254 126_1.jpg

255 0.4969571458100711 -0.5019532098532349 0.5045791242946038 -0.49646397419393146 82.87120853104172 -0.7887179908439541 2.3490674948759884 255 127_0.jpg

256 -0.6460897559019659 0.6545708454711165 -0.280023629386033 0.27512143239529574 82.82616747699544 -0.6727910584266061 2.3489268154402274 256 127_1.jpg

257 0.4969086050530525 -0.5020955440815693 0.5045807896198898 -0.4963669303894354 83.18931629242455 -0.7915398336954225 2.3487728299449158 257 128_0.jpg

258 -0.6460457383365356 0.6546665489445461 -0.28004238971445616 0.2749779511765545 83.14425314703364 -0.6756214837967937 2.3486346841657784 258 128_1.jpg

259 0.4970056430191662 -0.5020463561895883 0.5047235221940093 -0.49617437780273976 83.49534319853574 -0.7953678913048481 2.348793566491982 259 129_0.jpg

260 -0.6461902385008071 0.6545498929298226 -0.28013856404230086 0.2748181185223159 83.45026905293908 -0.6794537594617471 2.3487198251060457 260 129_1.jpg

261 0.49703012675949226 -0.5019743725696141 0.5047942885472909 -0.49615069145051033 83.78826087685154 -0.7988528492952662 2.3483120827395036 261 130_0.jpg

262 -0.6462396145494308 0.6544747059120006 -0.2801954328695994 0.27482310548318356 83.74319784528832 -0.6829343843922138 2.348260305790455 262 130_1.jpg

263 0.4972484143142755 -0.5017575601543711 0.5050543801796916 -0.4958865176138375 84.06818493037373 -0.8031816519682218 2.3478620362017915 263 131_0.jpg

264 -0.6465410421828831 0.654176619449152 -0.28035601592306303 0.2746600365449955 84.0231219918564 -0.6872631566790003 2.3479254559561653 264 131_1.jpg

265 0.4973451952133393 -0.5017088275845607 0.5051493362522267 -0.4957420268706959 84.33541014836041 -0.8072445136174501 2.347625550489074 265 132_0.jpg

266 -0.6466671751651656 0.6540780752324054 -0.2804080269355337 0.274544667575784 84.2903361868419 -0.6913303411730314 2.3477378872795334 266 132_1.jpg

267 0.4972246490953364 -0.5017780231742822 0.5053172502051269 -0.4956217715521169 84.58952163242517 -0.8097291382411083 2.348014392038722 267 133_0.jpg

268 -0.6466187195774684 0.6540981262468274 -0.2806082849643557 0.2744063832015352 84.54445914820332 -0.6938105400189254 2.3481596571681442 268 133_1.jpg

269 0.4970312842450586 -0.5019205460920793 0.5053188814434878 -0.4956697448392821 84.83040531507771 -0.8111160322522141 2.3479072348255565 269 134_0.jpg

270 -0.6464395363532194 0.6542480277654135 -0.2806813080166791 0.27439651480029364 84.78535411013601 -0.6951930149461558 2.348021217109367 270 134_1.jpg

271 0.4971275012011248 -0.5018759757899992 0.5050796507171122 -0.4958621773293885 85.05721337192047 -0.8124115554818995 2.3473132092355424 271 135_0.jpg

272 -0.6464383340438513 0.6542773566088246 -0.2804239398090644 0.2745924887711629 85.01215061954194 -0.6964929832893954 2.3473676970668254 272 135_1.jpg

273 0.49710230196262856 -0.5020456868760774 0.5047713108381909 -0.4960295892658802 85.27072707622989 -0.8134579507019307 2.3475012775578756 273 136_0.jpg

274 -0.6462985757210744 0.6544955488854909 -0.28014659796746794 0.2746845666528145 85.22563076570111 -0.697552422354462 2.3474655678088903 274 136_1.jpg

275 0.4970543213269523 -0.5020440424273207 0.504914533255895 -0.49593355928029204 85.47228892938787 -0.814891876346282 2.346976618401932 275 137_0.jpg

276 -0.646308145164273 0.6544588931866014 -0.280297266739408 0.2745956679951501 85.4272039256668 -0.698981943902164 2.3469760985697126 276 137_1.jpg

277 0.49690917222628417 -0.502186492597228 0.5049161255548229 -0.4959331682444618 85.66116042704533 -0.8162572248799631 2.3466630453195325 277 138_0.jpg

278 -0.6461739438407262 0.6545907097444064 -0.28035217761685527 0.27454124193483864 85.61607557424543 -0.7003472355498526 2.346642514744716 278 138_1.jpg

279 0.4970057338928228 -0.5021395332674145 0.5048678639081636 -0.4959330898422162 85.83776915386053 -0.8181309997176309 2.3472497804316115 279 139_0.jpg

280 -0.6462455272439815 0.6545469647320278 -0.28027159404049884 0.274559325194457 85.79267307262384 -0.7022253780663454 2.3472317049782734 280 139_1.jpg

281 0.49715074072565757 -0.502044493288076 0.5048668348969797 -0.4958850136636063 86.00322551506416 -0.8198250412182905 2.346999603044475 281 140_0.jpg

282 -0.6463800264472783 0.654441012343341 -0.28021693158196886 0.27455107726582506 85.95811822895823 -0.703923778509793 2.347006140082918 282 140_1.jpg

283 0.4971748867773553 -0.5020210333847936 0.5048426936980109 -0.495909133427611 86.15813866922946 -0.8213337532198518 2.346775805398465 283 141_0.jpg

284 -0.6463932912398207 0.6544281580386352 -0.2801856783213444 0.2745823823006848 86.11303132282532 -0.7054325138138529 2.3467779338510764 284 141_1.jpg

285 0.4972720914930836 -0.5018300821316932 0.5049359385901132 -0.4959100055553568 86.30257233842255 -0.8232657661532626 2.346845604764135 285 142_0.jpg

286 -0.6465185200522886 0.6542520177266553 -0.2802369253073872 0.2746549949013505 86.25748711224784 -0.7073559262173684 2.3468828446738863 286 142_1.jpg

287 0.4973685584041054 -0.5017836897071077 0.5048398987968239 -0.4959579845488484 86.43634829152111 -0.8249249072517439 2.346235584513242 287 143_0.jpg

288 -0.6465718860994908 0.6542264865295471 -0.28011211559146154 0.2747174969451837 86.39125175535722 -0.7090194637211995 2.3462597920721193 288 143_1.jpg

289 0.49734441467548457 -0.5018071495448978 0.504864051531866 -0.4959338739464704 86.56069105039657 -0.8255218192308978 2.3461869820464316 289 144_0.jpg

290 -0.6465586277208527 0.6542393442657264 -0.28014337869516437 0.2746862004319435 86.51559457666606 -0.7096163524133747 2.3462155982194184 290 144_1.jpg

291 0.49727165279128904 -0.501926066359682 0.504841604291 -0.49590934838517126 86.67636033550328 -0.8263132233761109 2.3471350795597457 291 145_0.jpg

292 -0.6464827485827981 0.654340262856264 -0.28014904518246186 0.2746186240468425 86.63125287525905 -0.7104120292880878 2.3471505484566837 292 145_1.jpg

293 0.497344318075939 -0.5018077120194528 0.5048163080989803 -0.4959820001902255 86.78398597700519 -0.8276353587884985 2.3469209789479017 293 146_0.jpg

294 -0.6465404212412175 0.654257579896309 -0.2800991855495843 0.274730684678493 86.7388894413094 -0.7117299132914356 2.346934107716907 294 146_1.jpg

295 0.49768233105792786 -0.5015254828714228 0.5045741800633816 -0.4961747516719278 86.88787888105252 -0.8287439204677052 2.3469135285605622 295 147_0.jpg

296 -0.6467626884855143 0.6540668642373557 -0.2797501188870366 0.2750171501422972 86.84277056667436 -0.7128430585012825 2.3469005131244223 296 147_1.jpg

297 0.4980207390921621 -0.5011472822871202 0.5044260567350362 -0.49636790607076114 86.9888325698477 -0.8305987486704148 2.3469454735252016 297 148_0.jpg

298 -0.6470205649701896 0.653787818368547 -0.27948864258254924 0.27533974599740674 86.94373464779208 -0.7146938431491998 2.3469280843208904 298 148_1.jpg

299 0.4982142691200182 -0.5009573511382298 0.5044235185805168 -0.49636799684168337 87.08802666844058 -0.8316299707618034 2.34699054010508 299 149_0.jpg

300 -0.6471993454350085 0.6536119019050555 -0.2794150433356076 0.27541191425628825 87.0429284042552 -0.7157251974297939 2.346999831051629 300 149_1.jpg

301 0.4981658864760679 -0.5010048340479722 0.5044241601002718 -0.49636798095688295 87.18693527702573 -0.8321785006377563 2.3473360603942544 301 150_0.jpg

302 -0.6471546527618425 0.6536558837183448 -0.27943344968109446 0.27539387845123203 87.14183710093766 -0.7162736926845875 2.3473386813152035 302 150_1.jpg

303 0.49821403481064946 -0.5010052809662257 0.5043764532866523 -0.49636768360926137 87.28368817414992 -0.832302567493158 2.346996469627938 303 151_0.jpg

304 -0.6471814838777309 0.6536559729971095 -0.27937120370953056 0.27539376614024536 87.23857883097929 -0.7164021052155133 2.3469948749616543 304 151_1.jpg

305 0.49816545997919814 -0.5010063824297872 0.5042809289608295 -0.4965123603040862 87.378828643956 -0.8326446538266097 2.3478376783426675 305 152_0.jpg

306 -0.647099906379389 0.6537104617083409 -0.27930092134238355 0.2755273829479556 87.33373038010629 -0.7167398882833145 2.347793836627928 306 152_1.jpg

307 0.4981172241057588 -0.5010533538066995 0.5043293096780457 -0.4964642133003115 87.47300358336662 -0.833414968935451 2.3481094407644907 307 153_0.jpg

308 -0.6470734651050372 0.6537362533543243 -0.27936349785976355 0.27546483962707285 87.42790543175794 -0.7175101567196147 2.348074416603501 308 153_1.jpg

309 0.4981412529202011 -0.5010772778683898 0.5043057915132048 -0.49643984770497296 87.5648838949278 -0.8340950839865982 2.3487037336808316 309 154_0.jpg

310 -0.6470870734563661 0.6537492324823277 -0.27933253920756945 0.275433463715458 87.51977463615799 -0.7181945940823629 2.348668902709317 310 154_1.jpg

311 0.4982137551948833 -0.5010063085922322 0.5042809659577603 -0.49646393651312304 87.65367338600281 -0.8349612344644113 2.3486304797006485 311 155_0.jpg

312 -0.647144990705021 0.6536923540389865 -0.279282849838145 0.27548277089983497 87.60856398474208 -0.7190607993612079 2.3485979099749574 312 155_1.jpg

313 0.4982137551948833 -0.5010063085922322 0.5042809659577603 -0.49646393651312304 87.74016678012394 -0.8352523289795029 2.3483052316122044 313 156_0.jpg

314 -0.647144990705021 0.6536923540389865 -0.279282849838145 0.27548277089983497 87.69505737886321 -0.7193518938762995 2.3482726618865133 314 156_1.jpg

315 0.4981656523052168 -0.5010527638423357 0.5043770903264341 -0.49636766762462947 87.82518990042728 -0.836476434839754 2.3485722191645655 315 157_0.jpg

316 -0.6471367896594118 0.6536999547165807 -0.27938960584803746 0.2753757302612717 87.78008064427699 -0.7205759389768625 2.3485639545228025 316 157_1.jpg

317 0.4981417855400166 -0.5010751940952584 0.5044967657962043 -0.4962473422221756 87.90776445460182 -0.8378468800872453 2.348873673109152 317 158_0.jpg

318 -0.6471600350107292 0.653676444032214 -0.27950925671054816 0.2752554650055622 87.86265532982827 -0.7219463359698092 2.348900792241664 318 158_1.jpg

319 0.49811765563851307 -0.5010986699500092 0.5045209532222638 -0.4962232681719208 87.9873205703307 -0.8385520735359164 2.3495131563427263 319 159_0.jpg

320 -0.647146802194778 0.6536893304983742 -0.2795405467759384 0.27522419644695 87.94221150825085 -0.7226515061332085 2.349544684230942 320 159_1.jpg

321 0.4979726180703806 -0.5011937097250629 0.5045221672653625 -0.4962716188963676 88.0641766196152 -0.8389814347122503 2.349059374400845 321 160_0.jpg

322 -0.647012342072013 0.6537953863156885 -0.2795953926697535 0.2752326987053949 88.01907885346611 -0.7230764674307149 2.3490662902414936 322 160_1.jpg

323 0.4978033414385718 -0.5013596332435811 0.504548183151856 -0.49624740027995673 88.13823782813994 -0.8391433442846372 2.349358702376065 323 161_0.jpg

324 -0.6468649969897481 0.6539401804708467 -0.27968181207945053 0.2751472333627299 88.09314035694906 -0.7232382623565944 2.3493500165887897 324 161_1.jpg

325 0.4976578327190492 -0.5015505526119741 0.5044551147202428 -0.49629503517624357 88.20879559742161 -0.8390887909041835 2.35000551911353 325 162_0.jpg

326 -0.6466947551252221 0.6541343627012798 -0.2796488385691112 0.27511934921751113 88.16368720942874 -0.7231879699404479 2.349950449907935 326 162_1.jpg

327 0.4975848266831875 -0.5016704868349475 0.5043372437910716 -0.4963668073296944 88.2761125360813 -0.8384976038185605 2.3499835385770513 327 163_0.jpg

328 -0.6465824392491075 0.6542716700070521 -0.27956619707107494 0.27514082309987004 88.23099309824504 -0.7226011134038973 2.3498843473298314 328 163_1.jpg

329 0.497464035273288 -0.5017415274733052 0.5043619354637154 -0.49639098629373457 88.3401222632549 -0.8382991549943449 2.34971899008694 329 164_0.jpg

330 -0.6464794079970314 0.6543465949732221 -0.27963386563705506 0.27513598432708736 88.29501405797035 -0.7223983046559594 2.349606265442277 330 164_1.jpg

331 0.4974880610773717 -0.5017654535591459 0.5043383841055579 -0.4963666517987047 88.39853067401822 -0.8381094570338359 2.3498220647804993 331 165_0.jpg

332 -0.6464930009720098 0.6543595874090149 -0.27960287734769035 0.27510463652763334 88.35341136191299 -0.7222129298562623 2.349709533324566 332 165_1.jpg

333 0.4975123195239622 -0.5017414543597322 0.5043619725758115 -0.49634262915681976 88.45427715276718 -0.8377500915186402 2.349961717740468 333 166_0.jpg

334 -0.646524481815441 0.6543285128727202 -0.27961579841250384 0.2750914337691886 88.40915782857768 -0.7218535588179704 2.3498602650666243 334 166_1.jpg

335 0.49751245018435064 -0.5017409358641856 0.5044097161965155 -0.4962945026859009 88.50804913358424 -0.8382118795840305 2.3499917459274617 335 167_0.jpg

336 -0.6465427199065916 0.6543103179903952 -0.2796599787528021 0.27504693306975264 88.4629298487138 -0.7223153190536943 2.349905780706827 336 167_1.jpg

337 0.4974883228669044 -0.5017644161118702 0.5044338708775689 -0.4962703993252679 88.55719243441177 -0.8387532800601127 2.3500965704696357 337 168_0.jpg

338 -0.6465294774115496 0.6543231973941801 -0.2796912374208788 0.2750156357369213 88.51207320137428 -0.7228566961647135 2.3500150138290663 338 168_1.jpg

339 0.4974883228669044 -0.5017644161118702 0.5044338708775689 -0.4962703993252679 88.604150285461 -0.8381387183428421 2.3503730704253103 339 169_0.jpg

340 -0.6465294774115496 0.6543231973941801 -0.2796912374208788 0.2750156357369213 88.5590310524235 -0.7222421344474429 2.350291513784741 340 169_1.jpg

341 0.4974883228669044 -0.5017644161118702 0.5044338708775689 -0.4962703993252679 88.64762947802643 -0.8383601975332147 2.3507073457978622 341 170_0.jpg

342 -0.6465294774115496 0.6543231973941801 -0.2796912374208788 0.2750156357369213 88.60251024498893 -0.7224636136378154 2.350625789157293 342 170_1.jpg

343 0.49751269843369816 -0.5017398843845133 0.5045052030154042 -0.49619825014344926 88.68879502606396 -0.8395807706819403 2.3499311601791217 343 171_0.jpg

344 -0.6465791838218548 0.654273914918554 -0.27974834400938453 0.274957937382102 88.64367582744752 -0.7236841577362986 2.3498761698252864 344 171_1.jpg

345 0.497488566094806 -0.5017633604497566 0.5045293581427518 -0.4961741463308668 88.72671663667587 -0.839705899017701 2.3502059019961163 345 172_0.jpg

346 -0.6465659368436236 0.6542867902706928 -0.27977960499125704 0.27492664116403476 88.68159749286298 -0.7238092627287924 2.3501553202996246 346 172_1.jpg

347 0.4974886807596362 -0.5017159503660952 0.504528753265767 -0.4962225859353579 88.76072301570181 -0.8401080847283776 2.350830740421951 347 173_0.jpg

348 -0.6465655979757198 0.6542609156131217 -0.2797793282795751 0.27498928939653156 88.7156149238852 -0.7242071485482033 2.3507755568793165 348 173_1.jpg

349 0.49751293252646717 -0.5016919418329189 0.5045523395185798 -0.4961985632336692 88.79235196708277 -0.8406964790255572 2.350345174069163 349 174_0.jpg

350 -0.6465970718062428 0.6542298323766347 -0.27979224983700585 0.2749760900354421 88.74724386633096 -0.7247955415774897 2.3503010693667195 350 174_1.jpg

351 0.4974402979874516 -0.5018103091210933 0.5045776649192277 -0.4961259352851931 88.82172948414336 -0.8409413560552197 2.3504664361425935 351 175_0.jpg

352 -0.6465394384298452 0.6543125364643673 -0.2798421250261638 0.2748640468326613 88.77661045120556 -0.725044673089344 2.350424671744976 352 175_1.jpg

353 0.49746454518014227 -0.5017862981953454 0.5046012557535501 -0.49610191485627875 88.84683270843723 -0.8411730363847922 2.350079101431153 353 176_0.jpg

354 -0.6465709097198408 0.6542814518787066 -0.2798550525587966 0.27485085044231267 88.80171366975611 -0.7252763521919819 2.3500484158758455 354 176_1.jpg

355 0.4974162837450396 -0.501786371595573 0.5046012186154177 -0.4961502676791171 88.87124691771115 -0.8414116158116934 2.35070938934727 355 177_0.jpg

356 -0.6465258570779046 0.6542995326598017 -0.27987311122589004 0.27489539702146076 88.8261389915732 -0.7255106096077181 2.350667431760835 356 177_1.jpg

357 0.49739225945389154 -0.5018092989519481 0.504673115040903 -0.496078032849287 88.89316345159625 -0.8418457458322778 2.350083301027739 357 178_0.jpg

358 -0.6465308264108022 0.6542941833669006 -0.2799485590109707 0.27481960705249336 88.84805563439954 -0.7259446917342265 2.3500612395620175 358 178_1.jpg

359 0.4973196306852806 -0.5018807964801519 0.5046500791120462 -0.496101953948692 88.91277067573365 -0.8407460944064358 2.350639317559807 359 179_0.jpg

360 -0.6464546315392707 0.6543692215149438 -0.2799539569676523 0.2748146889696871 88.86766292163219 -0.7248450204897317 2.350599507049173 360 179_1.jpg

361 0.4973196306852806 -0.5018807964801519 0.5046500791120462 -0.496101953948692 88.92789463150267 -0.8410673682648255 2.3504089916611512 361 180_0.jpg

362 -0.6464546315392707 0.6543692215149438 -0.2799539569676523 0.2748146889696871 88.8827868774012 -0.7251662943481214 2.3503691811505174 362 180_1.jpg

363 0.4973196306852806 -0.5018807964801519 0.5046500791120462 -0.496101953948692 88.93964657522348 -0.8411676786024689 2.35022923139395 363 181_0.jpg

364 -0.6464546315392707 0.6543692215149438 -0.2799539569676523 0.2748146889696871 88.89453882112201 -0.7252666046857648 2.350189420883316 364 181_1.jpg

365 0.4973196306852806 -0.5018807964801519 0.5046500791120462 -0.496101953948692 88.95068845949218 -0.841485158675491 2.3500615094681727 365 182_0.jpg

366 -0.6464546315392707 0.6543692215149438 -0.2799539569676523 0.2748146889696871 88.90558070539072 -0.7255840847587869 2.350021698957539 366 182_1.jpg

367 0.4972954937656677 -0.5019042656236534 0.5046742272833011 -0.49607784101403346 88.96015942037923 -0.8413766176441431 2.350771368959904 367 183_0.jpg

368 -0.6464413777728042 0.654382086992923 -0.2799852132379963 0.27478338685964815 88.91505172255519 -0.7254755203942789 2.3507359670742596 368 183_1.jpg

369 0.4972469826066973 -0.5019991592689346 0.5046753581486082 -0.4960292987913031 88.96800965251116 -0.8411791056873598 2.3503644338469014 369 184_0.jpg

370 -0.6463969684376583 0.654451910981191 -0.2800037942061955 0.27470262218953573 88.92289096105884 -0.7252822883125797 2.350326963497667 370 184_1.jpg

371 0.4971988336668136 -0.5019986837935347 0.5047230645582348 -0.4960295045386544 88.9736200309497 -0.8396227320440386 2.350125694283042 371 185_0.jpg

372 -0.6463701371642404 0.6544517609794228 -0.28006604008285446 0.27470266020831047 88.92851250279124 -0.7237215681260579 2.350092439353747 372 185_1.jpg

373 0.49717448198476105 -0.5020232466943241 0.5046517199663323 -0.4961016385547389 88.97617958260734 -0.8394788135768599 2.3502368795639144 373 186_0.jpg

374 -0.646320448302556 0.654501066659041 -0.2800089128214639 0.27476033299714603 88.93107199666137 -0.7235776828163643 2.350177058447967 374 186_1.jpg

375 0.4972228649416647 -0.501975763227789 0.5046511775125112 -0.4961017483806298 88.97591465479323 -0.8394041821613615 2.3503816288200787 375 187_0.jpg

376 -0.6463651777549503 0.6544571200004297 -0.27999059835989676 0.27477845602707235 88.93080701450488 -0.723503069299601 2.350328477878662 376 187_1.jpg

377 0.4972711351546261 -0.5019288216585245 0.5046028871536222 -0.49614997975082453 88.97484959604358 -0.8393895910513284 2.350686716597306 377 188_0.jpg

378 -0.6463916841332247 0.6544313880855837 -0.27992809274956226 0.2748410665482544 88.92974184702675 -0.7234885248846031 2.350624748454713 378 188_1.jpg

379 0.49731928390720276 -0.5019292858010695 0.5045551809419768 -0.49614976699970775 88.9737832433034 -0.8393791415772032 2.3508474031666107 379 189_0.jpg

380 -0.6464185153601949 0.6544315249593293 -0.2798658471826687 0.2748410262672868 88.92866433374087 -0.7234824219531008 2.3507812196259 380 189_1.jpg

381 0.4973194007967964 -0.5018818754756564 0.5045545921565507 -0.49619820656053343 88.97409871751147 -0.8393968463138234 2.3509870210174295 381 190_0.jpg

382 -0.6464181845700298 0.6544056501553691 -0.27986558456619914 0.27490367454316644 88.9289908614568 -0.7234958268550484 2.3509162356530426 382 190_1.jpg

383 0.497295268429874 -0.5019053492577734 0.5045787403521168 -0.49617409360864784 88.97489072032423 -0.8394731201814959 2.3508309086715955 383 191_0.jpg

384 -0.6464049350299694 0.6544185199348876 -0.27989683913127544 0.27487237070948556 88.9297829175774 -0.7235720773670181 2.3507645319420756 384 191_1.jpg

385 0.4972711351546261 -0.5019288216585245 0.5046028871536222 -0.49614997975082453 88.97513405340456 -0.8394324952185589 2.350682578911187 385 192_0.jpg

386 -0.6463916841332247 0.6544313880855837 -0.27992809274956226 0.2748410665482544 88.93002630438772 -0.7235314290518337 2.350620610768594 386 192_1.jpg

387 0.4973194007967964 -0.5018818754756564 0.5045545921565507 -0.49619820656053343 88.9745009846843 -0.8394523488213307 2.349981010846106 387 193_0.jpg

388 -0.6464181845700298 0.6544056501553691 -0.27986558456619914 0.27490367454316644 88.92939312862963 -0.7235513293625557 2.349910225481719 388 193_1.jpg

389 0.49734341741833576 -0.5019058108502518 0.5045310338950267 -0.4961738788189254 88.97450709604439 -0.8394650738610518 2.349980984190843 389 194_0.jpg

390 -0.6464317663986258 0.6544186536804069 -0.2798345932606532 0.2748723294922956 88.92938813317403 -0.7235683775912793 2.3499103920152584 390 194_1.jpg

391 0.497295268429874 -0.5019053492577734 0.5045787403521168 -0.49617409360864784 88.97512146168756 -0.8399156273386136 2.3508297022043636 391 195_0.jpg

392 -0.6464049350299694 0.6544185199348876 -0.27989683913127544 0.27487237070948556 88.93001365894074 -0.7240145845241358 2.3507633254748437 392 195_1.jpg

393 0.49731928390720276 -0.5019292858010695 0.5045551809419768 -0.49614976699970775 88.97518216261734 -0.8397939293804686 2.350828129251297 393 196_0.jpg

394 -0.6464185153601949 0.6544315249593293 -0.2798658471826687 0.2748410262672868 88.93006325305481 -0.7238972097563662 2.3507619457105866 394 196_1.jpg

395 0.49731928390720276 -0.5019292858010695 0.5045551809419768 -0.49614976699970775 88.97522453132434 -0.8398806713013502 2.350827936662895 395 197_0.jpg

396 -0.6464185153601949 0.6544315249593293 -0.2798658471826687 0.2748410262672868 88.93010562176181 -0.7239839516772478 2.3507617531221845 396 197_1.jpg

397 0.49731928390720276 -0.5019292858010695 0.5045551809419768 -0.49614976699970775 88.97329701917035 -0.8399544522622111 2.3508578961157833 397 198_0.jpg

398 -0.6464185153601949 0.6544315249593293 -0.2798658471826687 0.2748410262672868 88.92817810960781 -0.7240577326381087 2.350791712575073 398 198_1.jpg
