1 0.5599848414051355 0.5207093289169872 0.4532088139294917 -0.45812721284803604 -1453.4684703830883 18.2286336725065 1297.7851702664962 1 000_0.jpg

2 0.5599663793070697 0.5207607567270756 0.45320528999812865 -0.4580948083273666 -1453.5571097849042 18.139074933207194 1297.6737460708425 2 001_0.jpg

3 0.5599692792141892 0.520812246770405 0.4531723640133844 -0.4580652993240426 -1453.7098666172838 18.13722098810293 1297.481328398704 3 002_0.jpg

4 0.5599799068509733 0.5208278181196412 0.45317263573882466 -0.4580343327889689 -1453.7834224142143 18.04686330628935 1297.3832546400326 4 003_0.jpg

5 0.5600304728929913 0.5208038507873524 0.4531956117436927 -0.4579770255510398 -1453.8615942711433 17.827541844216537 1297.282901008814 5 004_0.jpg

6 0.5600329052784239 0.5208117810792974 0.45318677710341054 -0.45797377518045895 -1453.8912055306366 17.84090882997382 1297.2421431403193 6 005_0.jpg

7 0.5600545968200435 0.5208335866097811 0.4531477887403831 -0.45796103021941886 -1454.0166710251247 17.907343155400568 1297.0865078470636 7 006_0.jpg

8 0.5602126014890962 0.5207649863036042 0.45300253276257507 -0.45798949276562906 -1454.29487246942 18.39163694282106 1296.7480616689427 8 007_0.jpg

9 0.5604008445222419 0.5206407681343902 0.4527867382000644 -0.45811379997260127 -1454.5134404940118 19.344017970425444 1296.4765521273314 9 008_0.jpg

10 0.5607829045071651 0.5203542201011678 0.45243128132003624 -0.4583229814426976 -1454.8566370254925 20.937838874101192 1296.0537975989823 10 009_0.jpg

11 0.5609537919942786 0.52023380357565 0.45225658916226996 -0.45842296018389106 -1455.0329633954693 21.709768488724407 1295.8344654033674 11 010_0.jpg

12 0.5611258087553505 0.5201757194671861 0.45203771606593657 -0.4584942212060484 -1455.3866635074867 22.510941813478635 1295.4001737425149 12 011_0.jpg

13 0.5611767942274707 0.5203379477036714 0.4519067029915925 -0.4583768728801431 -1455.9869726544043 22.511630968918208 1294.680501114758 13 012_0.jpg

14 0.5612517242221186 0.5204620571291402 0.4518201312012078 -0.45822954748458333 -1456.5480977355837 22.31412340849087 1294.013320718984 14 013_0.jpg

15 0.5613105478066955 0.5206041161193241 0.4517247377123787 -0.4580901489218551 -1457.1122196835584 22.159442927534126 1293.3280577411822 15 014_0.jpg

16 0.5613161970012917 0.5207037099186285 0.4516787912683501 -0.4580153305069017 -1457.4037347141298 22.058635699117044 1292.9710498888094 16 015_0.jpg

17 0.5613102610194476 0.5209477999613632 0.45153666119351904 -0.45788516484802655 -1458.063739194924 22.04101061544019 1292.159990866032 17 016_0.jpg

18 0.5613606116574357 0.5213619695382777 0.4512484946841109 -0.45763605238669913 -1459.3604514348856 22.060255216589972 1290.5750691317044 18 017_0.jpg

19 0.5613580342323437 0.5217380664549044 0.45107215446079235 -0.4573843666816738 -1460.3917249190777 21.77675371772978 1289.3199841683265 19 018_0.jpg

20 0.5613147242395298 0.521944553990011 0.45091382975932265 -0.4573580446913005 -1460.8426203953832 22.09852590629186 1288.7006431317031 20 019_0.jpg

21 0.5612889815691405 0.5220384842828685 0.4508006003006614 -0.45739405206592426 -1461.0335365697883 22.490559007515436 1288.4233278150082 21 020_0.jpg

22 0.561276834889171 0.5222844460593821 0.45046042038232936 -0.4574633118515775 -1461.6950366958827 23.566968152057473 1287.5335830836018 22 021_0.jpg

23 0.5613169496944053 0.5227840492715513 0.449616169549126 -0.4576739231079048 -1463.2329642767224 26.367462393968474 1285.5221089103834 23 022_0.jpg

24 0.5611892253031507 0.5232476762656705 0.44923197529534437 -0.45767800368650996 -1464.157973452799 27.3514563125945 1284.2941866008632 24 023_0.jpg

25 0.5612189253100593 0.5235691768525478 0.44876747154637453 -0.4577296051225458 -1465.151254514654 28.705595110137367 1282.9698768518988 25 024_0.jpg

26 0.5612314158512877 0.5237679483465861 0.4483980118324313 -0.45784894575732027 -1465.7529407411753 30.01152148219673 1282.1703440649821 26 025_0.jpg

27 0.5611768143809911 0.5243067397434625 0.4477119944944123 -0.4579705183159928 -1467.1078429075028 32.134810792362664 1280.391019663441 27 026_0.jpg

28 0.561075444594328 0.5252952475819386 0.4472591224927839 -0.4574041163873493 -1469.5403101334546 31.645317870531432 1277.3250241325752 28 027_0.jpg

29 0.5610947439852418 0.5259932188784573 0.4474484897859099 -0.45639201456020656 -1471.4883845440588 28.211795455583704 1274.9545919344139 29 028_0.jpg

30 0.5609649829378133 0.5266632402672144 0.4479591107700181 -0.45527656907307623 -1472.915088193646 23.623800444974677 1273.1785787726578 30 029_0.jpg

31 0.560771187938035 0.5270713737732822 0.4483177347628611 -0.45468961987756756 -1473.4542761931752 20.96110015382184 1272.4960667330959 31 030_0.jpg

32 0.5602271095234909 0.5280802446080723 0.4490848428827146 -0.45343097038318914 -1474.611377531351 15.245027049884122 1271.0075415813449 32 031_0.jpg

33 0.5591134547004746 0.5298358578904905 0.4499497568264732 -0.4518974715553807 -1476.194801847411 8.41899283400372 1268.8517363189658 33 032_0.jpg

34 0.5582491523021085 0.5309173649599197 0.4501015217501775 -0.4515454081885535 -1476.7012421534107 6.905885022961624 1268.003514844829 34 033_0.jpg

35 0.5572069009498059 0.5320515134526631 0.45010716217935665 -0.4514921916506312 -1476.8654918413906 6.619212673325793 1267.5427901024534 35 034_0.jpg

36 0.5564994019651553 0.532763972242788 0.4499530389646854 -0.45167823527258255 -1476.8316456831951 7.4803407009729055 1267.43744691291 36 035_0.jpg

37 0.5551424950125459 0.5341535522428893 0.4498284015041248 -0.45183094411272046 -1476.8283537797618 8.097283855872112 1267.1667246590312 37 036_0.jpg

38 0.5526070564830674 0.5365759818829905 0.4503026919533374 -0.45159621611678963 -1476.3453219747455 5.894792367568001 1267.3411774774554 38 037_0.jpg

39 0.5515493299858647 0.5376743249899303 0.4510971677534524 -0.4507893100813064 -1476.3833248876879 1.3724815800551102 1267.04237952832 39 038_0.jpg

40 0.5509330958856802 0.5383070030030669 0.45150378774176514 -0.4503805324728358 -1476.393272419025 -0.9385942039114156 1266.756719395044 40 039_0.jpg

41 0.5503719161571413 0.5388903077111239 0.45149831668870677 -0.4503745776437553 -1476.436777930157 -0.999454421578033 1266.5621793705618 41 040_0.jpg

42 0.5493942208282718 0.5399716147485871 0.45202641952544775 -0.44974299487296476 -1476.6841238008767 -4.298752013530555 1265.982321681551 42 041_0.jpg

43 0.5474256145720752 0.5411723428491986 0.4532278874346746 -0.4494910164808606 -1474.4790091843252 -8.44104141091669 1268.1163260519954 43 042_0.jpg

44 0.5463858317812027 0.5414381196787822 0.4544830252101084 -0.44916863780025407 -1472.2784089791203 -12.836622398701547 1270.3488247111131 44 043_0.jpg

45 0.5449182060000888 0.541322037386155 0.4564366816434214 -0.44911040542397673 -1467.791223716642 -18.424813633752954 1275.175390420231 45 044_0.jpg

46 0.5437232014325271 0.5415405837694968 0.4573225262874372 -0.4493940178781117 -1465.035636941594 -20.155449052063947 1278.1735920244964 46 045_0.jpg

47 0.5410162994720978 0.5415200711135213 0.4592368224879393 -0.45073153557068235 -1457.342849312274 -21.90489278509548 1286.6265124309891 47 046_0.jpg

48 0.5368925538850812 0.5404641721092541 0.46231791347029566 -0.45376977767749826 -1442.679307668918 -22.280185975995565 1302.6231381406271 48 047_0.jpg

49 0.5332676733992261 0.5394346511726099 0.4653845344805812 -0.45612835988124406 -1429.439739073141 -24.5212267071888 1316.8188523367635 49 048_0.jpg

50 0.5287559053512937 0.5376976322091702 0.46958307444880515 -0.4591189225723478 -1411.5642527106818 -28.26372567921415 1335.5932926715589 50 049_0.jpg

51 0.5266441861889527 0.5361750642842696 0.4718669614265533 -0.4609813144881327 -1401.09368408488 -29.583916461541744 1346.3944285676457 51 050_0.jpg

52 0.5227618234269341 0.5322586532957696 0.4762895997705293 -0.46536976600285274 -1378.4683116278486 -29.872521939645534 1369.2465296987048 52 051_0.jpg

53 0.5163692333660661 0.5255599359852688 0.483025476542235 -0.47311304941974314 -1340.1207262721284 -27.37896120482841 1406.421618620802 53 052_0.jpg

54 0.5108135375469653 0.5200031243301491 0.48916074343460747 -0.47894472293589424 -1307.2418897726018 -28.47359960563166 1436.7219449550814 54 053_0.jpg

55 0.5044011408840224 0.5141666516569122 0.4955866333823139 -0.4853926577644126 -1270.6927486052396 -28.83931082322498 1468.8509356826848 55 054_0.jpg

56 0.5013188506371372 0.5107936737988555 0.4992854016682214 -0.4883475406756246 -1251.2853294862332 -30.950812234070924 1485.2239464148327 56 055_0.jpg

57 0.4951744864518849 0.5041648287496523 0.5065136865580002 -0.49402827727607823 -1212.6455879566056 -35.31727737607845 1516.552661041083 57 056_0.jpg

58 0.481568440624033 0.49407366186254814 0.5177380111464921 -0.5058956468114195 -1140.3753939016262 -35.325503721928996 1571.189880279079 58 057_0.jpg

59 0.4721939411454983 0.4854950074718357 0.5257524955791271 -0.514695825762871 -1085.0031301129675 -34.02653918561649 1609.6709717147712 59 058_0.jpg

60 0.46294687436266435 0.4768286824915804 0.5328992457667762 -0.5237680717000455 -1029.3392980952406 -29.60721822676764 1645.6297672801884 60 059_0.jpg

61 0.4580399733506233 0.4723890555815723 0.5370344015902746 -0.5278655268989312 -1000.1713486712399 -30.225386272743993 1663.3603870090424 61 060_0.jpg

62 0.44796186504517965 0.46254571189698607 0.5464245948931405 -0.5355387884801827 -937.7235743690497 -35.6023245212873 1698.9578241759384 62 061_0.jpg

63 0.43136883311082996 0.4462628846826037 0.5608872566775823 -0.5478830649619113 -834.0554420487848 -42.43990595594493 1751.5883635288958 63 062_0.jpg

64 0.4205458123185536 0.4346743238401102 0.5704997072305455 -0.5556343545762201 -763.0503752376777 -47.50776575587963 1783.231298858078 64 063_0.jpg

65 0.40860272870573316 0.4228496130681583 0.5801115024280181 -0.5636600567478997 -687.6561283764025 -52.354430353188654 1813.1999692566258 65 064_0.jpg

66 0.4017233131628323 0.41695146210338807 0.5845360404363675 -0.5684078424356029 -647.1459238722657 -52.51880196856009 1827.8884733128866 66 065_0.jpg

67 0.3886035102667092 0.40400768819286176 0.5931644527353455 -0.5778590067660357 -564.4495679795918 -51.11124003153624 1854.8179266098282 67 066_0.jpg

68 0.3675786651074279 0.38380336789694114 0.6050146156966633 -0.5929065816317317 -433.97344029504404 -44.49251704330414 1889.2960376938938 68 067_0.jpg

69 0.35430774609316007 0.36782946830790575 0.6142003438131654 -0.6016023944122045 -341.73510451088697 -43.87835164956467 1907.8101741741493 69 068_0.jpg

70 0.33796162530564694 0.3538072431352263 0.6224604050362728 -0.6108562995401583 -246.75943519297738 -44.27405460419926 1922.0369937190192 70 069_0.jpg

71 0.33002939360450334 0.34655870296611374 0.6266901783163682 -0.6150098252526437 -199.53075603170723 -45.5305843238614 1927.309165158011 71 070_0.jpg

72 0.31497731371412335 0.33132137608957185 0.6348891148762325 -0.6228412714353643 -105.83381172827367 -46.93470833413023 1934.3262817640182 72 071_0.jpg

73 0.2922962955014587 0.30789139663782106 0.6452570765613477 -0.6351449194160642 35.041154774007154 -42.21682543346767 1936.448156057774 73 072_0.jpg

74 0.27745591115693147 0.2919604869702646 0.6523019783429964 -0.6420898850332216 127.65393857786486 -41.682185153027504 1932.1759253580215 74 073_0.jpg

75 0.26362332894356943 0.2766688572484395 0.6587434434346477 -0.6480849941152907 214.1548076779812 -41.30736650037157 1924.1203188351553 75 074_0.jpg

76 0.25644603383410136 0.2696732562319757 0.6610424036377726 -0.6515632795030722 255.78295766373842 -38.91744160432498 1918.8869562650434 76 075_0.jpg

77 0.2421204409518502 0.2553451334986548 0.6651799334992174 -0.658568303930437 339.02972692889875 -32.54836067313717 1905.6567820940006 77 076_0.jpg

78 0.2227721911788109 0.2338242911189762 0.6723857317733095 -0.666030164052478 455.488340143599 -29.41079430814198 1880.6154052181637 78 077_0.jpg

79 0.21181916194056655 0.22139021142352341 0.6766843039399014 -0.6694903806045422 520.8154356656822 -29.3626161216502 1863.1317908052247 79 078_0.jpg

80 0.2034775194449685 0.2098947065589247 0.6800440950499612 -0.672369794106446 575.4893722162266 -25.73668182511286 1846.5704236003053 80 079_0.jpg

81 0.19993878177706131 0.2052873154377093 0.6813603999173418 -0.6735203093347395 597.7117616627471 -24.4599058187257 1839.2863657701732 81 080_0.jpg

82 0.19428724477257506 0.19772247162271836 0.6837600989986252 -0.6750040131373111 633.4834344450607 -23.480900574158643 1826.80181066557 82 081_0.jpg

83 0.18796829696331147 0.19080313264743248 0.6874279832672693 -0.6750591468380632 668.930346635573 -30.469368505794886 1813.2535555498246 83 082_0.jpg

84 0.18445600058180958 0.18766675360887577 0.6895852954749948 -0.6747068205553675 686.5803492801556 -36.54782347125139 1805.9975328543858 84 083_0.jpg

85 0.18204218476458223 0.18488634304534202 0.6902831249753119 -0.6754160869388408 700.3167987803115 -35.85382616415448 1800.1997229173746 85 084_0.jpg

86 0.18099580299675166 0.18376000840734727 0.6901400965900198 -0.6761504460446732 706.0416745739333 -33.75879793334073 1797.7359035353822 86 085_0.jpg

87 0.17918503499179017 0.18208795460171445 0.6892328778453988 -0.6780079203968817 715.1859683764919 -27.858733327019323 1793.689886650674 87 086_0.jpg

88 0.17755427147631658 0.17739478377514056 0.6875724459137824 -0.6813587182901708 731.7768599755321 -11.814256111259118 1786.3312969938015 88 087_0.jpg

89 0.17695388970088055 0.1731685585173803 0.6871099691962829 -0.6830665132268047 744.346807606499 -1.0773780595667957 1780.5915007773701 89 088_0.jpg

90 0.17712896305231868 0.16916195926505148 0.6878195610054729 -0.683310920067767 754.2508543794951 4.853102067019712 1775.8381366934364 90 089_0.jpg

91 0.17640074217268206 0.1679540757975124 0.6884721423212697 -0.6831400411566368 759.2659985476148 3.892174068006205 1773.4021075289372 91 090_0.jpg

92 0.17517827281964274 0.1659780503770713 0.6892748407150787 -0.6831281384060798 767.5238099955269 3.440653172031284 1769.2217610018258 92 091_0.jpg

93 0.1749467400248301 0.16405802056681562 0.6889180007824908 -0.6840106667591076 773.0084863183436 8.979434389887595 1765.8523436411604 93 092_0.jpg

94 0.174108953982156 0.16292835752449425 0.6889724560596688 -0.6844394620773393 778.0518270897392 10.321310769530115 1763.0018184602527 94 093_0.jpg

95 0.1727194299829746 0.16095993074254325 0.6888911333900871 -0.6853385335279443 786.6297012037152 13.480238166306545 1758.551376592062 95 094_0.jpg

96 0.17190494986111013 0.15980549244362302 0.688703737157723 -0.6860014979743749 791.6418885056133 15.92485781148641 1755.973364501805 96 095_0.jpg

97 0.17050310719014372 0.1580911168947912 0.6888178044453074 -0.6866337608045574 799.5725527773108 17.631172052479325 1751.715053327897 97 096_0.jpg

98 0.16900544635354509 0.15662511649272595 0.6894954409278325 -0.6866598640711518 807.120499361492 16.245240014064525 1747.640672308959 98 097_0.jpg

99 0.16696557969636622 0.15442731931673695 0.6902098538025125 -0.6869389026392502 817.8618391278379 15.676763076690749 1741.7037319927626 99 098_0.jpg

100 0.16696557969636622 0.15442731931673695 0.6902098538025125 -0.6869389026392502 817.8618391278379 15.676763076690749 1741.7037319927626 100 099_0.jpg

101 0.16594036366478548 0.15298179561826455 0.6899480631625913 -0.6877732446485536 824.0710339100549 18.78459081274999 1738.0761859638935 101 100_0.jpg

102 -0.1649114107621367 -0.15027356061912797 -0.6885809094264057 0.6899843583392273 833.3611858744557 29.330392195805153 1732.4766322132966 102 101_0.jpg

103 -0.16355596348602636 -0.14980510662320823 -0.6876520794887453 0.6913338516321699 837.9362555032628 32.69846548168659 1729.5180056825466 103 102_0.jpg

104 -0.16292612539162116 -0.14944605766710836 -0.687360633936688 0.6918499204500839 840.4127991757885 33.96574861561502 1727.9409539442424 104 103_0.jpg

105 -0.16247517600098288 -0.14810985741778931 -0.6874098257364698 0.6921943504537494 844.8401804660132 36.118234776072406 1725.0455844786288 105 104_0.jpg

106 -0.16163022727449922 -0.1470652042246581 -0.6873132215604024 0.6927106400264215 849.5354514414221 37.774037690012555 1721.6279064195087 106 105_0.jpg

107 -0.1611430997487053 -0.1471806782699812 -0.6872098347035269 0.6929021521355799 850.4762180247154 37.36703278822603 1720.4271233691632 107 106_0.jpg

108 -0.15997546777995178 -0.14720508045305314 -0.6873699789398986 0.6930086767491147 853.3701318147218 35.22699844575001 1718.3066854731665 108 107_0.jpg

109 -0.15916174834670488 -0.14751012350106973 -0.687336061025974 0.6931648004199419 854.6756096635428 33.72019861775027 1717.3115271491065 109 108_0.jpg

110 -0.15825956529043833 -0.1475286988296854 -0.6870306537752154 0.6936700035239389 856.8894149313945 33.85719975353322 1715.4458026185907 110 109_0.jpg

111 -0.15796020332151833 -0.14647573750556483 -0.6862720356259953 0.6947115412936353 860.1848560494182 38.93285238413831 1712.5354047678152 111 110_0.jpg

112 -0.15763735802588208 -0.14565408147530226 -0.685648613267374 0.6955726640896212 862.9774487047234 42.90472581592771 1710.2517555029874 112 111_0.jpg

113 -0.15679305096738805 -0.1457705077177494 -0.6857535810577213 0.6956356261107958 864.813001854351 41.161802592083006 1708.5650539521096 113 112_0.jpg

114 -0.15512522260289174 -0.14685184530396792 -0.6861426157727529 0.6953984553216573 866.3571796834356 35.12048816040694 1706.6935559057104 114 113_0.jpg

115 -0.1546310797790096 -0.1475011903314351 -0.6866040502527956 0.6949154669408676 866.0058560644076 31.168399474074427 1706.1283102171055 115 114_0.jpg

116 -0.15380457258314734 -0.14792421409600046 -0.6863907325104736 0.6952196362735533 867.0307662269997 30.107670041018743 1705.2172998748765 116 115_0.jpg

117 -0.1524723030836183 -0.148562660538239 -0.6860764097516062 0.6956870651870158 868.7812477194066 28.35488789938032 1703.5267789971554 117 116_0.jpg

118 -0.15165481365615255 -0.14773654532928887 -0.6868629859965094 0.6952653947501224 872.8242016377935 25.81505273731582 1700.2309616167513 118 117_0.jpg

119 -0.1510133452139878 -0.14812953764649234 -0.6873960023590192 0.6947944628339783 873.4448106939982 21.930081849066386 1699.1167600123813 119 118_0.jpg

120 -0.1511432333201441 -0.14783348595759552 -0.6877808899372242 0.6944482924511498 873.8341001970639 21.124138676090276 1698.070848686506 120 119_0.jpg

121 -0.1514218252182391 -0.14726271120120815 -0.6876917596089412 0.6945971267599692 874.5315134416296 23.073300400247852 1697.256011844798 121 120_0.jpg

122 -0.15221517612781124 -0.14692463339560924 -0.6872769053866413 0.6949058551919871 873.375429132077 26.515574155669693 1696.9257971319132 122 121_0.jpg

123 -0.15287802995509409 -0.14859440856138886 -0.6864297469409213 0.6952425563901875 867.6382124252963 27.251355192010173 1698.5365033088694 123 122_0.jpg

124 -0.1528336785773614 -0.14929224080283357 -0.6864298671549097 0.6951026765926552 866.0357917737663 25.681012079412845 1698.50011284542 124 123_0.jpg

125 -0.1516119158759381 -0.15043660673341283 -0.6871743062223359 0.6943875914695016 866.2575455532215 18.578292412688633 1697.5904204057947 125 124_0.jpg

126 -0.15126995254641953 -0.15067218592729467 -0.6873267427487708 0.6942602124181249 866.5224569423722 17.001869096096524 1697.0329182764303 126 125_0.jpg

127 -0.15217721979459448 -0.1500559023188381 -0.686473030951007 0.6950396375256629 865.778561712399 23.004023072223617 1696.4584432760503 127 126_0.jpg

128 -0.15296287404789155 -0.14981104892840258 -0.6848366331848899 0.6965326945879607 864.4198878897469 31.27821246735218 1696.1121808332948 128 127_0.jpg

129 -0.15372066226773182 -0.14989975302760702 -0.6856262693938586 0.6955692925591902 862.310305440441 28.753470346221597 1695.863239748751 129 128_0.jpg

130 -0.15227591278112015 -0.15205618949167524 -0.6862429830535007 0.6948104272632796 860.6094782034959 19.73931884183079 1695.9502751839862 130 129_0.jpg

131 -0.15267670522665922 -0.15180457134893866 -0.6864865481170936 0.6945368349144444 860.2265704632869 19.770907084326385 1695.692049740221 131 130_0.jpg

132 -0.15570616896323078 -0.14907857919274414 -0.6873511399713539 0.6935990027045503 859.3634574177972 25.81903395194175 1695.1330227730205 132 131_0.jpg

133 -0.15820220945359054 -0.14645301540531816 -0.689608680100192 0.6913490026991888 859.5562408580067 25.157270631392375 1693.6437328976895 133 132_0.jpg

134 -0.1606271042081935 -0.14439942948909718 -0.6900191705366023 0.6908120456744314 858.4755715253998 30.801996128868723 1693.184821585585 134 133_0.jpg

135 -0.1634374643478009 -0.14307160197191607 -0.688122805435001 0.6923190858246034 854.5370153711393 44.87147503910411 1693.9458924377213 135 134_0.jpg

136 -0.16414974563321205 -0.14301934429323485 -0.6871035742552636 0.6931731431699634 852.8194209906599 50.04203587229424 1694.1993335056816 136 135_0.jpg

137 -0.16434664491512274 -0.1421731614076019 -0.6860899205474263 0.6943036752054081 854.2896189418394 56.26935329272899 1692.3391210386546 137 136_0.jpg

138 -0.16423923673874113 -0.1418323290568043 -0.6863824026660281 0.6941096893576754 855.3704292653648 55.64111457598472 1690.3813640189235 138 137_0.jpg

139 -0.163874802982577 -0.142561703871591 -0.6853802096900964 0.6950360981285864 854.5002439946218 57.756584457706666 1689.805563860458 139 138_0.jpg

140 -0.16407056430103045 -0.1426700880650267 -0.6839873139358889 0.6963386031782431 853.6789328210346 63.4656471904976 1689.0716009479627 140 139_0.jpg

141 -0.16437436629034238 -0.14278687355246436 -0.6833676667473874 0.6968512097227015 852.6042931718922 66.11057040835749 1689.0334652159042 141 140_0.jpg

142 -0.1644796720411224 -0.14313741712330016 -0.6828142615862695 0.6972967814918642 851.4772148756275 67.73220708383562 1688.5729984514637 142 141_0.jpg

143 -0.1634054998948221 -0.14369018943558584 -0.6826379034940734 0.697608245921237 852.8572766800904 65.96384668647612 1686.9872679071852 143 142_0.jpg

144 -0.16210398089059677 -0.1450956942271215 -0.682822055625022 0.697440735294541 852.7804068140547 60.606430203803995 1685.7830529346677 144 143_0.jpg

145 -0.161984219134631 -0.14575587994902825 -0.6832531638564336 0.6969084949201018 851.5138245386867 57.26484193188437 1685.5777849581887 145 144_0.jpg

146 -0.1620758897104391 -0.14585533129255723 -0.683539884807532 0.6965851377867703 851.05168255987 55.977705739092315 1685.3624283295333 146 145_0.jpg

147 -0.1626954158450326 -0.14533923544289595 -0.6841212912171177 0.6959775622872552 850.7406242503665 55.42205081696859 1684.5490081871417 147 146_0.jpg

148 -0.16331318762107597 -0.14461907429990534 -0.6840013509498958 0.6961007671281504 850.8842188327736 58.158119277813384 1682.8898018693967 148 147_0.jpg

149 -0.16367824885975796 -0.14503646649833035 -0.6826171257865039 0.6972859627289612 848.9163374573367 63.33614276879209 1682.677866053888 149 148_0.jpg

150 -0.16360098131775025 -0.1455845603260191 -0.6809609274680759 0.698807605831796 847.7453747067841 68.79940716455535 1682.041422300126 150 149_0.jpg

151 -0.16291906264757317 -0.14581417398305327 -0.6806419847991613 0.6992296434078966 848.8972141253478 68.77074330626016 1680.9366619416166 151 150_0.jpg

152 -0.16230049509881717 -0.14626643646864157 -0.6806187087357223 0.6993016889528881 849.3649312682227 67.12379573801451 1679.7153184014032 152 151_0.jpg

153 -0.16157140245658422 -0.14758113307577753 -0.6801337774844664 0.6996660173204016 848.0389257311961 65.36793528957854 1678.880327584528 153 152_0.jpg

154 -0.16155590122583136 -0.14754342502915038 -0.6800268740315637 0.6997814509578233 848.1545470217145 65.82885517170892 1677.7312111457222 154 153_0.jpg

155 -0.1608498523468806 -0.1482071516935554 -0.6799171795823736 0.699910418621998 848.3262274589122 63.97077565269503 1676.6421419716416 155 154_0.jpg

156 -0.1607840946493025 -0.148270004957523 -0.6798609768037706 0.6999668083253113 848.3335173540113 63.96810973713412 1676.1109576367455 156 155_0.jpg

157 -0.16083629144050904 -0.14838884326921467 -0.6792550743989678 0.7005176532052143 847.898196777896 66.19679565652234 1675.1767742001257 157 156_0.jpg

158 -0.16052267849192728 -0.1488821618458403 -0.6791471165127202 0.7005895843547375 847.4854721642963 65.15068994338695 1673.7901196824416 158 157_0.jpg

159 -0.16099888707870366 -0.14926312794559443 -0.6802609377382792 0.6993174769607526 845.4004367042487 60.39212629018402 1673.9276680186624 159 158_0.jpg

160 -0.16157063285745393 -0.1487473424684287 -0.6818351356287982 0.6977607086449338 845.217614481118 55.77913110824475 1673.069683311845 160 159_0.jpg

161 -0.16199891362148605 -0.14850702139815586 -0.6823940231187778 0.6971659872603331 844.7295563850096 54.52908420027302 1672.8006890729744 161 160_0.jpg

162 -0.16227679655904262 -0.14749762689492174 -0.6828972849472504 0.6968227820404377 846.4342778757966 54.94282439122211 1670.8347050928537 162 161_0.jpg

163 -0.1625876048408194 -0.146743880779146 -0.6830876667158103 0.6967228601005937 847.4305163028288 56.107085271444596 1668.6093534058966 163 162_0.jpg

164 -0.16291666401834273 -0.14609282967620402 -0.6829412797136105 0.6969262903388491 848.1345101705617 58.44939444746393 1667.047657198924 164 163_0.jpg

165 -0.16272271572319297 -0.14656705469365236 -0.6831286253277409 0.6966883790647922 847.490103664597 56.42529949193479 1666.2955962631454 165 164_0.jpg

166 -0.1628541430749231 -0.14694630895370253 -0.6836454140847793 0.6960705841860193 846.2776449574258 53.67617562392866 1666.422516708908 166 165_0.jpg

167 -0.16325350325770285 -0.1461886729059059 -0.684803557829731 0.694997304147174 847.1008658695196 51.05617537315364 1664.930700608109 167 166_0.jpg

168 -0.1636978448640347 -0.1455222239833996 -0.6855463187975751 0.6943000379496529 847.5781754886068 49.96602171547399 1662.986495409295 168 167_0.jpg

169 -0.16325762313128112 -0.14582003275870375 -0.6855660470168008 0.6943217278132183 847.9514940354769 48.708400703448184 1661.6741329264337 169 168_0.jpg

170 -0.16357806760482455 -0.1458862325870985 -0.6843768849155036 0.6954047039915432 846.9489415085892 53.72732749560015 1660.861122733654 170 169_0.jpg

171 -0.16317898950340176 -0.14565451285505193 -0.6834830968901082 0.6964253273216828 848.4426703892682 57.3283870067738 1659.3925806255693 171 170_0.jpg

172 -0.16305580808218317 -0.14607784165158463 -0.6823018071811714 0.6975229828087305 847.7048461568507 61.002087695584414 1658.4581165611294 172 171_0.jpg

173 -0.16185347453827648 -0.14666833725273243 -0.6839852156254622 0.6960287899456431 849.3107365545214 51.5020940511203 1656.1508705166473 173 172_0.jpg

174 -0.16210646978547621 -0.14602351554932436 -0.6843971784805479 0.6957004581342257 850.20698507834 51.49317031010262 1654.493927466018 174 173_0.jpg

175 -0.16341406498008407 -0.14571486331709918 -0.6834496994963877 0.6963903576539967 847.6722434599396 57.489872733126816 1654.3706156316323 175 174_0.jpg

176 -0.164052761427292 -0.14584116338950118 -0.6831174503947263 0.6965397300193905 845.7883397144213 59.30344706894076 1654.6577098092876 176 175_0.jpg

177 -0.16406733100562068 -0.14634920003605312 -0.6837870751102542 0.6957722748555472 844.5818708049841 55.533561099823515 1654.1949619961752 177 176_0.jpg

178 -0.1632975227987155 -0.1482775790473424 -0.6847166123900363 0.694630001739613 841.9680846212682 46.766047561331284 1653.9798170282631 178 177_0.jpg

179 -0.16224122115515136 -0.14846098434654667 -0.6835883540412553 0.6959483346514359 844.0872818027091 49.61067171701658 1651.5932602375958 179 178_0.jpg

180 -0.16253579714913038 -0.14852631922761644 -0.682714465286233 0.6967230482987669 843.1793153759078 53.29283337101707 1650.7016092945264 180 179_0.jpg

181 -0.16271947108507467 -0.14861669365370456 -0.6829872670573818 0.6963934556949277 842.5163906488015 52.218277476364854 1650.4375501446127 181 180_0.jpg

182 -0.16279272618843504 -0.1489510647881111 -0.6843265758343253 0.6949886662424737 841.5731683184403 46.21840113608643 1649.8250052708067 182 181_0.jpg

183 -0.16347508013840165 -0.14860492279603013 -0.6852822433639719 0.6939601732265123 840.7133965610097 43.906719837496844 1648.4260408714144 183 182_0.jpg

184 -0.16287204327400676 -0.14891898758169844 -0.6828253316964926 0.6964520077155114 841.3878480413377 52.30816841059407 1646.6071441354327 184 183_0.jpg

185 -0.16258604313025526 -0.14963890631493304 -0.6817664317666864 0.6974012538074745 840.3654027409066 54.63090616659515 1645.8106394071135 185 184_0.jpg

186 -0.16189279348592867 -0.15003786428072344 -0.6822288203667313 0.6970245328253661 841.1241376192967 51.10061868207043 1644.9042362284627 186 185_0.jpg

187 -0.16158727174895757 -0.15013030245803882 -0.6830595358808481 0.6962615286907834 841.6497039498987 47.205144283525605 1643.4885919833425 187 186_0.jpg

188 -0.16209860851845911 -0.1498322586708451 -0.6833696764433088 0.6959024505602346 841.0889617482259 47.17642252282143 1641.892680202561 188 187_0.jpg

189 -0.16232591001866903 -0.14922768508988948 -0.684310874240682 0.69505397224624 841.9514030982489 44.958195065937836 1640.238703784058 189 188_0.jpg

190 -0.1629183056144042 -0.1480512171028871 -0.6851124645681099 0.6943769680105294 843.2610993471455 44.94045511298838 1638.3040103376402 190 189_0.jpg

191 -0.16297534335711691 -0.14783170545894947 -0.6848617748521443 0.694657594549357 843.6185565321498 46.45620945949691 1637.4518307948902 191 190_0.jpg

192 -0.16340658635135527 -0.14762431024239206 -0.6840003850146862 0.6954486493352446 843.0122019000532 50.80014046274628 1636.3699183501408 192 191_0.jpg

193 -0.1637408618672712 -0.14674889969336807 -0.6841585859650905 0.6953996835230779 844.2063418590649 52.37586091035438 1633.8020401385554 193 192_0.jpg

194 -0.16375531385038009 -0.1468802844293729 -0.6840510771676949 0.6954743007886248 843.8506831738624 52.51485079370309 1632.6964452317652 194 193_0.jpg

195 -0.16333854890675495 -0.14668685861559486 -0.6831285003995629 0.6965191568739287 845.2645559377618 56.036254707062206 1630.5625115151483 195 194_0.jpg

196 -0.16336406449907387 -0.14687878812762298 -0.6830204716159776 0.6965786670448578 844.7486824877338 56.07434367957261 1630.1835642823078 196 195_0.jpg

197 0.28984476504623063 0.24967038963174668 0.658357612200306 -0.6482437529003569 224.23692103816578 30.991317935963835 1935.1917442676918 197 000_1.jpg

198 0.28983144215793 0.24972976087019846 0.6583491611350394 -0.6482354230564371 224.09509811946424 30.889655199697163 1935.2007789719326 198 001_1.jpg

199 0.2898416791153557 0.24979433970295756 0.6583198363272107 -0.6482357456960153 223.85801432404307 30.880843530910447 1935.2142101830468 199 002_1.jpg

200 0.28985364445529793 0.24982375421713854 0.6583212140402178 -0.6482176607972434 223.7234235675096 30.80619492875885 1935.219547081852 200 003_1.jpg

201 0.2898868748405144 0.2498288981362406 0.6583647209624852 -0.6481566289433603 223.5992877226344 30.587861217825186 1935.2266901411356 201 004_1.jpg

202 0.2898948630486715 0.24983381133720325 0.6583646945244088 -0.6481511892255545 223.55463560299654 30.577438693008126 1935.2270112629562 202 005_1.jpg

203 0.2899295214627783 0.24985893132462003 0.6583394502625485 -0.6481516452572565 223.36288989387643 30.646284773259303 1935.2385398311394 203 006_1.jpg

204 0.2901240211406897 0.24979731545114395 0.6582841571834793 -0.648144522426746 222.92562323919663 31.092616006315687 1935.2684630353865 204 007_1.jpg

205 0.2903748974135765 0.24964235531910822 0.6581837850958409 -0.6481938123892383 222.5843848412103 31.987112426800447 1935.2847001864257 205 008_1.jpg

206 0.29087179306904815 0.24929197102640419 0.6580459069811975 -0.6482458619103252 222.0481895166417 33.56431628978375 1935.3109509439664 206 009_1.jpg

207 0.29110434391150897 0.24913568849407472 0.6579715183420793 -0.6482770632415217 221.77156756314832 34.3314203390206 1935.3236849870764 207 010_1.jpg

208 0.291380335880504 0.24902687593912526 0.6578510054210729 -0.6483171828577797 221.2093908073837 35.21676614136703 1935.3565435169528 208 011_1.jpg

209 0.2914930516575249 0.249212152526501 0.6577514437634321 -0.6482963381784692 220.29096188166784 35.280766094271144 1935.4304325208063 209 012_1.jpg

210 0.29159527686303144 0.24939130292343958 0.6577137315770828 -0.648219731134644 219.43378937108264 35.05740480513143 1935.5058048969945 210 013_1.jpg

211 0.29169829554963056 0.2495763964500377 0.6576542887679772 -0.6481624512215592 218.54454051943517 34.92491842439143 1935.5742102596882 211 014_1.jpg

212 0.291726797193595 0.24969447379043452 0.6576207012425807 -0.6481382251147526 218.09322221589912 34.81345279458678 1935.6069657119733 212 015_1.jpg

213 0.29178302051653604 0.24997173035126158 0.6574953915306292 -0.6481331754195487 217.064035785711 34.7757716159521 1935.6790306814628 213 016_1.jpg

214 0.2919645478411857 0.25043806523264933 0.6572677293690583 -0.6481023146205094 215.05961846023308 34.80798518568709 1935.8225380557164 214 017_1.jpg

215 0.29204462657405234 0.25089509656302494 0.6571057471727071 -0.6480537197196317 213.41964327456006 34.528311700077396 1935.947103406547 215 018_1.jpg

216 0.2920793646063643 0.25111235891227895 0.6569501554030165 -0.6481116580409626 212.59340235027472 34.773451072716284 1935.9654836607751 216 019_1.jpg

217 0.2921095898825929 0.2511743959075278 0.656842434377107 -0.6481831737562059 212.26826911200828 35.15274256787567 1935.9583328880824 217 020_1.jpg

218 0.2922442615792038 0.2513586183372495 0.6565407383482122 -0.6483566884445623 211.20165789288652 36.199855913231104 1935.9763930428794 218 021_1.jpg

219 0.2926729647313912 0.2516941165320084 0.655821688095855 -0.6487607577848808 208.69013692862575 38.958398491808325 1936.05720494933 219 022_1.jpg

220 0.2927476926755183 0.2520989804377319 0.655406613687836 -0.6489892627999788 207.13538639604275 40.02541617980919 1936.10056626558 220 023_1.jpg

221 0.2929634638467044 0.2523726126732563 0.6550270561426877 -0.6491687214772902 205.5227334842437 41.24926650509605 1936.1395967493331 221 024_1.jpg

222 0.2931477349296636 0.2524922485918755 0.6547120853850437 -0.6493567241181024 204.51780194710776 42.52002527604138 1936.1638270138235 222 025_1.jpg

223 0.29343214929792377 0.25289077522651293 0.6540700707967662 -0.6497200720707706 202.29944107459158 44.731944072470284 1936.2301750549166 223 026_1.jpg

224 0.29356429005083184 0.25398812054849146 0.6535827202009113 -0.6497227640170637 198.4766962697012 44.52735302796436 1936.4420066320363 224 027_1.jpg

225 0.2935104001766022 0.25507470572396873 0.6537328076589186 -0.6491702054764906 195.3794453902547 41.23387932335511 1936.6944114151781 225 028_1.jpg

226 0.2931892199616795 0.2561750970011482 0.6541191970044045 -0.6484924649408252 193.05991925594725 36.71753995199706 1936.8721812180413 226 029_1.jpg

227 0.292877880452797 0.2568039137487561 0.6543493733049055 -0.648152138529432 192.13516550444427 34.070999094634686 1936.9418748147896 227 030_1.jpg

228 0.29205419568270213 0.2582618518575685 0.65478659418196 -0.6475026476693502 190.29847949495922 28.383674514918855 1937.0668151541872 228 031_1.jpg

229 0.2906691253525928 0.2605398126797637 0.6550921465682886 -0.6469039689784752 187.63357011477794 21.304282108815652 1937.1690247402958 229 032_1.jpg

230 0.2898338392122663 0.2616929081891675 0.6548362489583298 -0.6470723719192145 186.5773294345703 19.689546505882927 1937.1124904423014 230 033_1.jpg

231 0.28892696918524463 0.26271971006667755 0.6544006064401205 -0.6475024376098609 186.0818783375594 19.229684211078652 1936.9879786019649 231 034_1.jpg

232 0.28838046142551715 0.26327293912812405 0.6539502824415369 -0.6479761547198163 185.9777815848796 20.017612909551943 1936.8989606559328 232 035_1.jpg

233 0.2872542152270878 0.2644293437128374 0.6531800547110801 -0.6487819002912292 185.73734921465646 20.826129912513736 1936.7355716227148 233 036_1.jpg

234 0.28480347135212275 0.26666003885916745 0.6524228129841141 -0.6497106121030375 186.23843851357796 18.76120215182045 1936.445931944436 234 037_1.jpg

235 0.28346164814904723 0.26806907997039287 0.6525769871022515 -0.6495627285312794 185.93238581007824 14.412403003386956 1936.338100585838 235 038_1.jpg

236 0.2827112336080801 0.2688131791964174 0.6527301115474001 -0.649428390633972 185.78095407681707 11.751076390539978 1936.1911874490495 236 039_1.jpg

237 0.28224069671054464 0.26933598840201833 0.6524685621339866 -0.6496792207687283 185.52722649670702 11.684132885057466 1936.1225447965105 237 040_1.jpg

238 0.2811498250434487 0.27058525795833666 0.6524106863633121 -0.6496912269475482 184.88098581924453 8.776680084800477 1936.0132809795539 238 041_1.jpg

239 0.2788662920740635 0.2718080502634156 0.6526038108155773 -0.649970954017062 187.76708635842238 4.402906487714274 1935.4801554712224 239 042_1.jpg

240 0.27737910927597814 0.2722227129036515 0.6531634657688512 -0.6498716113983316 190.7536800626517 0.3250692652257343 1935.0076041984028 240 043_1.jpg

241 0.27525329450716035 0.2721741415477443 0.6542536345486776 -0.6496991936392935 197.00391527944367 -5.435374313097536 1934.1857256832805 241 044_1.jpg

242 0.27381890318271596 0.2722309503013197 0.6545115861427169 -0.6500216162273373 200.97872315131988 -7.234356827001004 1933.6782134915993 242 045_1.jpg

243 0.2705676536592471 0.27169638697901566 0.6549438428490005 -0.6511703162845051 211.96077418131108 -9.083637696324905 1932.3129244840686 243 046_1.jpg

244 0.2655044552635426 0.26942273027583036 0.6557447209261116 -0.6533893461202612 233.28478599507832 -9.39928457404588 1929.5753774359218 244 047_1.jpg

245 0.26100850102402073 0.2674739606640274 0.6567638037486927 -0.6549759910450466 252.00903410982954 -11.50972509012828 1927.0223412827236 245 048_1.jpg

246 0.2551012012320852 0.2647058867494774 0.6583511151996356 -0.6568317743269704 277.16400510990417 -15.241615763553725 1923.3413008475957 246 049_1.jpg

247 0.2521455633802798 0.2625618058614309 0.6593860121723298 -0.657794800771409 291.93351397372203 -16.607656845288748 1921.040938343421 247 050_1.jpg

248 0.24660073395822135 0.257174775392598 0.6615333612556753 -0.6598657627569424 323.51518812593423 -17.191435610680156 1915.7657524441345 248 051_1.jpg

249 0.23794227869458537 0.24777556482694352 0.6644857444232383 -0.663663647446967 375.347076652523 -14.449804224202337 1906.0078030723118 249 052_1.jpg

250 0.2302659218846188 0.24023747263582462 0.6673716906565302 -0.6662421395186758 418.62755823918405 -15.614384235599926 1896.7539209217011 250 053_1.jpg

251 0.2216175508087931 0.23215986304829261 0.6700372311972773 -0.6693560845860718 465.77446999501495 -15.687464414341852 1885.5181794978935 251 054_1.jpg

252 0.21717404191444659 0.22784503440406081 0.6718569734225266 -0.6704701955191424 490.2618504251666 -17.657468953137606 1879.1686021118767 252 055_1.jpg

253 0.20844550407092433 0.21938730792696745 0.6754794220249714 -0.6724189403742185 537.9086248357406 -22.179331134393948 1865.8179292435595 253 056_1.jpg

254 0.19134553250605707 0.205139091417044 0.6791976653605658 -0.6782295862990053 623.4454103879884 -22.42834022760968 1838.6601855122626 254 057_1.jpg

255 -0.17922849663768575 -0.19360132530140317 -0.6819706183386385 0.6821376316824563 686.8084625487045 -21.346524795255476 1815.7237039764523 255 058_1.jpg

256 -0.16773495671401484 -0.18174529516728444 -0.6840629354861371 0.6862153687252956 748.2915359133249 -16.932884088938 1791.0722035868775 256 059_1.jpg

257 -0.16153591416052956 -0.17594981232269458 -0.6853829327455417 0.6878939216776455 779.4014683723159 -17.123115802875937 1777.6251276123462 257 060_1.jpg

258 -0.14831330101755028 -0.16379965536411598 -0.6890088136433775 0.6902461099967314 844.162468444708 -22.343772467969437 1747.482969629259 258 061_1.jpg

259 0.1268638766025235 0.14377651530674532 0.6942076827857995 -0.6937647754252156 946.9711554004522 -29.43811948915714 1693.4512444953286 259 062_1.jpg

260 0.11278950215369997 0.12998137090187895 0.697697642906715 -0.6954145314161926 1013.8322074297326 -34.417305189535476 1653.8875172050205 260 063_1.jpg

261 0.09781494861621096 0.1158211713411366 0.7008776510228532 -0.6969850862056252 1081.7215961366533 -39.82123867360288 1609.8594409517355 261 064_1.jpg

262 0.08975161010740439 0.10854110120888298 0.7016393541270964 -0.6984738324172225 1116.6501973319005 -40.15298951510638 1585.655300106659 262 065_1.jpg

263 0.07405767728166217 0.09288750215864502 0.7032142868604101 -0.7009829093022011 1186.2297815713687 -39.0910113030461 1533.9740790133135 263 066_1.jpg

264 -0.04985745707733833 -0.06808608675635794 -0.704095689010851 0.705072889480458 1289.9166148197955 -32.93089427452627 1447.450516470445 264 067_1.jpg

265 0.033854015905764256 0.05003675601017808 0.7060488568733962 -0.7055814909440302 1358.1238019898185 -32.28743497689558 1383.2347384991342 265 068_1.jpg

266 -0.015583918217078406 -0.03325036424983392 -0.7059865275466943 0.7072726332135418 1424.8066297197931 -32.93385402928665 1313.9437632469671 266 069_1.jpg

267 -0.006547243264894487 -0.024973604774527935 -0.7060099929829342 0.7077311230110155 1456.417427116997 -34.177250373224844 1278.5352595535946 267 070_1.jpg

268 0.010639251209083966 -0.007982802144343498 -0.7063800624965758 0.7077077705599732 1516.2326080650785 -36.125038166460165 1206.4097538302362 268 071_1.jpg

269 0.03577932437317166 0.01845055157621521 -0.7051492633414159 0.7079152021979689 1599.8322003146054 -32.158234738212506 1092.3176636533626 269 072_1.jpg

270 0.052253611185842624 0.03574846662313489 -0.7045755064080117 0.7067990966477159 1649.9730674391378 -31.97413753493976 1014.3040547289761 270 073_1.jpg

271 0.06766702802265914 0.05217281101691736 -0.7039763826472317 0.7050648365817801 1693.8053458344514 -32.09267420506311 938.5004453782705 271 074_1.jpg

272 0.07506146101264047 0.05991313013875976 -0.702788072050286 0.7048866005900991 1713.4760739780963 -30.05809221249784 901.7645834635786 272 075_1.jpg

273 0.08975119052350759 0.07578284019778597 -0.6998356449107658 0.7045791332728373 1750.8340924246127 -24.06147066045642 826.2141590460666 273 076_1.jpg

274 0.1105078419625129 0.098455592228874 -0.6971918024447096 0.70144002154678 1798.195495561595 -21.15988155822673 715.7562471952872 274 077_1.jpg

275 0.12243107805677417 0.11115762792467153 -0.6959728512862203 0.6987677748383542 1821.971314337398 -21.703371014152648 651.6120770034458 275 078_1.jpg

276 0.1316270758783059 0.12280545274955418 -0.6950830605713337 0.6960263447438548 1840.3425134558672 -18.521584730093906 596.4790667337262 276 079_1.jpg

277 0.13542631862997093 0.12754182106775003 -0.6946204867983292 0.694906594745731 1847.3661714298416 -17.18295510592744 573.6865563961851 277 080_1.jpg

278 -0.14169085976850646 -0.13506087266187722 0.694079841190147 -0.692773725676237 1858.0238560283956 -16.24497731403302 536.5828943663103 278 081_1.jpg

279 -0.14913955452258942 -0.14148561301030813 0.694372322149852 -0.6896276479522288 1867.7262336424865 -23.036975828997864 498.76717147124515 279 082_1.jpg

280 -0.15330130817435694 -0.14411782152347452 0.6947291883687646 -0.6878081980173226 1872.0290947896435 -29.422573022609495 480.02908620075726 280 083_1.jpg

281 -0.15589021350685903 -0.14689743445158637 0.6943145972308566 -0.6870564934242899 1875.2759017317674 -29.333080108970186 465.1588794841518 281 084_1.jpg

282 -0.15678917281952784 -0.14824255426505126 0.6937247655923425 -0.6871588244324531 1876.5847437249815 -27.387007112986268 458.931065551737 282 085_1.jpg

283 -0.15800958721985908 -0.15055634273811336 0.6921126714992499 -0.6880013139217868 1878.5378540641593 -21.730657284837275 449.0786619627596 283 086_1.jpg

284 -0.15879479085549705 -0.1561340144564217 0.6898462513963616 -0.688853056436036 1882.0302477470536 -6.218243171890676 431.2976076427187 284 087_1.jpg

285 -0.15913582875582435 -0.1606900546546986 0.6890502465062308 -0.6885232400805142 1884.583973276123 4.715225693772583 417.5794403502943 285 088_1.jpg

286 -0.15921808849027466 -0.1644725736793065 0.6897305405055417 -0.6869280561301463 1886.4002173339416 11.181193795214444 406.6791837816043 286 089_1.jpg

287 -0.16012076966465777 -0.1655500089783512 0.6899913250446281 -0.6861971327631905 1887.3244113416724 10.471649595191383 401.07970024630976 287 090_1.jpg

288 -0.1616739769376826 -0.16725476883067164 0.6901863836724953 -0.6852226815259661 1888.699934215942 9.523255355697355 391.7797400319394 288 091_1.jpg

289 -0.16176765976916865 -0.169112927212281 0.6899573557321507 -0.6849751012800385 1889.255772001099 13.888074224352165 386.0696863109611 289 092_1.jpg

290 -0.16246012096837817 -0.1705917913184651 0.689442094766181 -0.6849633185756137 1889.6652637958691 16.44366941380613 379.5627764727037 290 093_1.jpg

291 -0.1636582012768199 -0.17264888294674569 0.688777578110481 -0.6848312231961514 1890.9088943984461 19.225742092184404 370.25447570702744 291 094_1.jpg

292 -0.1643042170794394 -0.1740323082342758 0.6882333464698512 -0.6848735217158508 1891.7215728171534 21.749483400996024 364.492771952467 292 095_1.jpg

293 -0.16558360883479603 -0.1759112801379491 0.6876352542263775 -0.684686093878427 1892.8273838188843 23.742399411466533 355.41573835930984 293 096_1.jpg

294 -0.16799553828092428 -0.17803589293662023 0.6875559954021118 -0.6836281687661605 1894.3891198853717 21.98356352215976 342.3592216198206 294 097_1.jpg

295 -0.1693857239632839 -0.1793162790051022 0.6872639170767544 -0.6832440683134501 1895.2027954199712 21.64559289770494 334.6206373080643 295 098_1.jpg

296 -0.17028446183897947 -0.18089661647904123 0.6865587758914377 -0.6833130054734027 1895.8293548004638 24.237048194720003 327.3822159761922 296 099_1.jpg

297 -0.17021713147357714 -0.18211575223288598 0.6861665112138476 -0.6833999559775913 1896.0419299981465 27.980494544830922 323.99851091689413 297 100_1.jpg

298 -0.17049706859653455 -0.18432172828764287 0.6849372398206133 -0.6839716570063153 1896.5476282712234 34.794260520415264 316.7093934658557 298 101_1.jpg

299 0.17128588355494986 0.18544074113435227 -0.6834609517618246 0.6849481769003865 1896.8007879032693 38.34033541541969 310.97767651657153 299 102_1.jpg

300 0.17173454146853748 0.18597598233752727 -0.6828717282690743 0.6852783259311435 1896.9379627291958 39.57229463713914 308.02645605233454 300 103_1.jpg

301 0.1721573117470076 0.1872856794814126 -0.6826483264582304 0.6850380986901433 1897.09909097868 41.7609757027677 302.8283096748889 301 104_1.jpg

302 0.1728893480115124 0.18854260044322282 -0.6822151799385924 0.6849404422456127 1897.060454588671 43.431344792015146 296.6914192051882 302 105_1.jpg

303 0.1732352703771139 0.188530732142103 -0.681876391905821 0.6851936151897725 1896.6020401990575 43.177547740881195 295.3269188273266 303 106_1.jpg

304 0.17429164450197662 0.18858192988852815 -0.6815114568426053 0.6852746986198925 1896.525798542639 41.15710958421107 291.8278358112229 304 107_1.jpg

305 0.1750288553446208 0.18842075280964077 -0.6811238463365373 0.6855164663661413 1896.5010238467048 39.60320980947972 290.00043195979134 305 108_1.jpg

306 0.17578908361778137 0.18854136675369712 -0.6803859830290766 0.6860213299898376 1896.2616732832817 39.350404481805484 287.0932403799697 306 109_1.jpg

307 0.17567160349005417 0.18986575691064692 -0.679616537178395 0.6864487194784674 1895.7228966557175 44.21116790524047 283.0477089588302 307 110_1.jpg

308 0.17568819418924772 0.1910653481913829 -0.6788871363454273 0.6868332747091772 1895.4906039810185 48.33824571019679 279.1788686624157 308 111_1.jpg

309 0.17647407205879245 0.1911180869968273 -0.6785565063894918 0.6869438451213816 1895.2119666538667 46.96946913083475 276.3865042705186 309 112_1.jpg

310 0.178067453015317 0.19005101841716407 -0.678118947769154 0.6872607112673413 1894.5589702329962 41.13452941231927 274.23563267137314 310 113_1.jpg

311 0.1787110756430907 0.18919554543265132 -0.678376544777863 0.687075440200113 1893.883194582358 36.916851490425465 274.3934149352133 311 114_1.jpg

312 0.1793565697923131 0.18899789752254667 -0.6778302326310192 0.6875006846074921 1893.7522421934207 35.85156649965319 272.8961975297866 312 115_1.jpg

313 0.18115481765442543 0.1890664669024485 -0.6768342612210024 0.6879914141695644 1893.1753173488178 33.08734994413794 266.7409418457713 313 116_1.jpg

314 0.18148734075242842 0.18914568948113633 -0.6771431524479181 0.6875779260492684 1893.0111674054908 31.673686071253282 265.387290971974 314 117_1.jpg

315 0.18239334147035424 0.1886033271153622 -0.6773063018553258 0.6873264344220705 1892.5144340519855 27.612242676824202 263.93475352487985 315 118_1.jpg

316 0.18244013994180927 0.18858622144705398 -0.6777334850548719 0.6868974855491272 1891.8368560747772 26.52856421006105 263.40128101143495 316 119_1.jpg

317 0.18223249186017756 0.18914731181266953 -0.6777958394353004 0.6867367861041576 1891.59660907969 28.190791613775815 262.1748071527453 317 120_1.jpg

318 0.18127092155065297 0.18964107528107593 -0.6778169319246463 0.6868342757628464 1890.6432797914047 31.877455313694288 262.96089469228184 318 121_1.jpg

319 0.18033328942950583 0.18845382985763692 -0.6773786213127778 0.6878395613251125 1888.7253312559849 32.793638033911186 268.06753874980274 319 122_1.jpg

320 0.18022196197763907 0.187681773309505 -0.6773124481966155 0.6881449294343721 1887.6765622991 31.546310069450925 270.014888797478 320 123_1.jpg

321 0.18159753521606692 0.1864102867864825 -0.6774496524174258 0.6879938289135592 1887.0862685551147 24.661125392896 269.271707947735 321 124_1.jpg

322 0.18211665629456777 0.18608271759134506 -0.6774023564774309 0.6879918554406946 1886.8270453817372 22.601172333139743 268.5036399994279 322 125_1.jpg

323 0.18104511378555788 0.18687045732299343 -0.6771148052065851 0.6883441287062149 1885.917467296992 27.8782751383746 268.7354807694111 323 126_1.jpg

324 0.17939317660082202 0.18809151770824198 -0.6756495346052634 0.6898821461256752 1884.4854594347769 38.1640045295636 269.0040861581525 324 127_1.jpg

325 0.17914584449428458 0.18749754362307933 -0.6768998640086035 0.688881710920587 1883.4551698268824 34.90937847992191 270.90975986256194 325 128_1.jpg

326 0.1807286617413679 0.1852237882685202 -0.6769326713595013 0.6890511283865096 1882.5767256204433 25.51047194818405 272.3648205787816 326 129_1.jpg

327 0.18052868292507177 0.18511433466089589 -0.6772217346116806 0.688848894833939 1882.0863972997624 25.20996367598796 272.98141457762284 327 130_1.jpg

328 0.17836153026075327 0.18696304738450054 -0.679251928840313 0.6869125130629503 1881.113520641869 30.907449178516092 273.4123675608212 328 131_1.jpg

329 0.17704674920938704 0.18840735737611808 -0.6825082067094107 0.6836224572490582 1879.9994531404384 30.751008557606905 272.41557226881775 329 132_1.jpg

330 -0.17526628493203428 -0.18991958215257873 0.6840685720719598 -0.6821015103227253 1879.0458346007679 35.59848831264629 272.70808850992904 330 133_1.jpg

331 -0.17190837332994993 -0.19188524324529352 0.6838303830988844 -0.6826445427560217 1877.417604645627 49.528178271843565 276.0467914092539 331 134_1.jpg

332 0.17072922497919643 0.19230414628453665 -0.6832432625056379 0.683410046239028 1876.5806716204215 54.88443419346607 277.8443385937098 332 135_1.jpg

333 0.17001605236462083 0.19361130230955523 -0.6823433748593891 0.6841174784653931 1875.8658521510738 61.56077510235488 275.6391337362743 333 136_1.jpg

334 0.17016223716819937 0.1939167831801885 -0.6825748764370193 0.683763579243549 1874.8808954862955 61.306809221164315 273.6142348954169 334 137_1.jpg

335 0.1700968392734417 0.19366912120770283 -0.6815946729254022 0.6848270136315703 1873.9357580728743 62.99351710375641 273.85393692885145 335 138_1.jpg

336 0.16934324449965615 0.19410710806172246 -0.6803997034587931 0.68607691964927 1872.859444575669 68.4845220847949 274.07980605948615 336 139_1.jpg

337 0.1687765050527734 0.19427852362284084 -0.6799779308559427 0.6865860180268537 1872.210275398954 71.26798431141425 274.84860163595886 337 140_1.jpg

338 0.16829777610385754 0.19419073058545913 -0.6795192863852446 0.6871821870098712 1871.119931416406 73.311130149793 275.79839987830474 338 141_1.jpg

339 0.16974118411760528 0.19346447937835115 -0.6785323284310079 0.6880067622539853 1870.374507260239 69.84655387533762 272.9258904275667 339 142_1.jpg

340 0.17045709587019958 0.19260080341233532 -0.6783576559144768 0.6882442877747963 1869.6563867975196 66.36842002477431 272.77362641563815 340 143_1.jpg

341 0.17070676373648508 0.19171239250303318 -0.6786786340407867 0.6881139956954156 1868.7226773995858 63.0682099469245 274.01005776693387 341 144_1.jpg

342 0.1708142379590216 0.19148865347594754 -0.6789633520584978 0.6878687071396222 1868.3153959132899 61.68198426015197 274.0793424107409 342 145_1.jpg

343 0.17056015436436278 0.19159056446903217 -0.6797439847007103 0.687132013962996 1867.4583895081555 60.92987235590991 274.0062895326931 343 146_1.jpg

344 0.1699492423870095 0.1922760088010433 -0.6800676518343418 0.6867715634620779 1866.1798088590424 63.35081102749845 272.99199918383226 344 147_1.jpg

345 0.16905094105246674 0.1924564056965146 -0.6790251187011895 0.6879732548642349 1864.8983913731497 68.32370312495009 274.2670923460948 345 148_1.jpg

346 0.1682394769252419 0.19271126317815132 -0.6775384916294606 0.689564674130482 1863.6502777959925 74.14002527869566 275.03550185645435 346 149_1.jpg

347 0.16862935171853916 0.1927016790717744 -0.6768940594134104 0.690104801427101 1863.3748535099533 74.38552635814062 273.6323642028679 347 150_1.jpg

348 0.16924101774836214 0.19234888425661276 -0.6765287473796022 0.6904116443149847 1862.687504683461 72.68851358429903 272.29904810967554 348 151_1.jpg

349 0.16967651351034135 0.1913223499966496 -0.6757845667485436 0.6913182035063288 1861.2477140314968 70.78738376199324 272.9432876669124 349 152_1.jpg

350 0.16964855743025214 0.19146844480725544 -0.6756431592861895 0.6914228249882284 1860.3948588717208 71.43028310872695 271.99828028550706 350 153_1.jpg

351 0.17016921677719668 0.19088641167734283 -0.6752503920555776 0.6918393769706752 1859.566228412381 69.54063153221978 271.526059143586 351 154_1.jpg

352 0.1702559741596534 0.19084214943411915 -0.6751566344784002 0.6919217413711701 1859.1568784329634 69.38426603538989 271.10389667599355 352 155_1.jpg

353 0.16989150613780205 0.19094291135444622 -0.6746799679563277 0.6924482808009318 1858.1066268740037 71.53304499879133 271.14927263240463 353 156_1.jpg

354 0.17010046694432535 0.19061177962379863 -0.6743729212421471 0.692787228309893 1856.7498904156018 70.82676063586825 270.5320414166438 354 157_1.jpg

355 0.17020856540207585 0.18970751728397006 -0.6754618753349585 0.6919475103782803 1855.6819164489557 66.31678830767444 272.22750615297855 355 158_1.jpg

356 0.17045204333322356 0.18945257665707396 -0.6771374380586591 0.6903178341176476 1854.9000846772462 61.61872986827763 271.8397870849502 356 159_1.jpg

357 0.17034911171237468 0.189342072072003 -0.6778622394034834 0.6896619057720816 1854.3936471605616 60.14646766883663 272.18049710254166 357 160_1.jpg

358 0.17031511688961748 0.19003395965375444 -0.6785239568710685 0.6888287850324052 1853.7453845006717 60.32609721235567 269.8468566036155 358 161_1.jpg

359 0.17011750525345015 0.190617601068596 -0.6788461642207495 0.6883987579099569 1852.4824092944586 61.40041529572531 267.88709283826074 359 162_1.jpg

360 0.16977209094713736 0.19134373481524258 -0.6788911645344121 0.6882381847874331 1851.6317069316622 63.765687107568915 266.22390495323634 360 163_1.jpg

361 0.170026157908177 0.19095295805902732 -0.6788872545950728 0.6882878532880381 1850.6895565927537 62.216407280512136 265.9500350255095 361 164_1.jpg

362 0.17013835196783617 0.19031830938015734 -0.6793793864670998 0.6879502391510118 1850.0920063556055 59.52334344514076 267.0868039884901 362 165_1.jpg

363 0.170359786882446 0.19038438785587916 -0.6805902875402963 0.6866791014585537 1849.3344660346436 56.550039354919335 265.767165002552 363 166_1.jpg

364 0.1701739153102986 0.19065640921765148 -0.6815634459177862 0.6856837765040585 1847.9641900420522 55.5920479992999 264.6368239329954 364 167_1.jpg

365 0.1706815655987023 0.1904239568072477 -0.6814045729383413 0.6857800870668117 1847.1683368130825 54.03031759757047 263.22882377421377 365 168_1.jpg

366 0.16989914207675283 0.1907796058819756 -0.6805807968495771 0.6866929462727109 1845.9180042254125 58.55277547337716 263.6566496787722 366 169_1.jpg

367 0.1697879060000772 0.19144588290097184 -0.6796313724276624 0.6874749002752526 1845.5442769340516 62.20769282478718 261.74296784168445 367 170_1.jpg

368 0.16938978884742967 0.1917471959043988 -0.6783898091270686 0.6887142942973978 1844.4131692391352 66.41759931930822 261.2107560349569 368 171_1.jpg

369 0.17113205192049374 0.1905735793145587 -0.6792352140621386 0.6877754398425985 1843.4354978460403 57.456387671734106 258.76554661235923 369 172_1.jpg

370 0.17123346141784618 0.19077645392848314 -0.6797828913699473 0.6871525790667243 1842.593922818505 56.47506697959432 257.3144812629102 370 173_1.jpg

371 0.16966167737844193 0.19142108469316296 -0.6795916963224794 0.687552187003693 1841.0523942480038 62.42033802602199 259.0890827318757 371 174_1.jpg

372 0.16895364397813445 0.19146409147328727 -0.6795240195659384 0.6877814149101215 1840.2285629062515 64.52533302236908 260.51929533736694 372 175_1.jpg

373 0.16907615417544322 0.1908355126742417 -0.6801136786877874 0.6873430331743868 1839.1346159455284 61.619115474585264 261.24574327656643 373 176_1.jpg

374 0.17019797847912174 0.18836390397997443 -0.6806427247321559 0.6872242494762753 1837.4083868009313 52.2064909504626 263.89025702327115 374 177_1.jpg

375 0.17070792236333313 0.18883901125201102 -0.6792535987943209 0.6883408905453174 1836.7317402719978 54.64835010925365 260.43963811659523 375 178_1.jpg

376 0.17005555989688273 0.1891001739702589 -0.6784595299908387 0.6892132448793958 1835.45974623788 58.52246373906853 260.70745149072485 376 179_1.jpg

377 0.16992627827488294 0.18897418716368475 -0.6787765551600513 0.6889674917603337 1834.8564221366557 57.94044444061393 261.06441374065633 377 180_1.jpg

378 0.17051029499610343 0.18792110572132453 -0.679840609294713 0.6880615112608828 1833.7976858128272 51.94675101748769 261.7086197312645 378 181_1.jpg

379 0.17023298608616233 0.1879014504080531 -0.6814365681393343 0.6865551536367817 1832.1791306747234 49.36981120234001 261.5651948862723 379 182_1.jpg

380 0.16975966596125455 0.18849670828672627 -0.6789058450872757 0.6890119739773207 1831.0276757443585 56.98196899547049 260.3141859074624 380 183_1.jpg

381 0.16941063302604029 0.18863399992588317 -0.6777164899994039 0.6902301142898402 1829.8325134375625 60.560564329623475 260.05828307036995 381 184_1.jpg

382 0.17022315715577702 0.18796653551809456 -0.6777255485274147 0.6902034041979649 1829.4838717460952 56.93554924437349 259.3364436043798 382 185_1.jpg

383 0.17092777594021788 0.18744903439072869 -0.6783274785959933 0.6895784122924067 1828.6360289249624 52.711040312552534 258.2015377453532 383 186_1.jpg

384 0.17073219358278982 0.18762999466812982 -0.6788154676185091 0.6890972820270815 1827.0841259157987 52.58907047371811 257.2189988713235 384 187_1.jpg

385 0.17090878260303238 0.18773608936746408 -0.679728022797178 0.688124381055053 1826.193952977658 50.48517268796322 255.83145538864778 385 188_1.jpg

386 0.1707553836088632 0.18837724842235654 -0.6808032080313312 0.6869232876964207 1825.3402768171457 50.0777159115445 253.90099989838575 386 189_1.jpg

387 0.17064905294267657 0.18881924890588633 -0.6806604697389074 0.6869698078570807 1824.912101581203 51.57365403872153 252.6425873586682 387 190_1.jpg

388 0.1698977372794424 0.18926590723737471 -0.6800581415442397 0.6876293328126236 1823.649493701599 55.689823914147404 252.68991766555084 388 191_1.jpg

389 0.1695217412327352 0.1900698083375265 -0.680343185321991 0.6872183040300108 1822.1788325502719 57.78051147587222 250.5061138810659 389 192_1.jpg

390 0.16955513337988337 0.1899545499386635 -0.6802803799816615 0.6873041032280661 1821.1066024254412 57.53808868816343 249.99633404242235 390 193_1.jpg

391 0.16951500155074237 0.19071710084947963 -0.6792878720751968 0.6880840345076844 1820.209430350879 61.1994164268193 247.26144596381926 391 194_1.jpg

392 0.16941061399494817 0.19051757867843222 -0.6791456720713731 0.6883053480738652 1819.568778454092 61.31452860369366 247.69296637486931 392 195_1.jpg
