1 -0.10711393990956403 -0.0999457939328873 0.7026773200529246 -0.6962629000854598 1209.195347062889 -23.635551285360442 1523.475787913047 1 000_0.jpg

2 -0.08878876813925118 -0.0803227854216838 0.7051192079114192 -0.6989075099244458 1124.8513460637917 -24.608863740620148 1586.0905434326753 2 001_0.jpg

3 -0.07701982840528779 -0.06714156355208963 0.7069747234257825 -0.699819045834878 1067.7261823098463 -28.47833927707945 1624.5963923046302 3 002_0.jpg

4 -0.06447990828374603 -0.05437846759649379 0.708460600242422 -0.7006917307873157 1008.5821974351684 -29.98332463871454 1661.4929840672803 4 003_0.jpg

5 -0.057595315896860684 -0.04828775165658437 0.7090005681157578 -0.7011913198537367 977.8183249293295 -28.984849420991033 1679.575780210524 5 004_0.jpg

6 -0.0434816325308578 -0.03654466327019207 0.7095913268544853 -0.7023204283457876 915.6341564909048 -24.642420772560587 1713.8861369953272 6 005_0.jpg

7 -0.023982243782209176 -0.01831767259580022 0.7103200416788282 -0.7032316497735519 822.7886388572238 -22.54304659981945 1759.6968062690528 7 006_0.jpg

8 -0.011730927901209692 -0.006020270410384448 0.7109279155644553 -0.7031412664222896 761.1330503880965 -24.244550740366112 1786.7659462440486 8 007_0.jpg

9 -5.323752847847256e-06 0.007088834275106152 0.7114719419123808 -0.7026787489825658 697.8156691322231 -28.083840407070603 1811.9402917874704 9 008_0.jpg

10 0.005919142992442252 0.013466474303731856 0.7114633618350912 -0.702569215510025 666.1418061012567 -28.7008659957158 1823.597094138491 10 009_0.jpg

11 0.017738842267531058 0.025932662849662846 0.7109468751438152 -0.7025435012835703 603.0441659201006 -27.842699269512714 1845.0145043611838 11 010_0.jpg

12 0.029444842960165096 0.03912495022423262 0.7104820363380544 -0.7020096263826687 537.5641006159722 -29.096655745605315 1864.6989995879042 12 011_0.jpg

13 0.03534222526176514 0.04570443713388629 0.7103318367877159 -0.701491776990729 504.47519295304426 -30.485002162516086 1873.684767886182 13 012_0.jpg

14 0.04715047177771476 0.0586907196832631 0.7098995744011213 -0.7002676821753996 438.2198984348307 -33.173721064831575 1889.8074163172216 14 013_0.jpg

15 0.05727985565971576 0.0726842192152801 0.7089924050152268 -0.6991178670606208 373.0784572129112 -36.40685064869684 1903.265050574092 15 014_0.jpg

16 0.061740814547177905 0.0799817059108696 0.7085559227164795 -0.698383492733066 341.0807769291864 -39.04394397151857 1908.9975548320706 16 015_0.jpg

17 0.07197302389334477 0.09257257048380628 0.7074984098297187 -0.696919079315589 278.7602147233969 -41.122554728420376 1918.6392602648418 17 016_0.jpg

18 0.0898785097970328 0.10745414921246214 0.704313085681972 -0.6959299796896448 188.8972978879111 -32.18974246606465 1929.129566625666 18 017_0.jpg

19 0.1045338250642921 0.11429811048792335 0.7007833357219607 -0.6963557551501389 129.76881297014222 -16.234578312860688 1933.8075873013413 19 018_0.jpg

20 0.11639959117016498 0.12288797598086497 0.6983794806842477 -0.6954248927770312 73.05327370340979 -10.07941412424526 1936.4059777427378 20 019_0.jpg

21 0.12108184190892736 0.1277614802807119 0.6973889789079021 -0.6947408177257304 46.457490986996135 -9.251108937105803 1937.023400609633 21 020_0.jpg

22 0.12907361086982103 0.13834202356684921 0.6954433964991191 -0.6932243285966125 -5.3702573714071375 -9.194581038170451 1937.1578415516676 22 021_0.jpg

23 0.14073871944536817 0.1545837761691104 0.6921881076989826 -0.6907764418060867 -83.4727310802631 -8.615942093145694 1934.7420236226026 23 022_0.jpg

24 0.15126768999245385 0.16159472095387226 0.6911476130284272 -0.6879827099057755 -132.60167712344912 -11.408122940783064 1931.5551233002811 24 023_0.jpg

25 0.16250370594530983 0.16647758321906456 0.6914213754053437 -0.6839694740791891 -177.75090760119392 -20.239200880462075 1927.4166376544508 25 024_0.jpg

26 0.168036577930024 0.16881439763780692 0.6913667190266259 -0.6821125035139802 -199.77684378729745 -23.885003203177313 1925.0012655104454 26 025_0.jpg

27 0.17848770006376188 0.17395319457683955 0.6901272533184679 -0.6794165152905604 -243.42511149495652 -26.025360519625654 1919.51550914808 27 026_0.jpg

28 0.18970224457407156 0.18412020700881063 0.6857625467830561 -0.6781169052635456 -303.4307904330595 -17.607450147971623 1910.4055958767449 28 027_0.jpg

29 0.19441287128129606 0.1911703595197736 0.6828921667067949 -0.6777284247925136 -336.4412832409275 -11.643526241540478 1904.4779321354454 29 028_0.jpg

30 0.1989496403597539 0.19769538481378568 0.6810300482606874 -0.67641233636747 -367.43946189767576 -10.74288499845979 1898.3140049655547 30 029_0.jpg

31 0.20163337944165824 0.20022060246586876 0.6803823144627387 -0.6755261629348399 -382.01577716827705 -11.370340203417015 1895.2144976701397 31 030_0.jpg

32 0.20707340378499248 0.205019820008356 0.6792712159093437 -0.6735563035750469 -410.6404270406627 -13.603777646095347 1888.7617331210292 32 031_0.jpg

33 0.21247796180944284 0.2120948033040153 0.6775534215342072 -0.6714091681858573 -445.5069592496409 -15.16395664093052 1880.1650273001246 33 032_0.jpg

34 0.21406718784959133 0.21597178326161945 0.6763902582699041 -0.6708409993720839 -460.7797209967195 -13.973388738513622 1876.0372621972615 34 033_0.jpg

35 0.2166114637930047 0.21722866228887014 0.6761712317588977 -0.6698385233586485 -471.35661658810125 -15.864631711397458 1872.930898114608 35 034_0.jpg

36 0.21785612911185476 0.21802502773166307 0.6762625572683781 -0.6690835134180485 -477.03315604332846 -18.092018506155007 1871.2358665029758 36 035_0.jpg

37 0.2209190697520128 0.2191793334916429 0.6768388965149588 -0.6671164010534274 -488.7288679671005 -24.710834458509744 1867.6654184144702 37 036_0.jpg

38 0.22333106528960195 0.22204835078941668 0.6769794482279216 -0.6652192058752744 -503.40680626587374 -30.35483479520327 1862.9572656152882 38 037_0.jpg

39 0.22289441542579852 0.22549287824641 0.6765346093604047 -0.6646592839716495 -511.84852909201095 -31.24933874442973 1860.169377298834 39 038_0.jpg

40 0.22338506820064638 0.2284012863651707 0.6766276250858442 -0.6634056230259268 -521.3463363945311 -35.24092126012156 1856.9913587396447 40 039_0.jpg

41 0.22467148058080968 0.22932975545692713 0.6768078226892691 -0.6624664219583538 -527.4818423698838 -38.21964174156539 1854.9641513869844 41 040_0.jpg

42 0.22754179204163977 0.230253629116369 0.6773657635580631 -0.66059338591347 -537.9334810531717 -44.555077433279614 1851.3290424936417 42 041_0.jpg

43 0.23088075888911713 0.23218667966706966 0.6771590004450224 -0.6589682155280824 -552.4773563667318 -48.21757979809664 1846.2338118618106 43 042_0.jpg

44 0.23165060004788576 0.2346073762225279 0.6771660819891427 -0.6578324071698727 -561.3548794328948 -51.499854799523334 1843.0060098660533 44 043_0.jpg

45 0.23195261650420157 0.2378460875669305 0.6767743440560995 -0.6569655314804538 -571.2533065113796 -53.06927203670216 1839.4600741622526 45 044_0.jpg

46 0.23247673938292454 0.23933976282570205 0.6761209651917658 -0.6569105601256351 -576.8650175464892 -51.506940392925266 1837.5245160127185 46 045_0.jpg

47 0.2340939292129929 0.24151451245466085 0.6741988329032351 -0.6575155559310559 -587.3469682576853 -44.61212037849794 1833.9279795694051 47 046_0.jpg

48 0.23701869731759653 0.24430328496748116 0.6730332549051942 -0.6566310073912799 -603.0918414551035 -43.73722260140147 1828.1395966769164 48 047_0.jpg

49 0.2381046427278169 0.24728815429870873 0.6728495833534583 -0.6553077033242278 -614.3723862887135 -46.90544989673422 1823.8385486370594 49 048_0.jpg

50 0.23960459071263457 0.25032548680187505 0.6718449777746984 -0.6546381570041194 -626.9011210468958 -45.99195009078682 1819.130830921009 50 049_0.jpg

51 0.240897422738909 0.2513980469494231 0.6715047782035938 -0.654101510896825 -633.3886608934118 -46.457762413468714 1816.6426399271675 51 050_0.jpg

52 0.24233896819902961 0.25510937800215544 0.6705787940873431 -0.6530812435432118 -647.613202323696 -46.69527590266808 1811.1559110190544 52 051_0.jpg

53 0.24538550292221464 0.26039614913849046 0.6707172297407368 -0.6497062399256827 -670.5635372301753 -56.08106305674707 1801.8195766094343 53 052_0.jpg

54 0.24936732619240354 0.26298936373956117 0.670589580689403 -0.6472728524033146 -688.4702410035165 -62.11717293001215 1794.3902583690792 54 053_0.jpg

55 0.25226802861308845 0.2669586913768985 0.6699200492637207 -0.6452139384983044 -707.253613954451 -65.68443171332481 1786.4858207146 55 054_0.jpg

56 0.25373688658169835 0.26893434179836934 0.6696184756871553 -0.6441296524828792 -716.6558272697093 -67.69432181718764 1782.4356392069274 56 055_0.jpg

57 0.25694145384848294 0.2732465143153365 0.6691576728384109 -0.6415180750300251 -737.140539877454 -73.25557957147993 1773.3872132020372 57 056_0.jpg

58 0.2608129530500284 0.28313196938311186 0.6668737474275966 -0.6380378487413096 -774.7324663047189 -75.67423971116449 1756.523935674897 58 057_0.jpg

59 0.26542172935714925 0.28822962593480633 0.6653296427734355 -0.6354616076251298 -800.9081436211272 -77.95260793255984 1744.2067170785142 59 058_0.jpg

60 0.2720087971191218 0.29274027221071686 0.6635507882465402 -0.632467152295832 -830.5284776051118 -80.88057199365669 1729.7241273382838 60 059_0.jpg

61 0.27470724447785916 0.2955770481504237 0.6621225952156334 -0.631477479679979 -845.3144603119648 -79.40925677033849 1722.3918363460264 61 060_0.jpg

62 0.2810357526862895 0.30066138712308305 0.6594206355555757 -0.6291153005679918 -875.5931711159284 -78.09755164017746 1706.819234685847 62 061_0.jpg

63 0.2896948076753266 0.30893180889660843 0.6552007579954816 -0.6255797491766908 -920.304774654909 -75.51489801879534 1682.6155115154722 63 062_0.jpg

64 0.29494102295233876 0.3162463103676786 0.6519438874868467 -0.6228701563947302 -953.3812788882813 -73.04007169688659 1663.8078788072723 64 063_0.jpg

65 0.30259311529105587 0.32244341022420786 0.648416875891216 -0.6196960616632254 -989.3583276911676 -71.69970019012311 1642.3313331624702 65 064_0.jpg

66 0.3069208237401673 0.3257584882380027 0.6462803446202133 -0.6180636953042352 -1009.077491379944 -70.2085710061028 1630.1588175914121 66 065_0.jpg

67 0.31612197548520926 0.3336143503046589 0.6425655057760161 -0.6130888456601878 -1052.8316651601301 -73.17558987473004 1601.7099661688621 67 066_0.jpg

68 0.3293876945770287 0.34644872777488045 0.6372846647964499 -0.6044379882996049 -1118.9254227397423 -81.18214324013339 1555.2584149349752 68 067_0.jpg

69 0.3382510061538624 0.3561243377239385 0.6326367669751858 -0.5987757793930633 -1165.1827837773378 -82.71306717432594 1520.4415501415822 69 068_0.jpg

70 0.34751284937867544 0.36578127461522825 0.6273840059359238 -0.5931510665533407 -1211.659755690947 -82.57393719282179 1483.313865251881 70 069_0.jpg

71 0.35225746453008794 0.37095035853888647 0.6243418683397178 -0.5903454426187907 -1235.7295063446825 -81.22521427030648 1463.2187647884857 71 070_0.jpg

72 0.36256629045517164 0.38143096476441524 0.6187773096105531 -0.5832415839560733 -1285.4373183893222 -84.09178819235281 1419.2252057849337 72 071_0.jpg

73 0.3782312996146782 0.39869696557206796 0.6080854228312684 -0.5728995829772738 -1362.145874667696 -80.33019787276174 1345.4804067223272 73 072_0.jpg

74 0.38935588254413306 0.41008618738544117 0.5999762184867631 -0.5659150580204384 -1412.8934140822169 -75.74295805268706 1292.0305908192843 74 073_0.jpg

75 0.3999081553083988 0.42151795174739165 0.5909542299705477 -0.5596152086500459 -1461.0814582016947 -66.54068240634365 1237.4805038391073 75 074_0.jpg

76 0.4056472544647073 0.4266286512877049 0.5866407701307106 -0.5561392862099617 -1484.2524374344077 -64.03164181977615 1209.56856161974 76 075_0.jpg

77 0.41691112229818994 0.437079996637377 0.5774777796732005 -0.5492409367729656 -1529.508403337392 -57.244491896696886 1151.862864857482 77 076_0.jpg

78 0.43501688560640056 0.45142198894869207 0.5633925468840969 -0.5381146116268963 -1593.9447815784583 -50.474823810642185 1060.810072372464 78 077_0.jpg

79 0.4459446498304469 0.46182085298048875 0.5535735513594454 -0.5304820376556263 -1634.2097763446936 -44.06536060228672 997.6945400505363 79 078_0.jpg

80 0.4564293421636762 0.47247306186408206 0.5435137785196847 -0.5225267782459271 -1672.2703163179729 -37.32979422487334 932.5208468419414 80 079_0.jpg

81 0.46178763994829997 0.4778110472229575 0.5385215132248209 -0.5181151981333196 -1690.7705310703807 -35.25930659373554 898.5014243862997 81 080_0.jpg

82 0.47338590228707694 0.4883342327597187 0.5281737833843377 -0.5083974028024747 -1727.2847549654098 -33.454176286195946 825.9796191143524 82 081_0.jpg

83 0.4903070456357574 0.5064046749666864 0.5110332521551806 -0.49193324889004947 -1780.0172239928213 -28.525196144478873 705.0840662072136 83 082_0.jpg

84 0.5023778705893149 0.5183797407117763 0.49840623315303056 -0.48009389322917256 -1812.2243800662754 -25.206961633154513 617.5952697645616 84 083_0.jpg

85 0.5152866340510628 0.5304491482241891 0.48398743570954267 -0.46782427041770674 -1841.8387766132216 -19.42665274070461 522.8404135727561 85 084_0.jpg

86 0.5217139527824406 0.5363639803889814 0.47650792503825135 -0.4615933593425603 -1854.9115766386215 -16.31001114082387 474.4749697871593 86 085_0.jpg

87 0.5344123913135332 0.5477450928466127 0.4615436911524249 -0.4487272338853545 -1877.1867624790398 -11.619266600702328 377.00887993975255 87 086_0.jpg

88 0.5530452585151749 0.5635671606011471 0.43948703049020027 -0.42823375340665304 -1900.8436495601502 -9.999078352720792 230.09411252958236 88 087_0.jpg

89 0.5650977981170883 0.5740841165973637 0.42338773253102757 -0.41452953281530885 -1910.446596765532 -5.681073580277888 128.95712021301378 89 088_0.jpg

90 0.5769534355187781 0.58351093348239 0.40821486437494486 -0.400000435315931 -1914.6335977595268 -7.031332966934463 29.669332797061546 90 089_0.jpg

91 0.5822742635331299 0.5879823904742408 0.4005319051717693 -0.39345594856174354 -1914.8360230709427 -5.46588072278882 -17.30018519775742 91 090_0.jpg

92 0.5926201805886131 0.5961417414391599 0.38551866043603344 -0.38051505637571253 -1911.947085730273 -3.838296118880914 -108.4475477149335 92 091_0.jpg

93 0.6068536803285896 0.6074375702393815 0.36472206109101923 -0.3601749950882782 -1900.1339780390347 -7.213873677448395 -239.65241330436206 93 092_0.jpg

94 0.6153157628796918 0.61473885753317 0.3508830833485799 -0.34693473566420174 -1887.7187132654462 -7.7482647222950805 -324.03073728954354 94 093_0.jpg

95 0.6232407841421161 0.6209047430001174 0.337870220275024 -0.3345025251820754 -1872.8531163801465 -9.525325640775668 -401.82904944860155 95 094_0.jpg

96 0.6266066222148104 0.6238427750926239 0.33150280612147204 -0.3290747977206241 -1864.9581150841984 -8.353744293609845 -437.39728960171664 96 095_0.jpg

97 0.6326936054804267 0.6290912515565981 0.31991870271930956 -0.31873974093219876 -1848.6244468771974 -7.382536084036241 -502.64500798430817 97 096_0.jpg

98 0.6395949779041123 0.6349519303620783 0.3056666976294844 -0.3071191630777764 -1826.6547849525512 -4.22081192225735 -578.3200809505249 98 097_0.jpg

99 0.6436849583416204 0.6370038358983094 0.2990772900561854 -0.30074667417651435 -1814.572476266625 -7.740726740218166 -615.6848842823421 99 098_0.jpg

100 0.6470054717430406 0.6383982058325449 0.29413001524929294 -0.29549819703985303 -1804.5733375578786 -12.099988024760792 -644.8603236753686 100 099_0.jpg

101 0.648327729458723 0.63911692757441 0.29208451197159263 -0.2930654295017755 -1800.043430482599 -14.06413327817867 -657.6283811560996 101 100_0.jpg

102 0.650526482248961 0.6404549912822938 0.2881819774512415 -0.2891087129553198 -1791.9109125889568 -15.9379714566647 -679.9796058186234 102 101_0.jpg

103 0.6528542168529868 0.641477880899602 0.28385494324700017 -0.2858563818564692 -1783.8468234832424 -16.526999384505395 -701.6412877127793 103 102_0.jpg

104 0.6535337810892294 0.6420394209412569 0.2816245508441964 -0.28524829761882065 -1780.7865065992837 -13.726696729049262 -709.9527469046783 104 103_0.jpg

105 0.6540703841616047 0.6423832886212254 0.2807740858196722 -0.28408019254252426 -1778.5698615972747 -14.756408305840578 -715.9789582780978 105 104_0.jpg

106 0.6542843333269047 0.6425548369433964 0.28024695161800495 -0.2837198244614374 -1777.5952654355792 -14.545207479180984 -718.6645150115363 106 105_0.jpg

107 0.6545408673676563 0.6425222743898643 0.28014419282057995 -0.2833030375540968 -1777.019710797951 -15.721242738807732 -720.5850495237344 107 106_0.jpg

108 0.6547530893619268 0.6423044275362685 0.28029929026548916 -0.2831531780061493 -1777.0251280317293 -17.14562820605254 -721.3104054479456 108 107_0.jpg

109 0.654629889156723 0.6425011443819085 0.27964901205871456 -0.283634302835851 -1776.8581565861884 -14.390832335666339 -722.3063755892535 109 108_0.jpg

110 0.6543736355625797 0.6426916244729897 0.27955748165625494 -0.2838841935770545 -1777.0428200229458 -12.883175613867765 -722.4098616701417 110 109_0.jpg

111 0.6544773109731412 0.6425010527730347 0.27985834405679083 -0.28378011535112757 -1777.2571067926756 -14.221839896211964 -722.1184636430814 111 110_0.jpg

112 0.6546683403316446 0.6422644063490919 0.28005999984006563 -0.2836762115406244 -1777.3655679194264 -15.637170072851623 -722.3464636488884 112 111_0.jpg

113 0.6553635003027426 0.6419336401567212 0.279911262088505 -0.28296566834529374 -1776.4064664144935 -18.72668330476635 -725.4405932047365 113 112_0.jpg

114 0.6565231217996134 0.6407201108943571 0.28087778653914225 -0.2820687842829914 -1776.432637932442 -26.872011433715866 -725.6322043292305 114 113_0.jpg

115 0.6560183533487829 0.6409236992313645 0.28047079543971276 -0.2831834471478688 -1777.2682672083704 -22.60443654072851 -724.2715240740104 115 114_0.jpg

116 0.6559788971141585 0.6409455074222339 0.2804776562846546 -0.28321869179348785 -1777.3190814589607 -22.436305387844467 -724.4258560735872 116 115_0.jpg

117 0.6562044828615021 0.6406152091657086 0.28045540122045015 -0.2834653389469694 -1777.5767838948118 -23.00956304625178 -724.3179161085734 117 116_0.jpg

118 0.6550087850105701 0.6414716483473731 0.28018971855159036 -0.284554630156428 -1778.5332380182092 -16.45187951083604 -722.9564832005944 118 117_0.jpg

119 0.6538517012158065 0.6425716882586197 0.28045156331935456 -0.2844758318335546 -1778.7406853099797 -12.725702771077387 -723.0784216209746 119 118_0.jpg

120 0.654120775994318 0.6420666374193971 0.2806537732540534 -0.28479800400249017 -1779.33021147694 -13.997286212719938 -722.1674695308857 120 119_0.jpg

121 0.6541248258202639 0.6418883052429479 0.28117508435870253 -0.2846764615731725 -1779.7684968977908 -15.567583034911705 -721.3361568665065 121 120_0.jpg

122 0.6536194695163664 0.6421383739694415 0.2820266848650869 -0.2844307416033551 -1780.434929554939 -16.18319580374238 -720.2502395269373 122 121_0.jpg

123 0.6538526898414976 0.6411724265875199 0.28221662557459687 -0.2858817161348334 -1782.2740153052714 -16.089359055804255 -716.5512668522576 123 122_0.jpg

124 0.6540220326686227 0.6404597381127345 0.282883735788295 -0.2864320105488015 -1783.6169441056047 -18.001377973704603 -713.7197505336748 124 123_0.jpg

125 0.6540163221083104 0.640831284224718 0.2826198654053041 -0.28587397092618494 -1782.714525393587 -17.86118220609641 -716.563056901271 125 124_0.jpg

126 0.6541819208376176 0.6409504326395483 0.28252109670888415 -0.28532505544166653 -1781.9941470623623 -18.827906584074032 -718.6160261838477 126 125_0.jpg

127 0.654253506145952 0.6410968683334518 0.28250330204526 -0.2848491520828071 -1781.4427091459434 -19.574948301992936 -720.5293602688993 127 126_0.jpg

128 0.654630573201594 0.6416060812789097 0.2811576469020266 -0.28416689934647366 -1779.199633627665 -18.121741890078468 -726.9664472906251 128 127_0.jpg

129 0.6551316173443592 0.6417322476089969 0.28107998119828037 -0.28280086722647 -1777.5582923243558 -21.336800548249016 -731.4691593739377 129 128_0.jpg

130 0.65546893891214 0.6420595119115905 0.280601737698048 -0.2817493887945092 -1775.8250117547154 -22.485029806314394 -736.2337656423881 130 129_0.jpg

131 0.6557309543484752 0.6421317915913599 0.2801878765906394 -0.2813866229026123 -1774.9472288979168 -22.780855551592644 -738.6410457630344 131 130_0.jpg

132 0.656408785393859 0.642101979658178 0.27944199292949184 -0.28061490830745517 -1773.218800611492 -24.25715211755527 -743.3250947826216 132 131_0.jpg

133 0.6567178777920161 0.6425943571147129 0.27813138814526683 -0.28006615668635565 -1771.1139043150583 -22.521210351500272 -749.2779407811889 133 132_0.jpg

134 0.6575130860129862 0.6426490997113009 0.2768034142431716 -0.27938959577131145 -1768.8163438434706 -22.808303537185594 -755.2848114827284 134 133_0.jpg

135 0.6580694858533066 0.6427346673129241 0.2755575065245936 -0.2791142415228186 -1767.070021745296 -21.962260214659047 -759.9890813970467 135 134_0.jpg

136 0.6582497211714388 0.6427590585055937 0.27536198443478327 -0.2788258861993699 -1766.50538291995 -22.462964208419738 -761.5897631990233 136 135_0.jpg

137 0.6581865981569024 0.6430988507295682 0.275020736310837 -0.27852803233426565 -1765.7670851805065 -21.618917659614674 -763.9423543834467 137 136_0.jpg

138 0.6584125569118054 0.6433778494848613 0.2747991745140125 -0.2775666791592804 -1764.3710349171286 -22.9521517633864 -768.0626663748411 138 137_0.jpg

139 0.6587137950978832 0.6434019458432855 0.27454904091328164 -0.27704313087751375 -1763.4574259517535 -24.04410700425954 -770.7570074065086 139 138_0.jpg

140 0.6587600281365799 0.6437201394804547 0.2741786990268623 -0.27656038826392676 -1762.4550584501853 -23.75202617204381 -773.6935382872748 140 139_0.jpg

141 0.6587584269716301 0.643828413379633 0.2739838746668456 -0.2765052358301198 -1762.1646587115897 -23.286392451876026 -774.6848663394841 141 140_0.jpg

142 0.6589814889195051 0.6440431403915444 0.2736230548510815 -0.2758301187868934 -1760.9333371946734 -23.928858661569116 -778.0910729740879 142 141_0.jpg

143 0.6587481596854953 0.644649920552447 0.2734718176642597 -0.27511907783013334 -1759.9111716493094 -23.34883651880645 -781.362034409238 143 142_0.jpg

144 0.6586779890269474 0.6450062451773397 0.2731949362493537 -0.27472673197444314 -1759.1159389072225 -22.7453782608657 -783.808620346016 144 143_0.jpg

145 0.6585908846674136 0.6454099671711305 0.272556978901527 -0.27462103736098986 -1758.2439381114903 -20.806694953823726 -786.446586655901 145 144_0.jpg

146 0.6585890472122271 0.6454934068355044 0.2724849330125162 -0.27450080128325566 -1758.016041936181 -20.73684352821346 -787.268568946998 146 145_0.jpg

147 0.6589061479282683 0.6455189796312838 0.27207547656375647 -0.2740855162366705 -1757.0259322878417 -21.356203789934852 -790.0802444728095 147 146_0.jpg

148 0.6590503685301221 0.645696100090281 0.270999546611108 -0.2743873244249559 -1756.1203901934414 -18.762500164151906 -793.0805796305564 148 147_0.jpg

149 0.65897121523771 0.6458720955605209 0.27042253347099093 -0.27473228251431914 -1755.8590488549225 -16.557688865005566 -794.3285510870983 149 148_0.jpg

150 0.659182569514343 0.6458076285376961 0.2702531546039205 -0.27454340166468194 -1755.4274470512842 -17.164292624170262 -795.8805605774184 150 149_0.jpg

151 0.6592115984436986 0.6459063994582871 0.2700901644866269 -0.27440170309916495 -1755.0599026338848 -16.999421536942915 -797.0019659532181 151 150_0.jpg

152 0.6592761101828909 0.6459977093022995 0.2698876829199227 -0.2742309404979928 -1754.6087970128513 -16.90841223399978 -798.6059873938607 152 151_0.jpg

153 0.6596280153573869 0.6460157515393007 0.2691859339530832 -0.27403186508250094 -1753.5221127956504 -16.683892826016137 -801.9296206260461 153 152_0.jpg

154 0.659990650010695 0.6456420800955694 0.26912418889684775 -0.27410001324140854 -1753.5357851491626 -17.926463902476993 -802.4874664853912 154 153_0.jpg

155 0.6606145986670955 0.6451994954480524 0.26879908674804537 -0.2739580516519044 -1752.9701876507884 -19.74541907955298 -804.287655514611 155 154_0.jpg

156 0.6607714924848412 0.6449460623676686 0.2690139399450242 -0.2739655297132282 -1753.241072118872 -20.950369645887605 -803.9601811616131 156 155_0.jpg

157 0.6611034537468146 0.6445455080583623 0.2691208192180569 -0.2740023652255993 -1753.4193775622266 -22.554748083302837 -804.1248354150869 157 156_0.jpg

158 0.6614232203152933 0.6439715869120457 0.2693657183816359 -0.27433925828884537 -1754.144077621039 -24.175248987380684 -803.3942424900177 158 157_0.jpg

159 0.6610652787990531 0.6437793944343062 0.27012457855668043 -0.27490634864932467 -1755.7740445471427 -24.171499105629707 -800.4131402519105 159 158_0.jpg

160 0.6602359860563957 0.6437781607295173 0.2714127505756088 -0.27563243878186955 -1758.231106163361 -23.512226254976426 -795.5879485866959 160 159_0.jpg

161 0.6598848412333153 0.6436451085842884 0.27224374118949607 -0.27596433807495646 -1759.6382642822641 -23.97710254963086 -792.7339417803202 161 160_0.jpg

162 0.6589061366549489 0.6434321267983115 0.2740555179998779 -0.2770042857720255 -1763.0804409558625 -23.820653698637997 -785.6102195440284 162 161_0.jpg

163 0.6577116420196446 0.6425545178527214 0.27715087243665865 -0.278794694078776 -1768.9054569561993 -25.520479912267493 -773.1832856871372 163 162_0.jpg

164 0.6570444145798722 0.6417459977709083 0.278559937483234 -0.2808185763865187 -1772.9800749505316 -24.57453024663115 -764.3603115766094 164 163_0.jpg

165 0.6558295936726856 0.6406984464684204 0.2809978743271439 -0.2836075446452361 -1779.0856006892714 -23.4602021901635 -750.5959604708544 165 164_0.jpg

166 0.6550518936904991 0.6401265529594289 0.2824680848902099 -0.28523112345469503 -1782.6496271568767 -22.689984157756175 -742.3673523626003 166 165_0.jpg

167 0.6534753048405965 0.6388211947492515 0.2853973813574879 -0.2888353195454415 -1790.0642292680914 -20.717131555679686 -724.8501708159174 167 166_0.jpg

168 0.6509969636316891 0.636120257313072 0.2917130460001816 -0.294036511970143 -1802.684833948366 -22.990782575463705 -693.4923788567218 168 167_0.jpg

169 0.649009881628403 0.6339345441187779 0.2963951810573744 -0.29843435453642025 -1812.2794313070517 -23.699095396492734 -668.4199775610657 169 168_0.jpg

170 0.6472021602272588 0.631405463793337 0.30069336367616056 -0.3033809570988379 -1821.7327775575125 -23.595654874662642 -642.6356458144999 170 169_0.jpg

171 0.646186631233746 0.6301302854999421 0.30278076430430595 -0.30610859131661833 -1826.529878484842 -22.71453625338674 -629.124876751371 171 170_0.jpg

172 0.6434171476344409 0.6276646366382661 0.3075894157172628 -0.3121541756607242 -1836.9973490075986 -19.3962281062272 -598.4087342824558 172 171_0.jpg

173 0.638903943056383 0.6229265874769456 0.3168708385017104 -0.32149197481205716 -1853.7681929576797 -19.13573557679657 -544.852228185282 173 172_0.jpg

174 0.636025518558198 0.6189330547756133 0.32340179573542444 -0.3283362483248014 -1864.905193361304 -20.145439361637298 -505.7358191893786 174 173_0.jpg

175 0.6333516516837043 0.6142020542004165 0.33023740689717684 -0.33550674659586355 -1875.722113644999 -22.74334991135455 -464.1971785776188 175 174_0.jpg

176 0.6319262171971922 0.6116218779153687 0.333769511769273 -0.33939040570915663 -1881.0978529357883 -23.836167717221954 -441.9828393390307 176 175_0.jpg

177 0.6282175919882322 0.6066992984861737 0.34021153202637106 -0.34858963238909074 -1891.6744833412442 -19.67102142882909 -394.7746561353422 177 176_0.jpg

178 0.6221951431011481 0.5988445891374202 0.35058846776665065 -0.362417008749877 -1905.7695147962863 -14.473175417884066 -320.5027952702732 178 177_0.jpg

179 0.6184054115955571 0.5926453284691299 0.35767301926844336 -0.3720433749449687 -1913.851701202341 -12.273790536370742 -268.3182457906799 179 178_0.jpg

180 0.6146973685696765 0.5855443983963404 0.36506272707032383 -0.38211792405507683 -1920.809036405254 -11.10018769069768 -212.9860166266103 180 179_0.jpg

181 0.6125499948297951 0.5819531465112083 0.36894267369158423 -0.38729103091735445 -1923.8013941194163 -10.038223101072916 -184.04108529037444 181 180_0.jpg

182 0.6077195493932643 0.574631328235631 0.3769767168724083 -0.3979501738050913 -1928.6188702428612 -6.875749412291687 -123.72673493549188 182 181_0.jpg

183 0.5990695098502291 0.5634220797541704 0.39021141443882096 -0.4140124810376448 -1932.3467337898355 -1.9977755752772943 -27.765410096232 183 182_0.jpg

184 0.5918295265770313 0.5550141640282266 0.40039200531747293 -0.42589122000518925 -1931.9482638757931 2.2463327899616776 45.65889278694973 184 183_0.jpg

185 0.5843495558992351 0.5457435052438084 0.41052225854244184 -0.4383732407957634 -1928.546765482727 7.348825686896192 121.97056736141559 185 184_0.jpg

186 0.5802935798818191 0.541045674449415 0.41575632505944 -0.4446072620646112 -1925.6235254823753 10.01433201233254 161.0202272044183 186 185_0.jpg

187 0.5714771771098769 0.5322348248390811 0.42601314360447357 -0.45678521073615463 -1917.4886964692837 17.14742990870631 237.97375223203522 187 186_0.jpg

188 0.5564895979339299 0.5178118134115326 0.44321377365620934 -0.4751334592766706 -1897.7688140036762 25.00185408369896 361.7208145274426 188 187_0.jpg

189 0.5460916522849056 0.5077303649990508 0.4542251916658182 -0.4875174448353854 -1879.9261005582493 31.64491671455598 444.2089070374822 189 188_0.jpg

190 0.5364280285806654 0.4975593912122264 0.46419009843301856 -0.4992065453159884 -1859.7556882375684 37.975726635076434 521.2785483621041 190 189_0.jpg

191 0.5312742624025025 0.4927164187294922 0.4690745409205067 -0.5049230276817217 -1848.5496347611981 41.795169442313515 559.176921220294 191 190_0.jpg

192 0.5204267009656072 0.4826735115746614 0.4795988849999777 -0.515913984742629 -1823.0491242054113 46.781742905264835 636.555802552624 192 191_0.jpg

193 -0.504046539389006 -0.4674053111706257 -0.4946361461254077 0.5317936104972135 -1779.4758761431974 54.29130844865454 748.5560497161111 193 192_0.jpg

194 -0.4928199617949836 -0.45695997611163924 -0.5042130514005849 0.5422962882832151 -1746.4925781651434 60.169687006830294 821.6867152033545 194 193_0.jpg

195 -0.4810028378892553 -0.4462723912791591 -0.5138603057763969 0.5526525209133236 -1709.7440054200101 65.82634458193291 894.7810898638231 195 194_0.jpg

196 -0.4749447147215297 -0.4409018104902338 -0.5187661246141795 0.5575973631728401 -1690.168767459368 67.92516511722089 930.842883191859 196 195_0.jpg

197 -0.4630236993392826 -0.4304858273477336 -0.5281937723417357 0.5668353774794843 -1650.2464786183937 71.33087354188366 999.2363371694724 197 196_0.jpg

198 -0.4449044850560512 -0.4144694022109027 -0.5419726428863141 0.5801213391789433 -1585.3218649330106 75.39558841495638 1098.4325566125206 198 197_0.jpg

199 -0.4321094428491591 -0.4035150735335524 -0.5511504990327809 0.5888039930636659 -1537.5700168526357 77.82134769876764 1163.7362228575894 199 198_0.jpg

200 -0.42019708837422853 -0.39280426400588536 -0.5597352634312699 0.5965196157480007 -1490.339204175547 78.42279784978342 1223.1753956360417 200 199_0.jpg

201 -0.41449846345364494 -0.38732671404554075 -0.5638268855444143 0.6002235279614898 -1466.429255988197 78.49259768191139 1251.52409919701 201 200_0.jpg

202 0.4201302547916526 0.4093055588060418 -0.5716584984137357 0.5737299798080348 1942.0458228919372 -20.551961426639796 -116.29615724235558 202 000_1.jpg

203 0.4048550211801383 0.39327642390830103 -0.5822604208551492 0.5851485867100018 1944.9355255713067 -20.43880749209892 -11.336485564529925 203 001_1.jpg

204 0.3952546210963527 0.38198845480213406 -0.5893186512914105 0.5920828760738901 1943.6979942158994 -23.996223423858414 57.65990445879192 204 002_1.jpg

205 0.3848491207926765 0.37108783749648505 -0.5963870015422899 0.5987549711515412 1939.9905929400993 -25.245908958309485 127.11125085282052 205 003_1.jpg

206 0.3790877622447097 0.3659263870422274 -0.5999905484578563 0.6019980810133543 1937.17400431394 -24.259385945003956 162.3405542236418 206 004_1.jpg

207 0.36680362513803755 0.3561058306245719 -0.607041320857346 0.6083950794940296 1929.612826076602 -19.511370774068407 232.8390124298729 207 005_1.jpg

208 0.34963925276062313 0.3403962717888078 -0.6167217045710752 0.6176869030441073 1913.7900620010362 -16.514002574372697 335.68768313357117 208 006_1.jpg

209 0.33897252419842805 0.3295530002209618 -0.6228917081781726 0.6232963723356547 1900.60555605694 -17.56015402609895 401.6389938149085 209 007_1.jpg

210 0.32874013117474365 0.3177221493329596 -0.6288267643393542 0.6289351814209115 1884.8518563165449 -21.088260540054264 468.16111678704675 210 008_1.jpg

211 0.3235460172641805 0.31206928663406136 -0.6315262224762835 0.6317478653521753 1876.3197016210006 -21.6473295186941 500.4315311135662 211 009_1.jpg

212 0.31274973185975224 0.3009780725287664 -0.6365638380932311 0.6374843410708506 1857.577062433481 -20.566215983856768 564.6637980133389 212 010_1.jpg

213 0.3020868661183743 0.2891529126893919 -0.6415141139431974 0.643112556255664 1836.1950120502506 -21.166359389037403 629.4087714926603 213 011_1.jpg

214 0.28600976175388115 0.2710104663472541 -0.6491885584338039 0.6506196730120999 1799.6842993229236 -24.744808685437242 725.4224778031491 214 012_1.jpg

215 0.28600976175388115 0.2710104663472541 -0.6491885584338039 0.6506196730120999 1799.6842993229236 -24.744808685437242 725.4224778031491 215 013_1.jpg

216 0.2764285942086546 0.25823649499649975 -0.6531322539062389 0.6559873503834551 1773.3449995922483 -27.442491832412752 786.4948060009242 216 014_1.jpg

217 0.27222548415187475 0.2514067023340631 -0.6547997339425072 0.6587300389602794 1759.6194362584258 -29.896504746960552 816.1460228164307 217 015_1.jpg

218 0.2627353655198137 0.23938070674230996 -0.658540269198793 0.6633187158435252 1731.6165921406475 -32.066719194779886 872.9876420969351 218 016_1.jpg

219 0.245627908198636 0.2254534480639229 -0.6639305649693519 0.6693533284966375 1688.5429198440524 -23.669086333380964 952.6256036201764 219 017_1.jpg

220 0.23096831931738088 0.21957639600720558 -0.6676251918800917 0.6728420653877563 1658.3184435373769 -7.7443696220455545 1003.7723925666953 220 018_1.jpg

221 0.21894426571970124 0.21184833484769447 -0.6709029762157295 0.6760716589501415 1627.7603622893776 0.11848409528173912 1051.8425572596202 221 019_1.jpg

222 0.21433011852882872 0.20718874000646129 -0.672305230357942 0.6775995155984895 1612.954378745479 0.4732580679816814 1074.0245223351806 222 020_1.jpg

223 0.20616359851894986 0.19722575959646085 -0.6742983568700259 0.6811169476086316 1583.2254936056277 1.0363575389398743 1116.640205237987 223 021_1.jpg

224 0.19435290914187167 0.18160624094374084 -0.6766918757633329 0.686537854188884 1536.3512020125518 1.98833810285656 1179.2419972671617 224 022_1.jpg

225 0.18462503924223636 0.17394056162291346 -0.6804137536011001 0.6875284720050286 1505.406197054939 -0.1306779228279647 1217.8046907660896 225 023_1.jpg

226 0.1747042791311295 0.167744522636988 -0.6858219949892987 0.6862859325146186 1475.9010835547122 -8.574107946133475 1252.6830727461186 226 024_1.jpg

227 -0.16978865059018775 -0.16486441525751788 0.6883923201384375 -0.6856438961202667 1461.3823902733589 -12.435866710817256 1269.222210535615 227 025_1.jpg

228 -0.159893108782658 -0.15907635019046584 0.6922528352320744 -0.6855034067654602 1431.7195643064272 -14.968097444346192 1301.9184069848395 228 026_1.jpg

229 -0.14759042400865932 -0.1495613918417981 0.6938047090432264 -0.6888276145166744 1389.3089365135456 -6.821465939027976 1346.2177939640687 229 027_1.jpg

230 -0.14201244908837252 -0.14310074614939625 0.6933691690885416 -0.691804767338932 1365.286467019005 -0.43850139668973503 1369.9742533690937 230 028_1.jpg

231 -0.1371277579342525 -0.13668690778794618 0.6937609354276996 -0.6936918852904204 1342.3965581390496 0.6958685272158307 1391.8087696900943 231 029_1.jpg

232 -0.13446918009458356 -0.1339828066909198 0.6943599260704159 -0.6941404326095698 1331.4130988639547 0.28549160626751674 1402.0211303030515 232 030_1.jpg

233 -0.12903774000254575 -0.12889104997201695 0.6959075862069154 -0.6945854809537922 1309.6433795175292 -1.768293341436361 1421.779542341244 233 031_1.jpg

234 -0.12326268501770969 -0.12155619879956996 0.696976087954587 -0.6958841382264321 1282.049546293744 -3.480736678858115 1445.8288425209023 234 032_1.jpg

235 0.12128296819463981 0.11768454819393703 -0.6966124038461879 0.6972603154847711 1269.4765530203238 -2.097578352510995 1456.2954253100306 235 033_1.jpg

236 -0.11891731541164445 -0.11606663310885003 0.6975384210615568 -0.6970131705477404 1260.7467744679695 -3.7550780121430263 1463.2625756083587 236 034_1.jpg

237 -0.11784003889243762 -0.1150720505342231 0.6981840016515258 -0.6967146103373607 1256.192458355967 -5.838710946725456 1466.8636069619138 237 035_1.jpg

238 -0.11541352229313069 -0.1130951265971374 0.7000582279144643 -0.6955628575054381 1246.503018332433 -12.286608610568093 1474.4626947553709 238 036_1.jpg

239 -0.1131676302689985 -0.10976260914360005 0.7014656954502759 -0.6950475776518823 1234.0493162124567 -18.317030229626038 1483.9266805927919 239 037_1.jpg

240 -0.11325895182629536 -0.10654582593804864 0.7009297007081077 -0.6960732371465165 1226.9563388254562 -19.23250718181389 1489.1926686764991 240 038_1.jpg

241 -0.11302117994717999 -0.10329545336205159 0.7010708082351321 -0.6964596068966342 1219.0530719258888 -22.788688132170353 1495.035425497503 241 039_1.jpg

242 -0.11203368468760767 -0.10202208503037374 0.7018054013159218 -0.6960668978950019 1213.9852141750366 -25.809464829368594 1498.8125995365904 242 040_1.jpg

243 -0.10969022509500474 -0.10025607697240355 0.7036307542882408 -0.6948528874290384 1204.7063176213892 -32.13920241912405 1505.5551701315908 243 041_1.jpg

244 -0.10656733500425242 -0.09787549955738539 0.7050593956529628 -0.6942298166298839 1192.209701240902 -35.928800866940385 1514.5049415321616 244 042_1.jpg

245 -0.10579184060966283 -0.09529459854734618 0.7055033900524906 -0.6942564314232624 1184.4729447536922 -39.33805159226148 1519.9181101541146 245 043_1.jpg

246 -0.10540126607776246 -0.09198809784066038 0.7052934544160301 -0.6949747521477058 1175.9523710037254 -41.028995595230064 1525.9211626877802 246 044_1.jpg

247 -0.10469975932809274 -0.09061219606891747 0.7049843314537667 -0.6955749296264875 1171.223537568239 -39.74504070483029 1529.311467365536 247 045_1.jpg

248 -0.10244188188801125 -0.08888082234044804 0.7040597532073605 -0.6970693826075844 1162.1935501037483 -33.22315616826247 1535.7961495323311 248 046_1.jpg

249 -0.0991852447486871 -0.0860889666222661 0.7041921955813202 -0.6977566400489595 1148.337082665612 -31.172400155446077 1545.4014551284347 249 047_1.jpg

250 -0.09811949982209217 -0.08292197229119128 0.7046370686100171 -0.6978417526966149 1138.5118580874362 -34.72041150610032 1552.0309524979882 250 048_1.jpg

251 -0.09642434731518172 -0.07980345243241331 0.7043905821894858 -0.6986899612470941 1127.4199910473176 -33.86328475098155 1559.5809938638288 251 049_1.jpg

252 -0.09510084996863001 -0.0786692665724453 0.7046713537669854 -0.6987168654128808 1121.7572176954307 -34.16164526875954 1563.3867305867188 252 050_1.jpg

253 -0.09330364433031238 -0.07502832978832691 0.7045584960091572 -0.6994730197692911 1109.1781091333582 -34.33303472266646 1571.7992477240844 253 051_1.jpg

254 -0.09072733567010267 -0.06869855636463308 0.7059717339217165 -0.6990371734172546 1088.3372231425024 -43.32064580891778 1585.2807371651434 254 052_1.jpg

255 -0.08716240434897872 -0.0653165426476158 0.7077073463064684 -0.6980592929748328 1072.1159460834567 -49.392906292599456 1595.5895726481708 255 053_1.jpg

256 -0.08425134763446333 -0.06092842296329081 0.7084964298765445 -0.6980130704715879 1054.987984184179 -53.03470522369625 1606.333528822215 256 054_1.jpg

257 -0.0828061079332084 -0.058682929528030614 0.7089108279658131 -0.6979576636614769 1046.2869104332028 -55.046286506975704 1611.6971433831031 257 055_1.jpg

258 -0.07973803409773221 -0.053783759667185266 0.7099779077573144 -0.6976249161339049 1027.407328906946 -60.42464710861152 1623.1015754385785 258 056_1.jpg

259 -0.07525486351409746 -0.04342689159858096 0.7098215626375607 -0.6990022602383564 992.0942983622954 -63.233235764032585 1644.0967207696574 259 057_1.jpg

260 -0.07060828762117778 -0.03762301211867122 0.7104305697735711 -0.6992048227876596 967.1189035837252 -65.09964896565083 1658.3694987071315 260 058_1.jpg

261 -0.06393091131203102 -0.032343353803392205 0.7120120016140068 -0.6985024377918645 938.4396852856719 -68.482295175852 1674.1670078901502 261 059_1.jpg

262 -0.060905724482056035 -0.029399420067928853 0.7120022815199448 -0.6989126683179943 924.070209881033 -67.08290892775352 1681.9620334864032 262 060_1.jpg

263 -0.0540647338134311 -0.023782687845885428 0.7124788288652976 -0.6992033371882903 893.9207192797975 -65.58150521303608 1697.7842275436365 263 061_1.jpg

264 -0.04430465981574218 -0.014958496130099294 0.712833335516915 -0.6997728033354587 848.4412093504978 -63.1976504339642 1720.4136450920341 264 062_1.jpg

265 -0.03822008197955409 -0.007219495138405471 0.7122629994508942 -0.7008341628635394 814.2316683572832 -60.31216974502786 1736.5728574562647 265 063_1.jpg

266 -0.029971397959430164 -0.00024019110883664578 0.7126720282975686 -0.7008567882918865 776.3240407972646 -59.22837978784123 1753.5003374653274 266 064_1.jpg

267 -0.025174412410529076 0.003291032872744703 0.7128022004516972 -0.7009054437608783 755.5002387440542 -57.7510337974704 1762.4319261379524 267 065_1.jpg

268 -0.015221507623556077 0.012413668193997593 0.7136457685599329 -0.7002313357485068 707.2698928045423 -59.93086995484956 1781.8849616734246 268 066_1.jpg

269 -0.0009650309130873429 0.02763606452823392 0.7152329796537858 -0.6983388156677923 631.567497305623 -68.47585176527136 1809.258092375597 269 067_1.jpg

270 0.008984043894526035 0.03882971768061085 0.7151357579722128 -0.6978483987583937 576.6722990492501 -69.72964062186574 1827.1084875798667 270 068_1.jpg

271 0.019623468799918223 0.04992168151433137 0.7148638260896187 -0.6972033099000259 519.7717308229178 -70.11847248467235 1843.777863475459 271 069_1.jpg

272 0.025202209403833414 0.05572208085716254 0.7143257074255618 -0.6971360570628117 489.8074607845864 -68.57545194376392 1851.8723270719875 272 070_1.jpg

273 0.03692686909719144 0.06819519264418597 0.7141165993823375 -0.6957178339855227 425.51454811708754 -71.17480620748736 1867.3060845497987 273 071_1.jpg

274 0.05575104964290617 0.0882263642809581 0.711963856230125 -0.694417307194606 321.2765068048191 -67.93844353540797 1887.7535453898274 274 072_1.jpg

275 0.06928248937596813 0.10144220521312237 0.7099862588052622 -0.693418292212626 248.88731602839894 -63.75208700195604 1898.553106376931 275 073_1.jpg

276 0.08290082582215569 0.1145410414403446 0.7068854775305304 -0.6930517473899044 176.15649800836147 -54.79122666587361 1906.7264568645269 276 074_1.jpg

277 0.08996820066098937 0.12066968762130993 0.7056714779454394 -0.6923671819009756 140.0593975868745 -52.11136643966475 1909.6827827954583 277 075_1.jpg

278 0.10418890346595432 0.13305854134841064 0.7027885939314229 -0.6910342171041088 66.99281129797029 -45.57063265109144 1913.6052875137339 278 076_1.jpg

279 0.12682572376588203 0.15094311205983263 0.6986022754138463 -0.6878126732618042 -44.87181093379881 -38.667169552466234 1914.133390300403 279 077_1.jpg

280 0.14114192641196316 0.16356873611705144 0.6950314032463389 -0.6857518309674537 -119.59606661644067 -32.741352750136315 1910.870797312088 280 078_1.jpg

281 0.15509072821043735 0.1765909587307626 0.690937924763516 -0.6836426577102924 -194.55832421353793 -25.95719163686765 1904.6552789993468 281 079_1.jpg

282 0.1621300163956477 0.18331732450724844 0.6889966090091939 -0.6821966645278202 -232.86435181125108 -23.96042390797448 1900.3108228433987 282 080_1.jpg

283 0.17713347126968534 0.1970329642742803 0.6851862137534669 -0.678470041215845 -312.76182540605174 -22.20671683130713 1888.7097876334096 283 081_1.jpg

284 0.20012858115310064 0.2205028825586205 0.6778465102332836 -0.6721987342695201 -441.7915727290943 -17.608210619658692 1862.6577044165206 284 082_1.jpg

285 0.21658482992063927 0.23651160217171258 0.6723797968326448 -0.6671271859980739 -531.5116478032104 -15.163832754352065 1839.0148090034452 285 083_1.jpg

286 0.23464929202801604 0.2528218401115207 0.6655993329804185 -0.6618144414028735 -625.8652977071312 -9.706984260231444 1809.0697604168934 286 084_1.jpg

287 0.24380391935528248 0.2608586224148267 0.6619559701553929 -0.6590346892193721 -672.7646323235374 -6.7062944915052904 1792.1563287086167 287 085_1.jpg

288 0.2620411758674086 0.2768706825943321 0.6545725055406787 -0.6528490501333158 -765.5326690484187 -2.3674281804155584 1754.5329966547845 288 086_1.jpg

289 0.2888790116184336 0.30038240796002225 0.6436285890788863 -0.6419202169700048 -899.8840383661421 -1.2787102625104083 1689.5872899141093 289 087_1.jpg

290 0.3069697140458418 0.3159362903490728 0.6349925533351849 -0.6346166656399302 -987.932984308542 2.56432641056098 1639.7095507899294 290 088_1.jpg

291 0.32459723066564977 0.3310469822979978 0.627000495233285 -0.6260310793665083 -1072.087964605278 0.8434505417358038 1586.0423042975447 291 089_1.jpg

292 0.3329255454815415 0.3380090203626086 0.6227080197692657 -0.6222099367853001 -1110.7925945516283 1.8709039748732819 1559.2289301878895 292 090_1.jpg

293 -0.3491058210836576 -0.35122083947635846 -0.6141228549930208 0.6145096960815577 -1184.0203390287422 3.388343642131585 1504.4936384580628 293 091_1.jpg

294 0.3714948985559956 0.3706370903662232 0.6022496078471906 -0.601593797707087 -1285.1669416522902 -0.6601109948148636 1419.2952460955296 294 092_1.jpg

295 0.3854284682286853 0.3832076937236103 0.5939331387078687 -0.59316118053573 -1347.228001269188 -1.7629260026090054 1360.7153131912064 295 093_1.jpg

296 0.3985961493820951 0.39449763250267095 0.5860514899083513 -0.5848387630995023 -1402.9209400873467 -4.179795257658009 1303.4374985675572 296 094_1.jpg

297 0.40453483868207296 0.3995859632962939 0.5820030694012789 -0.5813390142047344 -1427.510521804792 -3.3685062052004047 1276.5840911201567 297 095_1.jpg

298 -0.4154647427766264 -0.409114806130273 -0.5744160262406095 0.5745087916755395 -1472.20354797276 -2.5611792593847413 1225.0432212280598 298 096_1.jpg

299 -0.4283735189061438 -0.4198797124131146 -0.5648438105582526 0.5666997662588902 -1522.4238942923203 0.10928487947211381 1162.481042317731 299 097_1.jpg

300 -0.43511470135672004 -0.4246831192984461 -0.560798085805277 0.5619830529502927 -1546.3060965785994 -3.3575477356161736 1130.8051836292645 300 098_1.jpg

301 -0.4405039146796156 -0.428407182091344 -0.5578584985791492 0.557868696959693 -1564.8906739173062 -7.94398622533327 1105.225286698161 301 099_1.jpg

302 0.4426008258637036 0.43012150337472127 0.5566837664305709 -0.556060415307645 -1572.6032735597419 -10.000079338643609 1094.365947740793 302 100_1.jpg

303 0.4464429721264631 0.433225684837766 0.5542291987596077 -0.5530227607233014 -1586.571859124489 -12.312921440971467 1074.3352688289565 303 101_1.jpg

304 0.45059973968899975 0.43572084702099756 0.5514214063693991 -0.550492189464214 -1600.0127530369089 -13.183921917632349 1054.730403864556 304 102_1.jpg

305 -0.45227867660627935 -0.43649787746871227 -0.5497236519096345 0.5501976991806827 -1605.1450933118913 -10.410102332689172 1047.2866035759303 305 103_1.jpg

306 -0.45318896948550846 -0.43736646269841234 -0.5491771955636607 0.5493038713828385 -1608.9244298290832 -11.41791499525515 1041.8123344354735 306 104_1.jpg

307 -0.45363317476312964 -0.43769426097457165 -0.548804567053629 0.5490484713077037 -1610.5998288963099 -11.247925082363553 1039.405368749324 307 105_1.jpg

308 0.453980814553715 0.43790549241462695 0.5487597317619749 -0.5486373634075372 -1612.0669311345218 -12.339050716848988 1037.479630243233 308 106_1.jpg

309 0.4540575134018932 0.4377844904031169 0.5490356836676255 -0.5483943221308877 -1612.5920688404572 -13.858694521851437 1037.180258980449 309 107_1.jpg

310 -0.4542921258317314 -0.4377098023871428 -0.5483981683131071 0.5488972966706285 -1613.3467125650245 -11.198603772485544 1036.4042058441837 310 108_1.jpg

311 -0.45408890302319577 -0.4377884367089318 -0.5481754012181468 0.5492251654234936 -1613.5505625750454 -9.548714484773647 1036.4709344214937 311 109_1.jpg

312 -0.4540435407924892 -0.4376868457082039 -0.548531922299141 0.5489876304411888 -1613.4709968781465 -11.127443712827912 1036.7607386654274 312 110_1.jpg

313 -0.45408791275458205 -0.43751022902574416 -0.548779478004716 0.5488442871242254 -1613.6329375614112 -12.328361007483323 1036.8594872012222 313 111_1.jpg

314 0.45477919831662134 0.4375395495947766 0.5488952933940034 -0.5481322652506437 -1615.6163163272781 -15.069184095729215 1034.299334120795 314 112_1.jpg

315 0.45537479604199094 0.4369326943850262 0.5503108272699615 -0.5467006576698138 -1615.913143714175 -23.4382811772252 1034.040267470034 315 113_1.jpg

316 0.45515599093879705 0.43654754753961 0.5497629122317288 -0.5477408173435335 -1615.2624420231073 -19.475519038859762 1035.5164513610218 316 114_1.jpg

317 0.45508093386075466 0.4365353413204031 0.5497364505654699 -0.5478394603662476 -1615.3215261731966 -19.103132954251773 1035.6221192569337 317 115_1.jpg

318 0.4552951856011478 0.4361876503729433 0.5498522381528897 -0.5478221826731783 -1615.4993011963852 -19.931241054998413 1035.7089957643775 318 116_1.jpg

319 -0.45447887625021294 -0.43625528830827776 -0.5487553873265613 0.5495432643072617 -1614.8314896282286 -11.90534531763714 1037.4398589753616 319 117_1.jpg

320 -0.4532224300891868 -0.43741698005922997 -0.5488143503630837 0.5495986019409638 -1615.0962094554627 -9.873227055010005 1037.4340012512043 320 118_1.jpg

321 -0.4533734003865737 -0.4368568469407354 -0.5489955414609493 0.5497386202177481 -1614.7780698870522 -10.579349159060989 1038.315373417945 321 119_1.jpg

322 -0.4531630249203777 -0.4366894992991837 -0.5494105701529506 0.5496304025898232 -1614.2764213181629 -11.884015837338271 1039.2749332813978 322 120_1.jpg

323 0.45237255548253746 0.43705632972979985 0.549998571858224 -0.5494018626135418 -1613.916080454758 -13.006365150957759 1040.219383801575 323 121_1.jpg

324 -0.4523821724586607 -0.43562376050960633 -0.5502569481049899 0.5502722965798243 -1611.9302557688152 -12.613560392619044 1043.890229776778 324 122_1.jpg

325 0.452245235148487 0.4346489133869006 0.5509609692564202 -0.5504512510051205 -1610.2577360175173 -14.645268277187359 1046.8244540000405 325 123_1.jpg

326 0.4523141227806225 0.435126526114686 0.5507438411819398 -0.550234551809248 -1611.7663797196626 -14.33506530102264 1044.908272468207 326 124_1.jpg

327 0.4525342786804339 0.4355545779722482 0.5507120862059087 -0.5497464273038358 -1613.2112806342805 -15.369314327985679 1042.8602959598381 327 125_1.jpg

328 0.4526146226380939 0.4358950486005003 0.5507394878142837 -0.549382859708786 -1614.4543602990425 -16.187189572595386 1041.3148530161998 328 126_1.jpg

329 0.4535152729769618 0.4366592505095733 0.549781155840137 -0.548992966078922 -1618.3198559688512 -14.92130678831653 1035.9302806685198 329 127_1.jpg

330 0.4540392462902079 0.4373599147786345 0.5498695911544871 -0.5479124934664684 -1621.060546846429 -17.845100788937895 1032.0049426406363 330 128_1.jpg

331 0.4545220163827242 0.43814698878291075 0.5496677576052256 -0.5470852850270179 -1623.9048027171575 -19.25642305228392 1027.9264946406477 331 129_1.jpg

332 0.4549349854327955 0.4384098065708546 0.5493971855884221 -0.5468031940280604 -1625.4116356424895 -19.44726781379685 1025.7584305241785 332 130_1.jpg

333 0.4558811215002748 0.43870613263781244 0.549081915219056 -0.546093748934191 -1628.1865166131392 -21.085524791180667 1021.7448429931505 333 131_1.jpg

334 0.4567534978012465 0.4394432581640661 0.5480009547504072 -0.5458578740781511 -1631.9253267681 -19.109838763639615 1016.462598737554 334 132_1.jpg

335 0.45805551677810785 0.4397702755047767 0.547289827583275 -0.5452165560173888 -1635.4230813209779 -19.86315450189004 1011.2640764913706 335 133_1.jpg

336 0.45914907025647644 0.4399850212276709 0.5463673108477116 -0.5450486895818937 -1638.3417197955032 -18.765127841068516 1007.0032455400153 336 134_1.jpg

337 0.4594376030894492 0.4401350959417094 0.5462659486873653 -0.5447859207913662 -1639.3883191498453 -19.32990152292225 1005.5187970686394 337 135_1.jpg

338 0.45959505921213817 0.4405594178797983 0.5459407237317982 -0.5446361235140439 -1640.9595743451823 -18.684711796627994 1003.433512350501 338 136_1.jpg

339 0.4598484506780875 0.4412778120373767 0.5458278224955697 -0.5439533832988019 -1643.4841059955017 -19.804278443521792 999.9938631943911 339 137_1.jpg

340 0.4602299527197399 0.44150317228113173 0.5457716447850262 -0.5435040489581754 -1645.0883557949621 -20.99598575148706 997.8152649162129 340 138_1.jpg

341 0.46045255454539796 0.44202064668445795 0.5454835013531294 -0.5431840780700419 -1646.952300440212 -20.862165808589566 995.2348084368866 341 139_1.jpg

342 0.4605402183078519 0.4421541595438886 0.5452985631724844 -0.5431867851126515 -1647.6172714821448 -20.356172701036193 994.3900502094795 342 140_1.jpg

343 0.46093974670308235 0.4426526033090755 0.545037260115262 -0.5427039780387141 -1649.7534704052507 -20.89001575429461 991.3271548923808 343 141_1.jpg

344 0.46080015690611764 0.4434981327241987 0.5448282028401026 -0.5423420056158941 -1651.789699216706 -20.449001029174774 988.6833714888159 344 142_1.jpg

345 0.4608388901248973 0.44401205711326286 0.5445799745765412 -0.5421378623345865 -1653.3122922070254 -19.94387894397755 986.6541318156782 345 143_1.jpg

346 0.46106548846503975 0.44441028889100176 0.5439672271487651 -0.5422340511830612 -1654.9727120723878 -18.006011818750853 984.4082661034574 346 144_1.jpg

347 0.46109860817473375 0.4445524818473 0.5438726425036831 -0.5421842059289357 -1655.5401127058205 -17.80610746727931 983.7058111112448 347 145_1.jpg

348 0.46154363618399163 0.44478986714849217 0.5436806641855148 -0.5418032681434132 -1657.2664151248007 -18.51974374803058 981.2830937347479 348 146_1.jpg

349 0.4621936116499443 0.4448001488494092 0.5428159418608336 -0.5421076887439061 -1659.2338832051216 -16.147302533390334 978.741107605474 349 147_1.jpg

350 -0.4623709233199714 -0.4448058968751733 -0.5422558302359745 0.5425121730877603 -1660.0916831965258 -13.849725988780422 977.8253566969241 350 148_1.jpg

351 -0.4626712461211322 -0.44482431327305455 -0.5421498251720006 0.5423469511298495 -1661.156513324961 -14.287412778370927 976.5069783300781 351 149_1.jpg

352 -0.46271339939515616 -0.44493168017538604 -0.5420860782647654 0.5422866343069994 -1661.6726370336846 -14.23283388803284 975.8798048138751 352 150_1.jpg

353 -0.462921392568167 -0.4451406534329448 -0.5418696284932845 0.5421539344877888 -1662.9180993709308 -14.049589566877138 974.2595363400179 353 151_1.jpg

354 -0.46351141718781486 -0.4452699074581809 -0.5414370240610226 0.5419758524368685 -1664.9672368123277 -13.873228111788254 971.5264346990397 354 152_1.jpg

355 -0.46387172061234794 -0.4449259016372523 -0.5415121113582442 0.5418750798115324 -1665.487796927791 -14.98884000213937 971.1260702628448 355 153_1.jpg

356 -0.4645756887710304 -0.44457666050217604 -0.541517783773713 0.5415528710998234 -1666.598560462913 -16.832891590669874 969.6926847838145 356 154_1.jpg

357 0.46463212533376586 0.4443569297274297 0.5417463448919748 -0.5414561892777894 -1666.533457266928 -17.92259640964915 970.0294112782368 357 155_1.jpg

358 0.4648388674623743 0.44396072821328564 0.5420656854739677 -0.541284113689164 -1666.6557889274045 -19.74756514773505 970.2767871220714 358 156_1.jpg

359 0.4650695638978355 0.4433224106568349 0.5423588560396957 -0.5413154461315531 -1666.6348904277827 -21.227412421695572 971.0257098623701 359 157_1.jpg

360 0.4644624525280028 0.4428743830769822 0.5428787776969036 -0.5416821427111763 -1665.211658606277 -21.438748587121044 973.9425124777864 360 158_1.jpg

361 0.4631248715328185 0.44252693596155446 0.5436155300393253 -0.5423720308204065 -1662.646088807049 -20.583443200426085 978.7964837717082 361 159_1.jpg

362 0.46249037021024403 0.442326302175801 0.5441385019460907 -0.5425526615602744 -1661.3561656307222 -21.034139698187584 981.199362447342 362 160_1.jpg

363 0.4607876114982077 0.4416534991238066 0.5453211710579058 -0.5433615593667892 -1657.5020813089636 -20.962925820942942 988.1402746958514 363 161_1.jpg

364 0.458265403104895 0.4400877024534171 0.5475022321811635 -0.544570418057228 -1650.6975180497504 -22.448341091970136 1000.076881250983 364 162_1.jpg

365 0.45705405443307606 0.43849722730289603 0.5484458458033206 -0.5459202571759352 -1646.0000759624286 -21.641681368654694 1008.215524608858 365 163_1.jpg

366 0.45491409399401156 0.43631719534358737 0.5499843063525232 -0.5479030342123025 -1638.4484190269316 -20.364389969636314 1020.8509569382304 366 164_1.jpg

367 0.4535553699661853 0.4350803787150264 0.550934995392747 -0.5490566649113914 -1633.8282996400062 -19.630428871230915 1028.4254149119317 367 165_1.jpg

368 0.4507998845279595 0.43229446686165895 0.5527855217796084 -0.5516603347542931 -1623.8398611745101 -17.48894701242212 1044.5012962189157 368 166_1.jpg

369 0.44575177941722444 0.42754827992249206 0.5571284663412017 -0.5550816980175053 -1605.6970050605496 -19.22960215727348 1072.6065061631157 369 167_1.jpg

370 0.4418321045726379 0.4236590520180852 0.5603626089253756 -0.5579347143980179 -1590.889609844033 -19.88919178571355 1094.6991567047323 370 168_1.jpg

371 0.4382339963653099 0.41920054237893867 0.5633654385893954 -0.5611071665037539 -1575.3753274222508 -19.83193858689726 1117.1554496441752 371 169_1.jpg

372 0.43636356668621684 0.41680405953481575 0.5647495222275011 -0.5629557627096385 -1567.0726762600927 -18.86663135473243 1128.9107091707215 372 170_1.jpg

373 0.43183394112978163 0.41189530546166153 0.5676692669439811 -0.56710960844818 -1548.4397100337108 -15.53115432023477 1154.6063302719435 373 171_1.jpg

374 0.42350731549720405 0.4034608808495708 0.5737075824951974 -0.5733415048049081 -1514.4256071324698 -14.360568693394931 1199.165231435922 374 172_1.jpg

375 0.41790101349451797 0.3968164410152486 0.5782153501281311 -0.5775486680241321 -1488.9167971845745 -15.351241771892248 1230.8308443159385 375 173_1.jpg

376 0.4123654612340662 0.3893998148687527 0.5829584264444896 -0.5817920449772078 -1461.3936778561733 -17.363005524405697 1263.477841380902 376 174_1.jpg

377 0.40954346389349133 0.38539019772892263 0.5854276607062756 -0.5839717465396423 -1446.655959425317 -18.5842787878228 1280.3562866073303 377 175_1.jpg

378 -0.4032994483437584 -0.37684286200964967 -0.5894967331322528 0.589773358116826 -1414.3745044852628 -14.676048895431704 1316.0654472055974 378 176_1.jpg

379 -0.3931117458326992 -0.3635304221643541 -0.595532492443233 0.5988738079877298 -1361.8344329346885 -6.962353698315818 1370.5122604394749 379 177_1.jpg

380 -0.3864346245864589 -0.35370237873655774 -0.6002695121752835 0.604350412384794 -1324.0104377444527 -5.626742957248554 1407.1265094315086 380 178_1.jpg

381 -0.37979782750544927 -0.34282079921505726 -0.6052303756350066 0.6098554765322678 -1283.1286816727102 -5.066250517414385 1444.5173104422513 381 179_1.jpg

382 -0.37613581611855695 -0.3372780152817423 -0.6076718843708615 0.612780767636846 -1261.3688223128006 -3.9384516910621556 1463.5596830615907 382 180_1.jpg

383 -0.3681989674214381 -0.3259331504137608 -0.6125868731406948 0.6188169557363904 -1215.191645845964 -0.8007204192050984 1502.1135170006041 383 181_1.jpg

384 -0.35449730989273887 -0.3086154498420487 -0.6202861374163718 0.6279596078783087 -1139.2701482610848 4.587464775480413 1560.4253305701811 384 182_1.jpg

385 -0.3433695916028188 -0.2958391251393306 -0.6257152193600979 0.6348677026439867 -1079.5024479717144 10.436900937719955 1602.2671718575714 385 183_1.jpg

386 -0.3320734544102994 -0.28194859912660203 -0.6312441585853793 0.6416876347401391 -1015.5004010518991 15.804660652318105 1643.4561601119083 386 184_1.jpg

387 -0.326126606304843 -0.2749526267550203 -0.6340222150276889 0.645025829368083 -982.2197418122298 18.45554024616727 1663.4878605362665 387 185_1.jpg

388 -0.3136283609165001 -0.2615048735344514 -0.63911727713728 0.6517526819363227 -914.7920209141109 25.542313667479423 1701.3121232149265 388 186_1.jpg

389 -0.29241198599389284 -0.24035704556226523 -0.6473880852671835 0.6615227797663331 -802.6950771891327 34.291940185604545 1756.6556235615278 389 187_1.jpg

390 -0.27800273350881555 -0.22573049063912706 -0.6524909690445561 0.6678441143506032 -724.8080858917111 40.740125394464506 1789.9239083426905 390 188_1.jpg

391 -0.26474170928457746 -0.2113392146962655 -0.6567838050386631 0.6737080949013317 -650.063687393892 47.98759073062052 1818.080808270617 391 189_1.jpg

392 -0.258019760927113 -0.20441480394701086 -0.6588718760852696 0.6764083395422453 -612.9341429969875 51.139359817249996 1830.7708743439346 392 190_1.jpg

393 -0.24355718169535517 -0.19048532069903004 -0.6631571709703585 0.6816287907896748 -535.2033659263051 56.69165039698865 1854.6599584511464 393 191_1.jpg

394 -0.22188923560846727 -0.16967741612999848 -0.66882924679137 0.6889427989412664 -418.19973956478714 65.44308539615028 1883.9456941141934 394 192_1.jpg

395 -0.20761327595410242 -0.15563219836522796 -0.6722846873832193 0.6933315553107757 -339.87551272826494 70.76991760708334 1899.2551051704993 395 193_1.jpg

396 -0.1926575852001369 -0.14136054289437344 -0.675418505675172 0.6976461094057483 -258.8608919517708 76.64746305871179 1911.5534162128681 396 194_1.jpg

397 -0.18508226722270327 -0.13441460836076485 -0.6769574759592 0.699575473527964 -218.55027189577564 78.89204938606565 1916.3845294272346 397 195_1.jpg

398 -0.17005066615203673 -0.12093755537891761 -0.6797636155168344 0.7031204062318922 -139.40559224206962 82.95943867454022 1923.3792397006193 398 196_1.jpg

399 -0.14754003380080283 -0.10067229738760658 -0.683592410155034 0.7076711409568649 -20.859861208768155 87.63291694747119 1927.7713334372834 399 197_1.jpg

400 -0.13192478103774682 -0.08691843069344159 -0.6859238356694117 0.7103165000297359 60.242995266253146 89.90715577228232 1926.590387751877 400 198_1.jpg

401 -0.11722926560748854 -0.0738714895404808 -0.6880106410724558 0.7123493946717916 136.50012392202663 90.93984968816324 1922.3906343749263 401 199_1.jpg

402 -0.11032905907924719 -0.06741820228982538 -0.6890177082551769 0.7131177198986713 173.03873097256638 90.99759132202554 1919.3157203996552 402 200_1.jpg
