1 0.6508532767632896 0.6694018661460958 0.25994605130713583 -0.24641267040564505 -3052.395817345065 -5.6830862879269075 -597.3896442480664 1 000_0.jpg

2 0.6482184443246574 0.6724298333726249 0.25922240894785636 -0.24587539593675364 -3051.345315737071 8.427870164268342 -605.3659731891547 2 001_0.jpg

3 0.648139358223483 0.6729530595093919 0.25884022697694264 -0.2450536449782482 -3050.254025165098 8.33758035435877 -611.5406784612676 3 002_0.jpg

4 0.6484389992186855 0.6731451448953721 0.25800140398032156 -0.24461756629531045 -3049.08917390393 9.754118410701983 -618.6852871851893 4 003_0.jpg

5 0.6485776867637593 0.6741716403530655 0.2567447854465439 -0.24273792188662227 -3046.1622132771035 9.902645755910589 -635.0163934918064 5 004_0.jpg

6 0.6487892908951334 0.6746701877703999 0.2556782760988109 -0.24191158071655758 -3044.355039184018 11.707940475223369 -644.9716731503192 6 005_0.jpg

7 0.649914391237299 0.6744301751963993 0.2545029842842336 -0.24079753702566062 -3042.1096294425274 8.99441264145973 -657.5256955814395 7 006_0.jpg

8 0.6506649666841731 0.6745617621992016 0.2528185134453899 -0.24017562192665326 -3039.8236364816894 11.71460381415541 -669.3661565191529 8 007_0.jpg

9 0.650461906860099 0.6745832841522836 0.25447093078651384 -0.23891681784857377 -3040.2171741215907 1.4931418218300803 -668.9887989357327 9 008_0.jpg

10 0.6500357898852857 0.6749678535178066 0.2548698902767197 -0.23856489183471702 -3040.273438116251 0.6694087975175047 -669.4003563026342 10 009_0.jpg

11 0.6502230244500512 0.6752568914986551 0.2546018674544095 -0.23752060552156076 -3038.948761588723 -1.7731775193773431 -676.7623216036418 11 010_0.jpg

12 0.6502434123542602 0.6755306486511231 0.2537091059058595 -0.23764161462868844 -3038.2051414904286 2.7371806129787526 -682.1769464105246 12 011_0.jpg

13 0.649650108302764 0.6759265897628567 0.2534556392542168 -0.2384076780726621 -3038.7722576769825 8.875208475890645 -680.9858246488857 13 012_0.jpg

14 0.6496669039045223 0.6758075172637928 0.2516353513618677 -0.24061746305255957 -3039.1638149297646 23.45419633201844 -680.27652234439 14 013_0.jpg

15 0.6498109538337308 0.6758016468604546 0.2502341400181457 -0.24170381368065677 -3038.79928252861 32.33794275875326 -682.243720311582 15 014_0.jpg

16 0.6496125599478593 0.6761118884652063 0.24988243713290526 -0.24173333209659129 -3038.473126594527 35.04409325192363 -684.9366006117266 16 015_0.jpg

17 0.64945946586761 0.6767430583422489 0.24817381215928222 -0.24213837807928668 -3037.0654038447183 44.9198294069993 -692.6596873665821 17 016_0.jpg

18 0.649764115716611 0.6764079030258972 0.2488212376929877 -0.24159249641503494 -3037.2360106619685 39.01973089447409 -693.6089255811814 18 017_0.jpg

19 0.6493736982564432 0.6764858412955331 0.2499061168254894 -0.24130403915523127 -3038.116688234362 35.0611067184108 -691.288623815302 19 018_0.jpg

20 0.6494112289656659 0.6765985122793173 0.24986269842389844 -0.24093181776395933 -3037.6993475967397 34.093129741312445 -693.8485098133256 20 019_0.jpg

21 0.6495912418605237 0.676297501762952 0.25042683070679966 -0.24070585798737884 -3038.084947135697 30.04034515656522 -693.6611105811406 21 020_0.jpg

22 0.6495225793032087 0.6769526819047029 0.24985690142304523 -0.2396393420300846 -3036.400804608734 30.18654649145032 -703.0093910453519 22 021_0.jpg

23 0.6492492765643263 0.6768477792833896 0.25088672483991914 -0.2396003169007538 -3037.4837914742807 26.612826484726064 -699.7983997256099 23 022_0.jpg

24 0.6492520797653137 0.6769406666305399 0.25033519713882163 -0.23990698167348598 -3037.228975837258 30.069706508783373 -702.1203428115764 24 023_0.jpg

25 0.649188405981496 0.6770180215499126 0.2497461549438194 -0.24047426084016618 -3037.1845514044935 34.69894033726379 -702.7545313849492 25 024_0.jpg

26 0.6491600684896799 0.6766502800990967 0.2505193653485977 -0.24078133545942448 -3038.352889762626 32.111143347125065 -699.1322903687902 26 025_0.jpg

27 0.650308033108141 0.6757565758370647 0.25026005215568337 -0.24046292558941637 -3037.76738594883 27.081943458865354 -703.8677424309294 27 026_0.jpg

28 0.6511369366374975 0.6747931963351366 0.2514067922853191 -0.2397278805624243 -3038.230229750082 15.820093360964682 -703.4919758825982 28 027_0.jpg

29 0.6514480418979294 0.6746210036992573 0.2521074492414202 -0.2386289674623458 -3037.821439392451 8.1022624077512 -706.7091158985527 29 028_0.jpg

30 0.651495487435891 0.6745740111998992 0.2516989226917177 -0.23906314140866147 -3037.8558433983185 10.997593538661853 -707.187158005279 30 029_0.jpg

31 0.6518042677351212 0.6741056054529795 0.2523560815076873 -0.23884982182375541 -3038.3320428703973 5.912244772274864 -706.4753400414836 31 030_0.jpg

32 0.6509867548782623 0.675246203965357 0.2524482922255425 -0.2377575840133216 -3037.3105627494583 6.4678339034390016 -712.803750324061 32 031_0.jpg

33 0.6500750699359189 0.6755750904914962 0.2532693728662179 -0.23844354745551305 -3038.947008332616 8.88924954608552 -707.0227699429998 33 032_0.jpg

34 0.6498028732841069 0.6757664583927241 0.2535101570449585 -0.23838733158058933 -3039.1600898928823 8.954163285683356 -707.3749200043953 34 033_0.jpg

35 0.6496919226053023 0.6756501061832666 0.2538158517257883 -0.23869405758979229 -3039.817971518205 8.908803864748723 -705.168445716456 35 034_0.jpg

36 0.6493992676967318 0.6757361326665396 0.2537812981166561 -0.23928293472381618 -3040.4268767960148 12.120879621124084 -703.7881156759616 36 035_0.jpg

37 0.6496752935011421 0.6749494945081731 0.2546656373871457 -0.23981369020880658 -3041.9248113849844 8.174531771044899 -699.2487811715457 37 036_0.jpg

38 0.6506663910274326 0.673821314943769 0.25586982190098995 -0.23901614454915368 -3042.308666007932 -4.337319115700665 -698.8880126948947 38 037_0.jpg

39 0.6521266708661033 0.6719659546778141 0.2572283097515014 -0.23880150242704226 -3043.397918250341 -18.244643159142857 -695.15264619931 39 038_0.jpg

40 0.6526678822775159 0.6715383389736842 0.2575820121873371 -0.2381436577559237 -3043.0206972465653 -24.27732329847107 -697.2567982208044 40 039_0.jpg

41 0.652931050934336 0.6713706987974141 0.2591055928708117 -0.2362344582509512 -3042.444775486585 -37.89587215832898 -700.4258256811453 41 040_0.jpg

42 0.6522718193165522 0.672649006037616 0.2594674993455756 -0.23401154925651801 -3040.4205952101624 -42.44342412153783 -710.8387269043756 42 041_0.jpg

43 0.6512312839844365 0.6735313791086915 0.25947914038149117 -0.2343584259693018 -3040.920367622658 -36.50890477614295 -710.2813400886506 43 042_0.jpg

44 0.6513031913470145 0.6733217765151086 0.25934575271706933 -0.2349078942039816 -3041.4051365931246 -34.678244273573185 -709.5359255452594 44 043_0.jpg

45 0.6520164126372353 0.6728005835143929 0.25904621804289796 -0.23475312434988876 -3040.884428991802 -37.08688115080587 -712.2829056085819 45 044_0.jpg

46 0.6532367053189537 0.671653487086403 0.25868611356463656 -0.23504232545977227 -3040.7583020620327 -40.42980050405307 -713.8768844862765 46 045_0.jpg

47 0.654311165868578 0.6707627396547375 0.2593301368480923 -0.23388485507386486 -3040.0142355924445 -51.750523264208915 -718.1676741183874 47 046_0.jpg

48 0.6553189123825198 0.6695938250167303 0.25992299313380113 -0.23375472233437664 -3040.3610334060522 -59.74034442535595 -717.3000258911532 48 047_0.jpg

49 0.6576362026083223 0.6668306898318627 0.2609984652576714 -0.23394712490305972 -3041.366556082939 -75.49076447308288 -712.7366812148188 49 048_0.jpg

50 0.6590786361429394 0.6652580886541558 0.26281797006705765 -0.23232249454156098 -3040.993140408917 -95.53327481525767 -712.5141694357311 50 049_0.jpg

51 0.6596205134672981 0.664469571036134 0.2639530083414255 -0.23175369849843888 -3041.2845599891607 -105.0681226673244 -711.133568991873 51 050_0.jpg

52 0.6604843941777286 0.6637053008187269 0.2628220729329716 -0.23276639940510707 -3041.338558979446 -101.12705111948343 -713.3275377230931 52 051_0.jpg

53 0.6617730981206894 0.6622192537751744 0.25904183420528193 -0.2375275871656992 -3043.195674527267 -76.54366714777056 -709.7261869107533 53 052_0.jpg

54 0.6631368923213712 0.6608540137235727 0.2544024630319872 -0.2424888067335406 -3044.1909446234545 -47.90774231500772 -709.2539289669553 54 053_0.jpg

55 0.663461080939037 0.660453711949355 0.25192915839521435 -0.2452590214483494 -3044.753434126255 -30.391241195387884 -708.4551532334272 55 054_0.jpg

56 0.6639427654578685 0.6599497632516279 0.24571256738915695 -0.2515385624656922 -3044.9693339803925 13.16968851709614 -709.4047033857686 56 055_0.jpg

57 0.6620208492094226 0.6625047707927817 0.242614199469217 -0.25289162521671177 -3042.88948981836 40.48239752592283 -719.1840511694123 57 056_0.jpg

58 0.6582253524722915 0.6666391278683831 0.24044856484670696 -0.25400028783599476 -3041.2677689790544 72.00999425807058 -724.8867904804604 58 057_0.jpg

59 0.6559519541882454 0.6692395402976234 0.2387811750446749 -0.2546154393259218 -3039.6860304277984 92.41042673104911 -730.5123611780053 59 058_0.jpg

60 0.6545412400326337 0.6707885986755688 0.23820003775595858 -0.25471388457732114 -3038.9241100274567 102.21784520578863 -733.0302333573568 60 059_0.jpg

61 0.6511518460000572 0.6745124238543155 0.237467362821248 -0.25425089009011537 -3037.145324785038 120.82640934672253 -738.8719421835385 61 060_0.jpg

62 0.648909885456023 0.6770440494982449 0.2362077720726547 -0.2544272076821618 -3035.423507619784 137.98479370571343 -744.8765929998706 62 061_0.jpg

63 0.6513225841038769 0.6751018989635363 0.2372838557383813 -0.25241372636606485 -3035.113074676668 115.94997809832932 -751.0963771092041 63 062_0.jpg

64 0.6525353384229402 0.6743523343285793 0.2372905102615647 -0.2512762922256316 -3034.0961209160564 106.95782583355444 -757.7292277820494 64 063_0.jpg

65 0.6526950404543159 0.6745181811979846 0.23826088333856507 -0.24949180120883463 -3033.4848393591838 96.94354872774268 -762.1227895209853 65 064_0.jpg

66 0.6520837078780156 0.6755874868524092 0.24028069847546368 -0.24623885044535077 -3032.520096903607 81.95128762191095 -768.9253321379522 66 065_0.jpg

67 0.6484948299344755 0.6786441823107064 0.24410422806332005 -0.2435357370196394 -3034.14644288778 74.66246517691957 -765.075539857471 67 066_0.jpg

68 0.6459040590260816 0.6812642637667576 0.24697262339863618 -0.24019049260860664 -3033.9220162070214 65.05797598080731 -768.1324119862275 68 067_0.jpg

69 0.6457841639361099 0.6810909021867326 0.2515860080161495 -0.23618314321369363 -3034.9836095085943 33.419321402606776 -767.1795755389506 69 068_0.jpg

70 0.6470723271352565 0.6797276843260486 0.2525590404982268 -0.23554534527161847 -3035.376379597675 20.9060961095357 -766.6825890293453 70 069_0.jpg

71 0.6513837645625861 0.67518726781647 0.25295243166220466 -0.23629729570814303 -3036.5650439424026 0.0534895314021125 -763.4533339738597 71 070_0.jpg

72 0.6556384977027317 0.670488551963785 0.25101065625245605 -0.23995189614446338 -3038.4700151728985 -1.895176819212861 -757.6958741528825 72 071_0.jpg

73 0.6538253307524996 0.6717230226380684 0.25062468260144316 -0.2418426889432206 -3040.2315953675247 13.969039250217255 -751.7373071266392 73 072_0.jpg

74 0.6528561317103706 0.6725564476798084 0.2501349179448489 -0.24265040448598502 -3040.602882727374 23.222650879742815 -751.2807608049025 74 073_0.jpg

75 0.6531229301544689 0.6720314337200223 0.2502573094973461 -0.24326008559112544 -3041.427013832611 23.002594810201057 -748.5565281998254 75 074_0.jpg

76 0.6544385690067617 0.6705199181971061 0.25076650716270327 -0.2433708231952759 -3042.137025626605 14.495566634957518 -747.1082596963935 76 075_0.jpg

77 0.6553361944381701 0.6697192318058774 0.2530801422936402 -0.24075104233475902 -3041.760840054738 -7.738530513534642 -750.5651918481728 77 076_0.jpg

78 0.6559732819297346 0.6692232350728823 0.25469245848372685 -0.23868612574767242 -3041.1257365975657 -23.966247084302825 -753.9978120946597 78 077_0.jpg

79 0.6582498913039948 0.6669542471745978 0.25628952238700287 -0.2370544103970363 -3040.778786705761 -47.09203401872193 -756.1518889008252 79 078_0.jpg

80 0.6582498913039948 0.6669542471745978 0.25628952238700287 -0.2370544103970363 -3040.778786705761 -47.09203401872193 -756.1518889008252 80 079_0.jpg

81 0.6575093555441079 0.6675622922834514 0.25767440354161536 -0.23589390634924945 -3040.922129761732 -53.019235092167015 -756.3945655546368 81 080_0.jpg

82 0.6566454809876334 0.6685295205998735 0.25980573087485637 -0.23320800713012554 -3040.0096661127072 -65.96387542916756 -760.8958063658546 82 081_0.jpg

83 0.6565257377635988 0.6686915891222136 0.26109683931815963 -0.2316332333436591 -3039.4383624822494 -75.673864416059 -763.4838379937679 83 082_0.jpg

84 0.6567326954867736 0.6688838787977708 0.2608846912437451 -0.2307286311617646 -3038.092788351116 -78.10373045926715 -769.8174434192329 84 083_0.jpg

85 0.656811765685411 0.6687014838663111 0.26178939137142426 -0.23000640099263672 -3038.1140334343945 -84.69956209370687 -769.6450646434201 85 084_0.jpg

86 0.6567593260847717 0.6680901388343299 0.26238540360461343 -0.23125019776909672 -3040.2719685483785 -83.867772926534 -762.36542611405 86 085_0.jpg

87 0.6591797046026283 0.6667278372835322 0.25927682999830753 -0.23180084869828285 -3037.4844531767567 -79.75363753138302 -775.7154627037227 87 086_0.jpg

88 0.6597448652496556 0.6664684276767406 0.2581056897546801 -0.2322455609975524 -3036.7641046231406 -75.8586891363778 -780.1764739801885 88 087_0.jpg

89 0.6603432069589449 0.6660911814659212 0.25829717285954246 -0.23141295877559875 -3035.8570824572107 -81.98584021671286 -784.3150832301415 89 088_0.jpg

90 0.6603287416655669 0.6661842024165603 0.2581306504252754 -0.23137227295422558 -3035.641238484593 -81.22960732906544 -785.8643815670604 90 089_0.jpg

91 0.6598795805151708 0.6666484389973927 0.25778637472865584 -0.23170020070280192 -3035.762538081069 -76.4456287494182 -787.1464227507023 91 090_0.jpg

92 0.659428327112516 0.6672581011853395 0.25798444164504053 -0.23100851861613356 -3035.1728243777075 -76.9286980515292 -791.2444526291481 92 091_0.jpg

93 0.6596426481254993 0.6669765618117184 0.2573434943220027 -0.23192276450995314 -3035.6337960228984 -72.51172538279722 -791.1485195085389 93 092_0.jpg

94 0.6607073550616813 0.6663756797693122 0.25629021104869576 -0.23178561668058623 -3034.219891439904 -73.29487768814519 -797.762716143672 94 093_0.jpg

95 0.6611780101751732 0.6660803007833603 0.2564295769906682 -0.23113749979943493 -3033.492226470225 -78.06167790314126 -800.6964023686688 95 094_0.jpg

96 0.6618636799240012 0.6655408161947068 0.25643957332039985 -0.23071765517964604 -3032.8919189789767 -82.69153777672406 -803.7526887128788 96 095_0.jpg

97 0.6632989877517601 0.6643309348706561 0.25731615038263483 -0.2291009833536987 -3031.5472731909144 -98.41292550479528 -808.9013962544691 97 096_0.jpg

98 0.66391187383626 0.6637348986220933 0.25807263852929085 -0.22820061650415274 -3031.074314052491 -107.48670874925423 -810.7295651802908 98 097_0.jpg

99 0.665173611853387 0.6626943150284103 0.2583443146598617 -0.2272411186512519 -3029.8889920864085 -117.77545749042929 -814.9399495604688 99 098_0.jpg

100 0.665776683333543 0.6621378484460253 0.2588882676869806 -0.22647680331259068 -3029.328793382233 -125.46571968613782 -816.477077558169 100 099_0.jpg

101 0.6659660964881573 0.661917118288808 0.26001260252551744 -0.22527390743819886 -3028.8324820990083 -134.941870121489 -818.0345267569752 101 100_0.jpg

102 0.6659626608751288 0.661810785014429 0.26106835352169366 -0.2243736480698555 -3028.6927607473262 -142.28978700258477 -819.1545916728259 102 101_0.jpg

103 0.6670048867554801 0.6607317411327315 0.26175975561681114 -0.22365124109524992 -3028.1960461837825 -152.82701215640873 -820.3254629739588 103 102_0.jpg

104 0.6689819652834252 0.6585208568978587 0.2613608120833778 -0.22473081022225913 -3028.884874337238 -158.19895742342715 -817.9667090168714 104 103_0.jpg

105 0.6698558265082767 0.6576795527665251 0.26059538428208745 -0.2254790971611517 -3028.9814243921633 -157.09258669368944 -818.4443789846899 105 104_0.jpg

106 0.6700951863209049 0.6575277514326459 0.26062205171058794 -0.2251795806187678 -3028.5569562475134 -159.26695548546354 -820.8651956895831 106 105_0.jpg

107 0.6670669666435951 0.6604908642759585 0.2604288505862596 -0.22572171805838667 -3029.7373161901933 -141.26406278971544 -821.7074133144017 107 106_0.jpg

108 0.6665473835674656 0.6610717159333581 0.26046587583946057 -0.22551341285048723 -3029.6011300872624 -139.31417855939426 -823.7967278026983 108 107_0.jpg

109 0.6654481097075704 0.6615965347558354 0.2615300150107835 -0.22598869381929565 -3031.558161391594 -137.3594903285349 -818.1167179034651 109 108_0.jpg

110 0.6650794304808271 0.6620224556884813 0.26162386581957703 -0.2257179039179473 -3031.363093898473 -136.62841337963764 -819.5950285562816 110 109_0.jpg

111 0.6637744857441352 0.6632137813637703 0.2625857999325119 -0.22494357060845457 -3031.5549891040946 -136.52135247846218 -820.1607253996359 111 110_0.jpg

112 0.6628891225596416 0.6644095938572182 0.26286491624184233 -0.223696085329547 -3030.324451319611 -136.60781122143186 -826.5612216609238 112 111_0.jpg

113 0.6655372411371637 0.6617835706505183 0.2624523068909145 -0.22410147898713373 -3029.940037109642 -147.17627101041828 -827.4073130618551 113 112_0.jpg

114 0.6687459875249958 0.6582475826534638 0.2623424508266636 -0.22508967678316338 -3030.542348879747 -160.567580479999 -823.9179672380403 114 113_0.jpg

115 0.669232320151701 0.6574029352202697 0.26211992562987707 -0.2263683436700738 -3032.000343609094 -158.5845854646019 -819.5250802795317 115 114_0.jpg

116 0.6688204058425631 0.657376132876553 0.2624742576572922 -0.2272512898095649 -3033.6718052452034 -155.72283240908337 -815.1067800678959 116 115_0.jpg

117 0.6668320773716914 0.6588270942774874 0.2621891227755208 -0.22921322896429916 -3036.469061975176 -138.80636726601384 -809.5543786265879 117 116_0.jpg

118 0.6663274253107648 0.6590608674566526 0.2623521646670049 -0.22982140231176978 -3037.5609620006594 -135.32304333504362 -807.2707510946859 118 117_0.jpg

119 0.6650281855298023 0.660187440210422 0.26146057170116976 -0.23136210944112434 -3038.9515033996922 -120.2893566189222 -805.6497687388039 119 118_0.jpg

120 0.6645544926660486 0.6606000356130688 0.26118175356646023 -0.2318598948273113 -3039.4063898851427 -115.20051156335563 -805.2900295978941 120 119_0.jpg

121 0.6646788212447282 0.6605473950155369 0.25967861309587037 -0.23333714112312248 -3039.775565150068 -104.81460373315326 -806.567408248218 121 120_0.jpg

122 0.6650451994247097 0.6599568809506173 0.2590314263228934 -0.23467960751886427 -3040.8137945875137 -100.05461655158588 -805.0732536492304 122 121_0.jpg

123 0.6641365829833783 0.6611538686944614 0.25757415039045656 -0.23548613144757347 -3040.4318280838406 -86.39409040119568 -809.348348626078 123 122_0.jpg

124 0.6647638738879738 0.6610777844512711 0.255832987031348 -0.23582755908729422 -3038.9085851728832 -80.59094341625374 -816.8898160313931 124 123_0.jpg

125 0.6654034701183137 0.6607759607688687 0.2548231067814005 -0.2359629968337405 -3037.8992898596816 -78.83587117511011 -821.4295438948188 125 124_0.jpg

126 0.6663453339430176 0.6601938731127897 0.25365058529068174 -0.2361976427028785 -3036.805731005368 -77.64454115819612 -826.8086220385857 126 125_0.jpg

127 0.6679444713079152 0.6590154177631707 0.252607107170767 -0.23609005020635643 -3035.3276895417807 -81.42259007380338 -833.6646588290303 127 126_0.jpg

128 0.6691291323256966 0.6579602481417546 0.2532351513540099 -0.23500313669611525 -3034.4561414719683 -93.4343828025822 -836.7532228643297 128 127_0.jpg

129 0.6699422781022125 0.6574429431579445 0.2537698315445125 -0.2335529770756679 -3033.000099958976 -104.06908762243405 -841.975619359634 129 128_0.jpg

130 0.6702994106723796 0.657240455937276 0.2541027715847516 -0.23273475160484675 -3032.2081813090176 -109.68635381785357 -844.7110513713845 130 129_0.jpg

131 0.6702889916564027 0.6574170209871674 0.2550194471551344 -0.23125875065236098 -3031.1994517421454 -117.85345161330409 -848.4116539406717 131 130_0.jpg

132 0.6690188486376125 0.6591798339465427 0.25525801882099375 -0.22964988681336837 -3029.438735820335 -116.61766266515059 -856.6794042413829 132 131_0.jpg

133 0.6689912487472043 0.6594653336919529 0.255258729511136 -0.22890863628657243 -3028.415079111216 -118.462248770277 -861.2480161460949 133 132_0.jpg

134 0.6694998148743839 0.6593686937701577 0.25469600026307393 -0.2283262381089693 -3026.890401918392 -120.08551697018062 -867.5795007417968 134 133_0.jpg

135 0.6696402975330328 0.6592361446263407 0.2549235586004665 -0.22804288370511405 -3026.724581700538 -122.6405525906856 -868.392762084051 135 134_0.jpg

136 0.6698196693260633 0.6592398043165824 0.25507501379580944 -0.22733505740563897 -3025.8615018969995 -126.18454868157666 -872.0731146108361 136 135_0.jpg

137 0.6696217271123781 0.659963278136668 0.2540847325237743 -0.22692765981356483 -3024.19542412262 -121.63413781418338 -880.2865470305269 137 136_0.jpg

138 0.6694577363773383 0.6605466184671002 0.25334778855565093 -0.22653786012534513 -3022.8230335736534 -118.39048409654299 -886.6340052678969 138 137_0.jpg

139 0.6694357870251781 0.6607595333170491 0.2522425285796437 -0.22721415659320968 -3022.523237737127 -111.35239788491525 -889.7701097549187 139 138_0.jpg

140 0.6696189599288851 0.6608821073137674 0.25139827609066023 -0.2272535929637121 -3021.5645256489033 -108.31453389253863 -894.0044323999095 140 139_0.jpg

141 0.6699036029538563 0.6608106847523895 0.2505380994811909 -0.22757210368336703 -3020.972463421835 -105.00577519569376 -897.5955584868636 141 140_0.jpg

142 0.6714517162889706 0.6596684427780743 0.2493622144413216 -0.2276150792550144 -3019.428582385223 -107.71766820185046 -904.2360499933321 142 141_0.jpg

143 0.6722752790619446 0.6588936694024441 0.24893474385194378 -0.2278959738278285 -3019.224069159336 -109.40644444966249 -905.9201749947948 143 142_0.jpg

144 0.6713253205858355 0.6598728087427697 0.24866270051293204 -0.22816014462624504 -3019.41503895004 -102.38744352088655 -907.3071940949346 144 143_0.jpg

145 0.6712602772712895 0.6601020991914924 0.24902138064973275 -0.2272954262187381 -3018.596418822462 -105.99516244699355 -910.2079507969388 145 144_0.jpg

146 0.6715779924875804 0.6603350394809194 0.2492173017665874 -0.22545813833229808 -3016.0886279575934 -113.49013426103832 -918.8106931682873 146 145_0.jpg

147 0.6709878311013708 0.6608730465396281 0.25086141479664936 -0.22380951149924805 -3015.723493455621 -122.29629717477864 -920.7008658261411 147 146_0.jpg

148 0.6722810097174522 0.6596383855928073 0.25135825839444453 -0.22301226460154516 -3014.9127577116483 -133.64338084199971 -922.9794224496266 148 147_0.jpg

149 0.6741313168265304 0.6582310858611808 0.2504465282336028 -0.22261029126137458 -3012.9038585533976 -140.4701460183439 -929.7359004507243 149 148_0.jpg

150 0.6745496899796934 0.6580301494542102 0.2501428305577156 -0.22227820963410483 -3011.9664002235154 -142.21931024874195 -933.1320979692019 150 149_0.jpg

151 0.6740917583343546 0.6586235303592128 0.24988643669967156 -0.22219836938286988 -3011.630479792868 -138.7907408306084 -935.9822906192009 151 150_0.jpg

152 0.6723445018918621 0.6603444918666085 0.2504043252899411 -0.22180102955870984 -3011.9724665071294 -132.8168208428472 -937.6066240754534 152 151_0.jpg

153 0.6721013277423868 0.6610130608568319 0.2500274977756531 -0.22097010879222725 -3010.2930728014617 -131.97254303757435 -944.3661928490926 153 152_0.jpg

154 0.6725898074326532 0.6605136002757463 0.2500428799867645 -0.22095993518374032 -3010.2188841305638 -134.7102047051358 -945.4241578757757 154 153_0.jpg

155 0.6727504518142176 0.6603240702755466 0.25022031025584973 -0.22083647374011206 -3010.2199018313254 -136.72512683435767 -945.7473849825808 155 154_0.jpg

156 0.6721759214332063 0.6606883518990454 0.25060069921061734 -0.22106497204553432 -3011.147984585944 -134.77323177884483 -944.3043964472009 156 155_0.jpg

157 0.6718653244888445 0.6615006892323957 0.2501360759562105 -0.22010399223956428 -3009.1593704034954 -133.49265090354567 -952.6871057115218 157 156_0.jpg

158 0.6722628859344388 0.6613347932541579 0.2497812270151835 -0.2197913602882727 -3008.1747747778545 -134.83459608437695 -956.8643446646096 158 157_0.jpg

159 0.6725222519915949 0.6609758951205789 0.24999513181105595 -0.2198343028657634 -3008.471330667911 -137.11525571183995 -956.8615320690693 159 158_0.jpg

160 0.6727995533264356 0.6607954882231291 0.24979915672916447 -0.21975091600515204 -3008.055097288261 -137.9377181508541 -958.6939591874903 160 159_0.jpg

161 0.6726788744001958 0.6609817371809001 0.2492068764539522 -0.22023216789803773 -3008.1126244128654 -133.28567730561818 -960.4624806268588 161 160_0.jpg

162 0.6723153838197593 0.661009264787221 0.24955824050397493 -0.22086072792895434 -3009.620627776197 -131.27635609830813 -957.8992842195062 162 161_0.jpg

163 0.671855208397504 0.6614260960094777 0.24923933331766243 -0.22137265683497365 -3010.1170110908038 -125.96090409467848 -958.3280892966739 163 162_0.jpg

164 0.6713227324654742 0.6618184320475168 0.24915562800331267 -0.22190904648420834 -3010.9483370826892 -121.27358268533216 -957.5891734581699 164 163_0.jpg

165 0.6714178813523717 0.6617221926874919 0.24909026410611812 -0.22198155020788224 -3010.970651055961 -121.29808050760249 -958.1468689464261 165 164_0.jpg

166 0.6721100116376463 0.6606614141557531 0.24928273303238774 -0.222828963813205 -3012.431313707538 -123.71323293624356 -954.4819863263718 166 165_0.jpg

167 0.673237490235146 0.6596020090972942 0.24869166245864446 -0.22322394217522945 -3012.139687004619 -126.09391537250217 -956.9702403616568 167 166_0.jpg

168 0.6727688329586855 0.6600104210445823 0.24874171078643964 -0.2233739081159583 -3012.524438663493 -123.38342052098703 -957.3697519966648 168 167_0.jpg

169 0.6722960970156214 0.6605348824506102 0.24878525420411807 -0.22319839671044492 -3012.3923808026293 -121.47725410311693 -959.2751197722554 169 168_0.jpg

170 0.6720497765263429 0.6607864711633172 0.24882174445891792 -0.22315482715559598 -3012.4140680841915 -120.4206148705959 -959.962420165305 170 169_0.jpg

171 0.6715129892387596 0.6612277193216921 0.24910982226793424 -0.22314234231516322 -3012.856053137058 -118.86064007994761 -960.030236039569 171 170_0.jpg

172 0.6714769254374119 0.6613778084710458 0.2492146769729823 -0.22268852204011103 -3012.3073651486948 -120.34241515650918 -963.4610033621669 172 171_0.jpg

173 0.6717653543151805 0.6610491025382427 0.24978009591658587 -0.22216051957781596 -3012.165563144068 -125.9099771846174 -964.4337918527153 173 172_0.jpg

174 0.6718403491416614 0.6609421450129452 0.2500242240079199 -0.2219772817658032 -3012.1862041427007 -127.9283792960308 -965.3357201188044 174 173_0.jpg

175 0.6718398029166299 0.6609899165328054 0.25034481159497396 -0.2214747948782793 -3011.8072528729613 -130.7245558911326 -966.7681363345711 175 174_0.jpg

176 0.672021726122721 0.6608242254583521 0.2508292397525085 -0.22086836611788954 -3011.4404229340175 -135.54815851973575 -968.4829382163609 176 175_0.jpg

177 0.6734383559749079 0.6596455095408444 0.25103061810808913 -0.21984588059975896 -3009.8262868275824 -146.92365210705262 -973.7062047945901 177 176_0.jpg

178 0.6739119559781237 0.6591622219812782 0.25139102199835 -0.21943198208344353 -3009.534870370662 -152.2799670797663 -975.0363692330892 178 177_0.jpg

179 0.6736628065734425 0.6597383261592089 0.2512195263846099 -0.21866072715357524 -3008.1402315827186 -152.14867554034228 -980.605526236337 179 178_0.jpg

180 0.6735039279710088 0.6600111452612303 0.2511966820082 -0.21835286599138753 -3007.6529837544485 -151.97902626674818 -982.7573256056235 180 179_0.jpg

181 0.6734039242455631 0.6605167523455276 0.2504901479447082 -0.21794370939357482 -3006.132767285951 -149.2412764897859 -989.0804654124541 181 180_0.jpg

182 0.6731478323302749 0.6608738486426361 0.24877317818210723 -0.21961251746313534 -3006.7045930670456 -135.55281128016256 -991.1923924399143 182 181_0.jpg

183 0.672873233705936 0.6610062151568143 0.248393856140887 -0.2204833034894943 -3007.674132603837 -130.0206361073121 -990.2226644924198 183 182_0.jpg

184 0.6723124887563736 0.6618005420262149 0.24749111855895953 -0.22082596375982197 -3007.151031050165 -121.88710298448251 -994.0829625953892 184 183_0.jpg

185 0.6720282847007868 0.6622874216077447 0.24706474151563101 -0.22070878832094135 -3006.4662061875006 -118.66902468129379 -998.3926045894389 185 184_0.jpg

186 0.6720282847007868 0.6622874216077447 0.24706474151563101 -0.22070878832094135 -3006.4662061875006 -118.66902468129379 -998.3926045894389 186 185_0.jpg

187 0.6721390399121863 0.6624767129822368 0.24711765160448237 -0.21974208073935497 -3004.975416734784 -122.04373928392152 -1004.315293734605 187 186_0.jpg

188 0.6721636329912333 0.6627568383491171 0.2471483367433708 -0.2187855647671809 -3003.46912195777 -124.81087059484994 -1009.7225866705465 188 187_0.jpg

189 0.6719855975008128 0.6631494019588895 0.24676390162402684 -0.21857676978199356 -3002.657447434724 -122.60043994741098 -1013.6540794580202 189 188_0.jpg

190 0.6720813035953348 0.6632099721978373 0.24665406804452403 -0.21822242059886238 -3001.917148593621 -123.54564350505751 -1016.3394212585697 190 189_0.jpg

191 0.6718788761712311 0.6634742119639869 0.24674929003468052 -0.21793470049772085 -3001.6112184612452 -123.60740362548857 -1018.4494945011343 191 190_0.jpg

192 0.6716190970817802 0.6642048260561997 0.24630528476025643 -0.2170102397995924 -2999.54918774017 -122.51858135467924 -1026.4960556927508 192 191_0.jpg

193 0.6717239848106417 0.6639589281390432 0.24703341415969726 -0.21661006962551232 -2999.8572603505963 -127.48367055675187 -1026.1796623634073 193 192_0.jpg

194 0.6720742152684666 0.6640830301032619 0.24645429984589906 -0.21580142814080921 -2997.6797594812347 -128.85664010100447 -1033.5873604873468 194 193_0.jpg

195 0.6722611066485068 0.6639348860598645 0.2466554374681135 -0.21544504340507162 -2997.329531496441 -131.74318706036334 -1034.846173512116 195 194_0.jpg

196 0.6726877784918119 0.6639864573819138 0.24630121884369408 -0.21435682092547864 -2994.9551158313143 -135.30646910683097 -1042.4537391796061 196 195_0.jpg

197 0.46008950076603683 0.47879565187970163 0.5292697696456252 -0.5281532788549339 -2245.959204451729 3.222497143360175 2150.9139229473844 197 000_1.jpg

198 -0.45816434068173245 -0.4815898420526333 -0.527411411600975 0.529144464085622 -2251.5699039584424 17.552583451635897 2145.71966576823 198 001_1.jpg

199 -0.45817151761207925 -0.48240470623500814 -0.5271021021462087 0.5287040133802723 -2255.4679508296636 17.37382961991512 2141.8195043232613 199 002_1.jpg

200 -0.4595986279756395 -0.4840936809391436 -0.5255426291909507 0.5274726098488558 -2270.1833189944755 19.31149614394071 2127.015093031888 200 003_1.jpg

201 -0.4595680553511223 -0.4845862742036705 -0.5254187683979782 0.5271702411644122 -2272.6056730307278 18.7997078935884 2124.636368216176 201 004_1.jpg

202 -0.4601865737912512 -0.48549469282491514 -0.5245952931894419 0.5266146588394532 -2279.816100397682 20.291457396113913 2117.303294609318 202 005_1.jpg

203 -0.46162251582195185 -0.4857591541185647 -0.5241412949561355 0.5255650292760486 -2288.241022578569 17.456266959948067 2108.840689395323 203 006_1.jpg

204 -0.4632052233864499 -0.4861607637123447 -0.5228216788925392 0.5251153444093263 -2297.1641508443317 21.022105884720517 2099.5294651954523 204 007_1.jpg

205 0.4623963932225564 0.48667139150690886 0.5242335230151071 -0.5239463193597882 -2297.225741164321 10.272630619753556 2099.9599873108095 205 008_1.jpg

206 0.46180792846234964 0.48724247276823757 0.524390861713491 -0.5237770843511474 -2297.7500549316806 9.342876599807763 2099.6027313277723 206 009_1.jpg

207 0.4619686124337865 0.4880114069891627 0.5242309688470976 -0.5230791135919048 -2302.6059361196017 7.386703708846316 2094.725420431971 207 010_1.jpg

208 0.4625388662601853 0.4882257775367513 0.5234617727263509 -0.5231454480749723 -2307.292753512732 11.052822208649014 2090.22722681183 208 011_1.jpg

209 -0.46205233380174193 -0.48823002781558694 -0.5230878894052073 0.5239447878595229 -2306.378447543983 16.39818175889232 2091.6518581624828 209 012_1.jpg

210 -0.46277388497802513 -0.48718094465659745 -0.5215379239567798 0.5258262568764545 -2305.847457064912 30.693559306774763 2092.5267860215226 210 013_1.jpg

211 -0.46357823464471576 -0.48664954925872894 -0.5203468328606222 0.5267889616363318 -2307.289665153077 39.6110410319799 2091.0164935270886 211 014_1.jpg

212 -0.46371346855327505 -0.4868020951669558 -0.5197960754055778 0.5270726507952311 -2309.440670736288 43.34616007670524 2089.0175507768136 212 015_1.jpg

213 -0.4642556580817419 -0.48721351595229817 -0.5181547762761728 0.5278307509369624 -2314.665544171471 53.96051571860443 2083.6693269345883 213 016_1.jpg

214 -0.4643071958432548 -0.4870908556147616 -0.5188599008513927 0.5272055856619273 -2315.5394906141105 48.090054558545944 2083.286907966837 214 017_1.jpg

215 -0.46344864300606553 -0.4874034834324405 -0.5196728748851919 0.5268712392438205 -2314.536864824244 43.56816864639752 2084.9426562863528 215 018_1.jpg

216 -0.463478954028724 -0.48761750158165723 -0.5196611738241228 0.526658044411587 -2316.0598908213547 42.81223386683061 2083.492116968492 216 019_1.jpg

217 -0.46335753584447886 -0.48747411792351253 -0.5202528471068648 0.5263133604688629 -2316.1222182322826 38.71623411969723 2083.941202381917 217 020_1.jpg

218 -0.46363943882662545 -0.48856702855378703 -0.5196807938842697 0.5256164018012283 -2323.1830161572384 38.735680791313904 2076.747833872332 218 021_1.jpg

219 -0.46290831621818196 -0.4885054025670642 -0.5204243100930898 0.525582438731518 -2321.161108274919 35.592837526528044 2079.514046870119 219 022_1.jpg

220 -0.4631112327504375 -0.48852732288165235 -0.5200663216685295 0.5257376360549257 -2323.055687959481 37.83136988067039 2077.816635432623 220 023_1.jpg

221 -0.4633265731189635 -0.48819837708682934 -0.5195819428431689 0.526332058612186 -2323.0172201663117 42.326380400882414 2077.9931370318504 221 024_1.jpg

222 -0.4630427578172317 -0.4878370203239344 -0.5199619763269293 0.52654153607163 -2321.504989736935 41.523739179188404 2080.1444898383716 222 025_1.jpg

223 -0.4640057125627057 -0.48716061059682175 -0.5204916549560537 0.5257962298392942 -2324.263274302988 35.283785416527785 2077.846223421143 223 026_1.jpg

224 -0.4643459886997884 -0.48661827387322887 -0.5216603889015391 0.524838924778022 -2324.617618969381 25.580055276409187 2078.0268943905207 224 027_1.jpg

225 -0.46421639515745816 -0.4869777400025395 -0.5226496347209297 0.5236345849302854 -2326.718342929956 16.244468820326247 2076.216330629478 225 028_1.jpg

226 -0.46448229966118065 -0.4867486887380235 -0.5222684578055561 0.5239919515552524 -2327.3280586078054 19.280174970775374 2075.7348484798213 226 029_1.jpg

227 -0.4644636359334674 -0.48636812605871305 -0.5228957015803576 0.5237362524385581 -2326.793117252141 15.242457398375116 2076.8020282655352 227 030_1.jpg

228 -0.46371260781999546 -0.48780855080625707 -0.5227449444029775 0.5232123452387248 -2331.131865586876 14.744485331412525 2072.6046122772627 228 031_1.jpg

229 -0.462575135813731 -0.4879000288765075 -0.5229921082912458 0.5238864955448741 -2327.9963446650095 17.121952502207677 2076.536605652879 229 032_1.jpg

230 -0.46218827879078456 -0.4881386136598968 -0.5230185747001133 0.5239792546668887 -2328.428323089709 17.730743693092215 2076.479048296994 230 033_1.jpg

231 -0.4619662976204077 -0.4878715603232809 -0.5232684011576104 0.5241742657175933 -2326.98646823088 17.438469641639294 2078.309241113021 231 034_1.jpg

232 -0.46168618551894197 -0.4876701614332113 -0.5231765366002811 0.5246999059458745 -2326.048378756771 20.177323951972102 2079.772082560299 232 035_1.jpg

233 -0.4615411390400433 -0.48677472805517674 -0.5239441853776954 0.5248929716707315 -2323.4473931989924 17.265215268430545 2083.3440657800707 233 036_1.jpg

234 0.4618623078147641 0.48616526691342793 0.5253794851067691 -0.5237393803180753 -2323.445619936187 5.486369681233005 2083.8387363161914 234 037_1.jpg

235 0.46240986471385304 0.4846609801226622 0.5273709523713195 -0.5226478068038019 -2320.735822124372 -9.045065544404647 2087.2599295977284 235 038_1.jpg

236 0.46279109179464917 0.4844230889532713 0.5279223846255345 -0.5219737848357681 -2321.834128044195 -14.677386693482847 2086.217676344373 236 039_1.jpg

237 0.4624265036756943 0.48517414695602107 0.5292987032771698 -0.5202025168459654 -2324.5512007422326 -27.905667722898812 2083.481184119476 237 040_1.jpg

238 0.4616029530808857 0.4872587290892163 0.5296326557783824 -0.5186433211432546 -2331.2972225016815 -34.662673411831726 2076.4863377402103 238 041_1.jpg

239 0.460692149931326 0.48793270263268507 0.5290993418957672 -0.5193633671127396 -2331.390612139632 -28.39780472681934 2076.9070469896496 239 042_1.jpg

240 0.46077679823351575 0.4876415742246276 0.528908544184975 -0.5197558938439538 -2331.5010013668225 -25.996467446098244 2077.2385092491145 240 043_1.jpg

241 0.4614435751006237 0.48718410728187544 0.5290379790781258 -0.5194615378478468 -2332.782690203695 -28.3450025661419 2075.9857927818566 241 044_1.jpg

242 0.462721540182492 0.48604599410082117 0.5292800919966795 -0.5191441534734581 -2334.2083595350596 -31.89759953246943 2074.7576643452476 242 045_1.jpg

243 0.4634977013034862 0.48572366565579445 0.5302382642616512 -0.5177738740232782 -2337.4866709289563 -42.54716293172901 2071.515927435359 243 046_1.jpg

244 0.46395642502595474 0.48491168899025966 0.5313634689114529 -0.5169699734647427 -2337.0270300741126 -51.62958456707536 2072.2503045675826 244 047_1.jpg

245 0.4655339328858733 0.48233400111001307 0.5330681173973307 -0.5162077594529967 -2333.8166264574393 -64.51403582148824 2075.9203178430516 245 048_1.jpg

246 0.466025921109198 0.4816155807236572 0.5352858838738416 -0.5141354838794325 -2333.3293534200934 -83.93484391478066 2075.9766890106343 246 049_1.jpg

247 0.4660188623426014 0.48107169134193906 0.5369851799191321 -0.5128775334107851 -2332.061495548085 -97.19485423844986 2077.2345734968167 247 050_1.jpg

248 0.4670691303837846 0.48010192488798575 0.5365160988070028 -0.5133215803785193 -2333.7006310479637 -94.122016465484 2076.1693807615875 248 051_1.jpg

249 0.46992294955521535 0.4766236014027655 0.5337512616570963 -0.516828747987805 -2331.9305236710775 -69.63530367284629 2079.555449998526 249 052_1.jpg

250 0.4733691062498462 0.4731781094348235 0.5303238799315639 -0.5203659754194543 -2332.808114527428 -42.34000696246793 2079.7466037393574 250 053_1.jpg

251 0.47472491500016484 0.47155471271147376 0.5282760390650161 -0.5226823457392293 -2332.2810631157863 -24.594414548698726 2080.843017565472 251 054_1.jpg

252 -0.4780085204069074 -0.4681850752586506 -0.5230338311017942 0.5279642045124182 -2333.149581174851 18.44739293617959 2080.3905225822323 252 055_1.jpg

253 -0.47815574726959476 -0.4693144081477968 -0.5192221222451702 0.5305840700861271 -2339.6458150841804 47.11072445293192 2073.2982259248292 253 056_1.jpg

254 -0.47576357143438186 -0.47258082013891306 -0.515522434584079 0.5334351056814107 -2343.6934558267208 78.64098162012628 2068.226232992849 254 057_1.jpg

255 -0.47444954176421295 -0.47464789229492405 -0.513035897461232 0.5351646275454525 -2347.283415001183 98.83214020568225 2063.746980201187 255 058_1.jpg

256 -0.4735796714063614 -0.47592253685651953 -0.5117820469883261 0.5360029571962607 -2349.127474230181 109.09682207513553 2061.3645193611205 256 059_1.jpg

257 -0.47092265164890096 -0.4793483897474552 -0.5096832209098621 0.537289485969564 -2352.5400321430184 127.05565507554218 2056.908155959476 257 060_1.jpg

258 -0.4693072646255212 -0.48187650332981385 -0.5070338177016277 0.5389456694466107 -2356.9358327337195 148.13882007284988 2051.1644219178875 258 061_1.jpg

259 -0.4708385624215184 -0.4811690282780388 -0.5092305763683789 0.5361638130779943 -2361.763692297608 125.17636251348617 2047.5825352350046 259 062_1.jpg

260 -0.47202104671335116 -0.4807382466370958 -0.5098501377591149 0.534920280702587 -2365.9187018065577 116.19652212916634 2043.7568056555342 260 063_1.jpg

261 -0.47183443871614866 -0.4817218957550299 -0.5106561221984377 0.5334290978685465 -2369.6451518851322 106.75470486956824 2040.1786330873613 261 064_1.jpg

262 -0.4703992830777964 -0.4841217081633095 -0.5122762930900076 0.530964862964486 -2374.561625354399 90.91115436494492 2035.6842951620529 262 065_1.jpg

263 -0.4656346858291476 -0.4879482475124608 -0.5140763177513982 0.5299211135909504 -2372.4367575189867 82.98129126402061 2039.1887653284039 263 066_1.jpg

264 -0.4619719656226658 -0.4918426389692504 -0.5152657043968265 0.5283691657761044 -2374.600500696769 75.04298342004515 2037.4642035972513 264 067_1.jpg

265 -0.45951182737033364 -0.4939085541300567 -0.5192424268523814 0.5246813536046262 -2374.9249623998953 43.80209783277245 2038.45510585829 265 068_1.jpg

266 -0.4600498843720049 -0.49307991752839836 -0.5207652809322737 0.5234785773983713 -2374.4984923158436 31.082483699217136 2039.4158197974275 266 069_1.jpg

267 0.4634360107917197 0.4889326122905496 0.5232155699780463 -0.5219362335312088 -2372.5419921493412 9.464759219004733 2042.35773951248 267 070_1.jpg

268 0.46847478301863593 0.48274380246988513 0.5236209361952239 -0.522791463234238 -2369.1766758270605 5.422405573443262 2046.9628151575507 268 071_1.jpg

269 -0.4671237002877832 -0.4828257768300044 -0.522489338225542 0.5250520062799374 -2365.0733976114007 21.038737940130673 2052.065495000905 269 072_1.jpg

270 -0.4663905490962662 -0.48331526150017595 -0.5215027526364506 0.5262329262857893 -2364.998834723535 31.22500151424822 2052.4893297987196 270 073_1.jpg

271 -0.466571320626474 -0.4826824403861407 -0.5216195682852224 0.5265376439474065 -2363.699121060472 31.6068867385201 2054.204734846786 271 074_1.jpg

272 -0.46740230172771363 -0.4811700328059671 -0.5227401889472028 0.5260733624966983 -2362.068722819982 23.39020663212531 2056.63289449854 272 075_1.jpg

273 0.46725772475033595 0.4815375905279077 0.5250719331038312 -0.5235372313754989 -2364.617462995111 2.298484308816258 2054.502591040591 273 076_1.jpg

274 0.4670050662745982 0.4821482139660413 0.526859744699703 -0.5214002083411343 -2367.1373767900022 -14.459627856907746 2051.990307096181 274 077_1.jpg

275 0.4681563163272888 0.4810347766618104 0.5286019803845222 -0.5196298234881701 -2368.2662519299693 -31.090619780063715 2050.955966337904 275 078_1.jpg

276 0.468337952282101 0.48084276832548123 0.529362624876262 -0.5188689680308607 -2368.724355161053 -37.972828648246356 2050.5368234638304 276 079_1.jpg

277 0.4671866622158481 0.48178667542844106 0.5303084704811598 -0.5180648107748275 -2369.0103880926617 -44.5411448429585 2050.5203074594288 277 080_1.jpg

278 0.4653463497492453 0.48396595201128967 0.5317627948911022 -0.5161957594154206 -2372.077953054023 -56.93177697157978 2047.3527624483122 278 081_1.jpg

279 0.4646078228733931 0.48479964330497965 0.5329263472177607 -0.5148770583521324 -2373.5521769663223 -66.95929083659556 2045.790902315416 279 082_1.jpg

280 0.46482903136057574 0.4854761284597307 0.5327909982077187 -0.5141795917079582 -2378.0721549259565 -69.06738684993208 2040.9320240030856 280 083_1.jpg

281 0.4646669711362319 0.485673111566493 0.533515702486311 -0.5133879915199995 -2378.739111071375 -75.51865517122373 2040.1561724267813 281 084_1.jpg

282 0.4642741785693346 0.4847335480062007 0.534145885943269 -0.5139757261592904 -2374.473438784075 -76.10438951539133 2045.5495983965868 282 085_1.jpg

283 0.46761586722609394 0.4831157317453742 0.532700218193651 -0.5139699096201608 -2382.312059629204 -72.31289590466177 2037.260911553019 283 086_1.jpg

284 0.46883354470654615 0.4826776795803166 0.5316811990917204 -0.5143271988970123 -2386.230882268388 -67.10586213777196 2033.3308311101478 284 087_1.jpg

285 0.46923709611013664 0.48269749940101414 0.5322190500777875 -0.5133834380270091 -2388.8259091375317 -73.78971152859944 2030.525618614757 285 088_1.jpg

286 0.46935081362996434 0.4827658752425381 0.5321268840262511 -0.513310727281935 -2390.0259497280463 -73.7084179080035 2029.35901720934 286 089_1.jpg

287 0.4691247363454816 0.4828826086682781 0.5315985879606708 -0.5139545789977182 -2390.629001602604 -68.34839140491617 2029.3291500965845 287 090_1.jpg

288 0.4686654053066052 0.48389132466861623 0.5316001891187915 -0.5134229861509053 -2394.336608807956 -69.79063013165327 2025.6364187479892 288 091_1.jpg

289 0.46902436340669934 0.483236712731076 0.5310833827627065 -0.5142459203077108 -2394.122175637867 -64.47647447856204 2026.5551653593352 289 092_1.jpg

290 0.4704922286798109 0.48279153496586263 0.5305691325806609 -0.5138538625619312 -2398.980200444709 -64.9509704571793 2021.2922761385453 290 093_1.jpg

291 0.470835356836929 0.4827931823231329 0.5308702131501303 -0.5132266815399206 -2400.784580139213 -69.20188903721825 2019.2544771897367 291 094_1.jpg

292 0.4714179855759202 0.4825074139258846 0.5312881255491718 -0.5125276636753804 -2402.8588137586535 -74.58565623457827 2017.0899403567096 292 095_1.jpg

293 0.47234344460590055 0.48214869626890305 0.5326353886529015 -0.5106112491696614 -2406.3897467280112 -89.63873320667228 2013.0072752314645 293 096_1.jpg

294 0.4724772819256487 0.4821583499287858 0.5335883473929669 -0.5094821087973003 -2407.859240493971 -98.84923505978557 2011.3059823200047 294 097_1.jpg

295 0.47347937507022875 0.4816040764678711 0.5344240887055166 -0.5081984733585024 -2410.3705175357013 -109.05622253875379 2008.2594547031472 295 098_1.jpg

296 0.47378528867930253 0.4814533334240093 0.5351308686773002 -0.5073116806802875 -2411.35170156751 -116.32322784339064 2006.918359832334 296 099_1.jpg

297 0.47352670743750414 0.4817268871828639 0.536299338007852 -0.506057984386023 -2412.322484828104 -126.6489979534974 2005.6251045318431 297 100_1.jpg

298 0.4729455360981032 0.4820892378550237 0.537211625590547 -0.5052881909955961 -2412.965283558501 -133.48185176554097 2005.1624834545014 298 101_1.jpg

299 0.47349365094140067 0.4815922370152039 0.5382973983974948 -0.5040918474279898 -2413.9241190271805 -144.13140336977685 2003.775760243024 299 102_1.jpg

300 0.47529849522834816 0.479261493722922 0.5390406050201931 -0.5038203918139935 -2412.4159928106005 -151.09276234063682 2005.5712047994807 300 103_1.jpg

301 0.4764944816469171 0.47804331712140313 0.5386606038249566 -0.5042542511496901 -2412.660673863862 -148.96296008274768 2005.6894918272799 301 104_1.jpg

302 0.47689622147757066 0.4778610638793927 0.5387967016983701 -0.5039016886332377 -2414.4203887684293 -151.4631421661318 2003.9027377016898 302 105_1.jpg

303 0.47433800753590694 0.48023453452982534 0.5372604055689334 -0.5056970467183818 -2415.87196891936 -133.8465666429666 2004.1866709647265 303 106_1.jpg

304 0.4738046952391414 0.48087984662206446 0.5370752743142556 -0.5057804203430091 -2417.415825517272 -131.94363741494698 2002.9654061817666 304 107_1.jpg

305 0.4724477188842804 0.48118908382572384 0.5373836532113129 -0.5064277123038036 -2414.5436647406864 -129.4921855426438 2007.08670421095 305 108_1.jpg

306 0.4719312456408192 0.48151159870846966 0.5374442194393511 -0.5065384394972855 -2414.369180747987 -128.771807108374 2007.5965956688322 306 109_1.jpg

307 0.47050413549681364 0.4829707955116232 0.537584511530185 -0.5063279195601585 -2415.7420617519074 -128.55585192322718 2006.4763079968961 307 110_1.jpg

308 0.4693919301559383 0.48486250726270697 0.537416178773226 -0.5057305762440988 -2420.5004043327567 -128.52872535742054 2001.5091957396373 308 111_1.jpg

309 0.47169184950685494 0.48241698209666056 0.5382357592031811 -0.5050573452673747 -2420.4112040702953 -137.9989449439617 2001.5026869456112 309 112_1.jpg

310 0.4747091857899901 0.47885611593698896 0.5396586121306823 -0.5040997832865349 -2418.527078518674 -152.52249923974102 2003.2297300177281 310 113_1.jpg

311 0.4753530097612078 0.4774486486515787 0.5397248324793709 -0.5047567822395825 -2415.9296068859617 -151.20213367270483 2006.7077992352126 311 114_1.jpg

312 0.4749389859464211 0.47675591737517464 0.5398554622126943 -0.505660790248818 -2412.6870500399727 -148.00370206571586 2011.3424536723242 312 115_1.jpg

313 0.4733202475171032 0.4772216695358317 0.5387125108545507 -0.5079530018265146 -2410.125775703156 -131.65897781119733 2016.285691844738 313 116_1.jpg

314 0.4727733146867131 0.4771868549318753 0.5385785529428159 -0.5086366490043615 -2408.9489479099634 -127.76977796488318 2018.4324458947294 314 117_1.jpg

315 0.47201171019720284 0.477415018711513 0.5373007431940608 -0.5104779688767256 -2408.107268952684 -113.45282826573788 2020.78470323502 315 118_1.jpg

316 0.4717227673799685 0.4775773317741811 0.5367776787542551 -0.5111430783078567 -2408.1907413301733 -107.94981396228415 2021.2298941260437 316 119_1.jpg

317 0.47234563531306645 0.47695130030604965 0.5355370288529557 -0.5124520940189554 -2409.1915516962395 -97.46604904500595 2021.0695779046753 317 120_1.jpg

318 0.4731285283894219 0.47569646277130084 0.5351270565907547 -0.5133237810928377 -2408.7577443878286 -93.06027068618596 2022.5180741324814 318 121_1.jpg

319 0.47286359460726424 0.4764154722343039 0.533398211138519 -0.5146986177027193 -2411.661845324338 -78.77311945889372 2020.1643346397932 319 122_1.jpg

320 0.47416134438494545 0.47620746338761 0.5321588820392665 -0.5149799953121647 -2416.8087076383563 -72.9652345436293 2014.72702986907 320 123_1.jpg

321 0.4752155874754997 0.47592889696681895 0.531506748598243 -0.51493922616828 -2420.240668029571 -71.07992264577653 2010.9254855980166 321 124_1.jpg

322 0.4766042624252788 0.47522522956706215 0.5309218967404367 -0.5149090189368666 -2423.7746622204495 -69.93116379966293 2007.210989572009 322 125_1.jpg

323 0.47850504790049553 0.474240589635189 0.5306440648000601 -0.51434002252273 -2428.6160859342117 -73.03293539149202 2001.9937376077985 323 126_1.jpg

324 0.47932247391145105 0.47371554852482545 0.5317074739838797 -0.5129626762240234 -2430.5116992568655 -84.6495315313978 1999.725241383167 324 127_1.jpg

325 0.4798995319549093 0.47394721250721616 0.5325409892563356 -0.5113419342748863 -2434.4031523251742 -95.70700722956603 1994.995655507198 325 128_1.jpg

326 0.4799603185352629 0.4741392605731804 0.5330213542093406 -0.5106058070287561 -2435.7745096901212 -100.99345646402702 1993.313968160534 326 129_1.jpg

327 0.47962365405965024 0.4748739124528099 0.5338969758759003 -0.5093230182200663 -2438.1488057114693 -109.83407314117545 1990.4437287969697 327 130_1.jpg

328 0.4784440054088339 0.47729883021626446 0.5334872628959454 -0.5085946329743657 -2444.5271454155427 -108.92293708604771 1983.4472366097784 328 131_1.jpg

329 0.47831035383760184 0.47792309652272075 0.5335268312247189 -0.5080923534016161 -2447.368840461256 -110.81679777384768 1980.3589589132966 329 132_1.jpg

330 0.47902710577364643 0.47811330105259453 0.5332221948631102 -0.507557675733588 -2451.7274867050705 -112.17029577003883 1975.415589524894 330 133_1.jpg

331 0.4790856924660046 0.4781070037667071 0.533464691717857 -0.50725340305804 -2452.368589533691 -114.62425348582386 1974.7399064182025 331 134_1.jpg

332 0.47917830715869786 0.4784358257400717 0.5337161206786394 -0.5065909722100115 -2454.878286908926 -118.49452737973635 1971.912541167107 332 135_1.jpg

333 0.4794359875598485 0.4792353348849967 0.5328567720666108 -0.5064960889216519 -2460.4188871123897 -114.76078344128877 1966.0246271558233 333 136_1.jpg

334 0.4796448041546653 0.4799568800369277 0.5320643497105955 -0.5064482035901517 -2464.972573480015 -111.12699417402567 1961.0675992494564 334 137_1.jpg

335 0.4800296449219431 0.4798533136000881 0.5311694741363783 -0.5071206238843103 -2467.0575641467967 -104.55659058208263 1959.3518873736994 335 138_1.jpg

336 0.4806026388256695 0.4799322911961922 0.5304576117185997 -0.5072482839702621 -2470.015204433255 -101.18966269318747 1956.077289369247 336 139_1.jpg

337 0.48128018076083645 0.4798093259233235 0.529758323899758 -0.5074529698629635 -2473.066082971483 -97.75746946699515 1952.9454541728264 337 140_1.jpg

338 0.48312001456654186 0.4787435629182377 0.5294525469973033 -0.5070302288499611 -2477.232761859437 -100.28676062133019 1948.3517455129036 338 141_1.jpg

339 0.4841649677181834 0.4778594333478724 0.5294540392606302 -0.5068659253742591 -2478.684635857511 -102.36847756167971 1946.956885114696 339 142_1.jpg

340 0.48350644754977523 0.4785599219231683 0.5287520178685607 -0.5075659759150652 -2479.9641713569417 -95.264095052751 1946.2488063852381 340 143_1.jpg

341 0.4832366075018724 0.47910703547773464 0.5290007002527991 -0.507047422691277 -2481.47947075485 -98.08154188626575 1944.4526418889106 341 144_1.jpg

342 0.48344362332131446 0.480192192778116 0.5293412595584065 -0.5054656783541525 -2487.223735880074 -105.94271324398183 1937.2641906518763 342 145_1.jpg

343 0.48216793520014156 0.48146297685669087 0.5304985860806256 -0.5042605817903899 -2488.671266394595 -114.56025487081519 1935.7789233902163 343 146_1.jpg

344 0.48291002397123445 0.48089737871927707 0.5315348120671601 -0.5029973791678828 -2490.0486280975288 -125.61774963876704 1933.894286789545 344 147_1.jpg

345 0.48499101560808816 0.4797020562729195 0.5316715820735798 -0.5019910166550238 -2494.003800210091 -132.99444411318962 1928.884514889464 345 148_1.jpg

346 0.48558929383679483 0.4796974604493793 0.5315693025029739 -0.5015251347499955 -2496.637334268804 -135.03761300570383 1925.6368992014948 346 149_1.jpg

347 0.4853874239005211 0.4801352293272768 0.5311857747128524 -0.5017079658733415 -2498.601331491658 -132.10156935133196 1923.899565896706 347 150_1.jpg

348 0.48365703575850744 0.4819151153390649 0.5307538910528412 -0.50212946587638 -2500.579975759977 -125.8270348525168 1922.6554182692837 348 151_1.jpg

349 0.4834998061757614 0.4829322003880906 0.5303402619775011 -0.5017406040793929 -2504.8642758309406 -124.86053954400931 1917.7532019705104 349 152_1.jpg

350 0.48384384398476943 0.48247319224897195 0.5305855023048858 -0.5015912460789174 -2505.322535170308 -127.19454362602303 1917.597325230394 350 153_1.jpg

351 0.4840152178689534 0.48239996112325906 0.5307827270793449 -0.5012875851382732 -2506.12704206786 -129.58196453032627 1916.6890038977124 351 154_1.jpg

352 0.48343726172069307 0.4825852210482924 0.5308180617667239 -0.5016294486052305 -2505.740458709292 -127.68921504304696 1917.9300391027757 352 155_1.jpg

353 0.4832136695954426 0.4837482289149323 0.5303895234196251 -0.5011777668497236 -2510.837203756355 -126.76391255994041 1912.2494482830582 353 156_1.jpg

354 0.4836996203687557 0.4837217269638035 0.5302359560240485 -0.5008969944584819 -2513.497937403512 -127.70028021618758 1909.3189014465272 354 157_1.jpg

355 0.4838882669209459 0.4834786118072707 0.5304800060631555 -0.5006910626607909 -2514.2348620654984 -130.01124427844283 1908.8218722272875 355 158_1.jpg

356 0.4842060544071177 0.4833052609876406 0.53046548812796 -0.5005665664847435 -2515.234308081903 -130.8629244792263 1907.7685407580284 356 159_1.jpg

357 0.48443486306464956 0.48328302567155706 0.5298808406130253 -0.5009857036847587 -2517.072423090086 -126.63700047034199 1906.27808795678 357 160_1.jpg

358 0.48398920719812644 0.483052859227887 0.5299632861337725 -0.5015508925899597 -2516.1238135751137 -124.37507782249578 1908.630642141347 358 161_1.jpg

359 0.48366652835771246 0.48306749489596196 0.5295982327576363 -0.5022332093572929 -2516.0812915824667 -119.5238072337759 1909.6342826516889 359 162_1.jpg

360 0.48324371104987696 0.48325040888751475 0.5292031292683828 -0.5028803098286355 -2516.309938196879 -114.49162081393514 1910.2790713719553 360 163_1.jpg

361 0.4832978656221234 0.4831248258308955 0.529197767927682 -0.502954568695152 -2516.5386334243067 -114.28024624623055 1910.3058566408938 361 164_1.jpg

362 0.48380404569000124 0.48189491945190327 0.529621399185928 -0.5032018536380509 -2514.719882976491 -116.3755365364305 1913.1980465080674 362 165_1.jpg

363 0.4851699694118663 0.48062947759586594 0.5296364919321982 -0.5030810992877472 -2516.4060751950506 -118.96271888166116 1911.7584782584083 363 166_1.jpg

364 0.4847419360252257 0.48088567910494723 0.5295065534090859 -0.5033855669237254 -2516.845419237382 -116.54861428847005 1911.9582079955892 364 167_1.jpg

365 0.48428772963318834 0.48150312498189024 0.5292850441895424 -0.5034654680876138 -2518.5365369186025 -114.42508731632523 1910.4849675203345 365 168_1.jpg

366 0.48407655698673824 0.4816754517817723 0.5292352889729366 -0.5035560098265366 -2518.9249631709313 -113.52322260811283 1910.3379808104924 366 169_1.jpg

367 0.48347002274847806 0.4821222163390197 0.5292322863798032 -0.5037142966693953 -2519.4188726212346 -112.02845865369822 1910.4075051750146 367 170_1.jpg

368 0.483207485644724 0.48220151938173744 0.5291385093119144 -0.5039887483724342 -2519.791288618656 -110.1577848904721 1910.6576446407844 368 171_1.jpg

369 0.48330405345583327 0.4824170428269085 0.5299552432409703 -0.5028304176009101 -2522.3238185056903 -118.78160345336646 1907.7456670534339 369 172_1.jpg

370 0.48329706983821025 0.4823834781194083 0.5301763174978766 -0.502636244900438 -2523.125956509342 -120.64128426591971 1907.1903344883183 370 173_1.jpg

371 0.48316121857783145 0.4826501804866773 0.5304423228825558 -0.5022300092920786 -2524.0917302050184 -123.29942469707657 1906.0591730617757 371 174_1.jpg

372 0.48304392515872824 0.4828212847568414 0.5309961215869013 -0.5015927553430876 -2525.2162318306964 -128.33597995082914 1904.8649995518483 372 175_1.jpg

373 0.48418189846399234 0.48226516668899544 0.5317693963886551 -0.5002094633877744 -2528.549087269926 -139.1464982287731 1900.6339896229688 373 176_1.jpg

374 0.48448538247047024 0.4819751315224124 0.5323921980037413 -0.49953221544875437 -2529.4356274905645 -145.34616186649976 1899.6317300792605 374 177_1.jpg

375 0.48435438726338226 0.4827531587261726 0.5321623562616907 -0.4991527239799677 -2532.882383458454 -145.3032698791043 1895.6848670941906 375 178_1.jpg

376 0.48427399944341526 0.48323375146405734 0.5320012529567616 -0.49893737258446424 -2534.8988255341364 -145.10356999742598 1893.3313971292991 376 179_1.jpg

377 0.48443187475535854 0.4838376022534373 0.5314311617681613 -0.4988064290567989 -2538.7762829804283 -142.813215555593 1888.9647095721061 377 180_1.jpg

378 0.48501952000283155 0.4834638426417847 0.5297300328440595 -0.50040470658987 -2541.240092610894 -129.03804747045493 1887.6284546133068 378 181_1.jpg

379 0.48493310931574135 0.48310436811853524 0.529352033644929 -0.5012349483726528 -2540.6618698489806 -123.94352389327298 1889.393313178097 379 182_1.jpg

380 0.48492032954236997 0.4836953179621135 0.5281901544531754 -0.5019026540244432 -2543.9407398899643 -115.40206455550589 1886.1734039052492 380 183_1.jpg

381 0.4846850116731507 0.4837252918320125 0.5280801003621749 -0.502216775011456 -2543.720286975032 -113.32918487238827 1886.9127521729024 381 184_1.jpg

382 0.4848084066788977 0.48414927440131245 0.5276907123071771 -0.5020983977816451 -2546.749201077595 -111.89493637460151 1883.5700680721093 382 185_1.jpg

383 0.4849163900918136 0.4847581361818762 0.5277202456349968 -0.5013750954851433 -2550.838176732307 -114.81213096176326 1878.842281448847 383 186_1.jpg

384 0.4849137106423942 0.48547432708671845 0.5278277142851552 -0.5005709490204472 -2554.43231683195 -118.24441800747239 1874.4099551336494 384 187_1.jpg

385 0.4849537520262467 0.4859310903856859 0.5273711673492728 -0.5005701605578475 -2557.3012121494116 -115.89236150653659 1871.31966197331 385 188_1.jpg

386 0.4850093295101392 0.48608931545192086 0.5273566612251519 -0.5003779367169066 -2558.5679369426866 -116.58956267339518 1869.8740359628257 386 189_1.jpg

387 0.48484433147754175 0.4864532575215807 0.5273530610245832 -0.5001879161962438 -2560.303999606451 -116.98051105782709 1868.1335004002742 387 190_1.jpg

388 0.4847749414695969 0.4875001958679739 0.5268359585968977 -0.49978063976220993 -2565.433594566014 -115.55880237540885 1862.1934855332456 388 191_1.jpg

389 0.4845826437490683 0.48756941051341235 0.5274953095094932 -0.499203795813144 -2565.902636512666 -120.79909689708273 1861.8730781504503 389 192_1.jpg

390 0.48510381977513883 0.48798978437064466 0.5271624259184822 -0.49863817652602777 -2570.2769249304456 -121.87712271688129 1856.4433390544511 390 193_1.jpg

391 0.4852476247621949 0.4881131893571418 0.5273525699919249 -0.49817619770635274 -2571.6894841904195 -124.75981903120262 1854.6356886823964 391 194_1.jpg

392 0.48571622565584344 0.4885710267724108 0.5273645711829744 -0.49725718596536306 -2575.9411086001614 -128.84064718749403 1849.1264384866338 392 195_1.jpg
