1 -0.4990685494191545 0.5039118843415673 -0.5027382057979177 0.49422433391232623 1.5389142447106816 -0.023633940839347712 2.115270572975561 1 000_0.jpg

2 -0.6473705643856412 0.6555426127014302 -0.2775132654708973 0.2723263167365179 1.4929301892566758 0.09192224912318937 2.1152105284507554 2 000_1.jpg

3 -0.4990685494191545 0.5039118843415673 -0.5027382057979177 0.49422433391232623 1.538898661508497 -0.02366313510313638 2.1152700394461874 3 001_0.jpg

4 -0.6473705643856412 0.6555426127014302 -0.2775132654708973 0.2723263167365179 1.4929146060544911 0.0918930548594007 2.115209994921382 4 001_1.jpg

5 -0.4990231981640614 0.5039094067346435 -0.5027398620045694 0.4942709668290036 1.5389802885645276 -0.023777624706304692 2.1152859116873253 5 002_0.jpg

6 -0.6473288566507014 0.6555576976906107 -0.2775318196404384 0.2723702359527355 1.4930072729818098 0.09178295198931048 2.115215541181997 6 002_1.jpg

7 -0.4990236742414112 0.5039101968070823 -0.5026916976726641 0.4943186656312144 1.538888068703227 -0.023657226594031418 2.115446162051157 7 003_0.jpg

8 -0.6473110262068381 0.6555759829684864 -0.2774870202796215 0.27241424243656903 1.492914806336017 0.09190324145603417 2.115360305394889 8 003_1.jpg

9 -0.4989990397826008 0.503933329594154 -0.5027161703408656 0.49429506339635415 1.539039530133886 -0.0237051052254757 2.115295728998316 9 004_0.jpg

10 -0.6472974297253261 0.6555887285788905 -0.2775187659871447 0.2723835365000474 1.4930665145748272 0.09185546420218635 2.1152142798667453 10 004_1.jpg

11 -0.4989990397826008 0.503933329594154 -0.5027161703408656 0.49429506339635415 1.5389960500989393 -0.02362866421577942 2.115290606513153 11 005_0.jpg

12 -0.6472974297253261 0.6555887285788905 -0.2775187659871447 0.2723835365000474 1.4930230345398805 0.09193190521188263 2.115209157381582 12 005_1.jpg

13 -0.4990231981640614 0.5039094067346435 -0.5027398620045694 0.4942709668290036 1.5390134886936375 -0.02379393854014407 2.1152888552430533 13 006_0.jpg

14 -0.6473288566507014 0.6555576976906107 -0.2775318196404384 0.2723702359527355 1.4930404731109197 0.0917666381554711 2.115218484737725 14 006_1.jpg

15 -0.4990690296112491 0.5039126749713355 -0.5026900408161346 0.4942720329437954 1.5389130163711815 -0.02366663918852842 2.1154414046085863 15 007_0.jpg

16 -0.64735273751347 0.6555608985831124 -0.2774684639666577 0.2723703232488851 1.4929287130471338 0.09188944305246208 2.1153658737182424 16 007_1.jpg

17 -0.4990478337317932 0.5038862751286439 -0.5027153882050526 0.4942945678908764 1.5389633774304086 -0.023707089724711847 2.1154462310813034 17 008_0.jpg

18 -0.6473424537432425 0.6555449527321987 -0.2775000724610596 0.2724009403675467 1.4929901139776514 0.09185338559340711 2.1153714530512238 18 008_1.jpg

19 -0.4990690296112491 0.5039126749713355 -0.5026900408161346 0.4942720329437954 1.5390182617429236 -0.023745790647959578 2.1154513671739865 19 009_0.jpg

20 -0.64735273751347 0.6555608985831124 -0.2774684639666577 0.2723703232488851 1.4930339584188759 0.09181029159303092 2.1153758362836426 20 009_1.jpg

21 -0.49909366527183274 0.5038895411553257 -0.5026655669062866 0.4942956316280616 1.5388752107859103 -0.023718564504472132 2.1156029076926846 21 010_0.jpg

22 -0.6473663346670486 0.6555481506857936 -0.2774367166599883 0.27240102628498336 1.4928906600145007 0.09183741630222533 2.1155229692551467 22 010_1.jpg

23 -0.4990690296112491 0.5039126749713355 -0.5026900408161346 0.4942720329437954 1.539019790639897 -0.023681351700966982 2.1154500024546765 23 011_0.jpg

24 -0.64735273751347 0.6555608985831124 -0.2774684639666577 0.2723703232488851 1.4930354873158493 0.09187473054002351 2.1153744715643326 24 011_1.jpg

25 -0.4990690296112491 0.5039126749713355 -0.5026900408161346 0.4942720329437954 1.5389587503959337 -0.023669114975442565 2.1154449992265514 25 012_0.jpg

26 -0.64735273751347 0.6555608985831124 -0.2774684639666577 0.2723703232488851 1.492974447071886 0.09188696726554793 2.1153694683362074 26 012_1.jpg

27 -0.4990690296112491 0.5039126749713355 -0.5026900408161346 0.4942720329437954 1.5388884356324997 -0.023705692808713277 2.1154404019984527 27 013_0.jpg

28 -0.64735273751347 0.6555608985831124 -0.2774684639666577 0.2723703232488851 1.492904132308452 0.09185038943227722 2.115364871108109 28 013_1.jpg

29 -0.4990202355110609 0.5039597292944085 -0.5026908206488342 0.4942725307311683 1.5390395565132304 -0.023548641916059182 2.115292130227604 29 014_0.jpg

30 -0.6473077124819813 0.6556046751371939 -0.27748715541649827 0.27235292155300833 1.4930555010592246 0.09200753440885755 2.1152099282345285 30 014_1.jpg

31 -0.4990202355110609 0.5039597292944085 -0.5026908206488342 0.4942725307311683 1.5390220432523303 -0.02362464953424967 2.1152925247552643 31 015_0.jpg

32 -0.6473077124819813 0.6556046751371939 -0.27748715541649827 0.27235292155300833 1.4930379877983244 0.09193152679066706 2.115210322762189 32 015_1.jpg

33 -0.49904487120962265 0.5039365954553489 -0.5026663490255137 0.4942961317242975 1.5389278032511227 -0.023599278461968947 2.115447902011937 33 016_0.jpg

34 -0.6473213105121944 0.6555919280944049 -0.27745541021932063 0.2723836267367484 1.4929435009889627 0.09195679642920226 2.1153612924954563 34 016_1.jpg

35 -0.49904487120962265 0.5039365954553489 -0.5026663490255137 0.4942961317242975 1.5390245923412165 -0.023581346093632032 2.115454976197697 35 017_0.jpg

36 -0.6473213105121944 0.6555919280944049 -0.27745541021932063 0.2723836267367484 1.4930402900790565 0.09197472879753918 2.115368366681216 36 017_1.jpg

37 -0.4990695057613996 0.5039134604582631 -0.5026418762470861 0.49431973158155434 1.5389166321385517 -0.023548987060818986 2.1156091129976202 37 018_0.jpg

38 -0.6473349070548895 0.6555791795450923 -0.27742366438456184 0.2724143312945619 1.4929320834909179 0.09200698639606272 2.1155180959340973 38 018_1.jpg

39 -0.4990695057613996 0.5039134604582631 -0.5026418762470861 0.49431973158155434 1.53893283783529 -0.023569378608696793 2.115610835835244 39 019_0.jpg

40 -0.6473349070548895 0.6555791795450923 -0.27742366438456184 0.2724143312945619 1.4929482891876562 0.09198659484818492 2.115519818771721 40 019_1.jpg

41 -0.4990695057613996 0.5039134604582631 -0.5026418762470861 0.49431973158155434 1.538905827452453 -0.02363750595097103 2.1156103143819136 41 020_0.jpg

42 -0.6473349070548895 0.6555791795450923 -0.27742366438456184 0.2724143312945619 1.4929212788048192 0.09191846750591068 2.1155192973183907 42 020_1.jpg

43 -0.4990695057613996 0.5039134604582631 -0.5026418762470861 0.49431973158155434 1.5388792273826937 -0.0235996638523075 2.1156073859108373 43 021_0.jpg

44 -0.6473349070548895 0.6555791795450923 -0.27742366438456184 0.2724143312945619 1.4928946787350599 0.09195630960457421 2.1155163688473144 44 021_1.jpg

45 -0.4990695057613996 0.5039134604582631 -0.5026418762470861 0.49431973158155434 1.53891707700879 -0.023679616104088422 2.115612153676696 45 022_0.jpg

46 -0.6473349070548895 0.6555791795450923 -0.27742366438456184 0.2724143312945619 1.4929325283611563 0.09187635735279329 2.115521136613173 46 022_1.jpg

47 -0.4990695057613996 0.5039134604582631 -0.5026418762470861 0.49431973158155434 1.538849935215893 -0.023631552538260662 2.1156058539677387 47 023_0.jpg

48 -0.6473349070548895 0.6555791795450923 -0.27742366438456184 0.2724143312945619 1.4928653865682593 0.09192442091862105 2.115514836904216 48 023_1.jpg

49 -0.4990695057613996 0.5039134604582631 -0.5026418762470861 0.49431973158155434 1.5389248061257774 -0.023513050714170317 2.1156089182450186 49 024_0.jpg

50 -0.6473349070548895 0.6555791795450923 -0.27742366438456184 0.2724143312945619 1.4929402574781436 0.09204292274271139 2.1155179011814957 50 024_1.jpg

51 -0.4990695057613996 0.5039134604582631 -0.5026418762470861 0.49431973158155434 1.5389090364189713 -0.0235925993485735 2.1156095291330557 51 025_0.jpg

52 -0.6473349070548895 0.6555791795450923 -0.27742366438456184 0.2724143312945619 1.4929244877713375 0.09196337410830821 2.115518512069533 52 025_1.jpg

53 -0.4990695057613996 0.5039134604582631 -0.5026418762470861 0.49431973158155434 1.538936733492136 -0.023606035983645638 2.1156119807983513 53 026_0.jpg

54 -0.6473349070548895 0.6555791795450923 -0.27742366438456184 0.2724143312945619 1.4929521848445022 0.09194993747323607 2.1155209637348285 54 026_1.jpg

55 -0.4990695057613996 0.5039134604582631 -0.5026418762470861 0.49431973158155434 1.5389220137223845 -0.02366323532234405 2.115612158560455 55 027_0.jpg

56 -0.6473349070548895 0.6555791795450923 -0.27742366438456184 0.2724143312945619 1.4929374650747507 0.09189273813453766 2.115521141496932 56 027_1.jpg

57 -0.49904487120962265 0.5039365954553489 -0.5026663490255137 0.4942961317242975 1.539021991948526 -0.0236551503276665 2.115456473564763 57 028_0.jpg

58 -0.6473213105121944 0.6555919280944049 -0.27745541021932063 0.2723836267367484 1.493037689686366 0.09190092456350471 2.115369864048282 58 028_1.jpg

59 -0.4990695057613996 0.5039134604582631 -0.5026418762470861 0.49431973158155434 1.5388576051211373 -0.02362749182404245 2.115606353801698 59 029_0.jpg

60 -0.6473349070548895 0.6555791795450923 -0.27742366438456184 0.2724143312945619 1.4928730564735035 0.09192848163283926 2.115515336738175 60 029_1.jpg

61 -0.49909366527183274 0.5038895411553257 -0.5026655669062866 0.4942956316280616 1.5388623087595545 -0.02373244682787318 2.1156022291732572 61 030_0.jpg

62 -0.6473663346670486 0.6555481506857936 -0.2774367166599883 0.27240102628498336 1.492877757988145 0.09182353397882428 2.1155222907357194 62 030_1.jpg

63 -0.4990695057613996 0.5039134604582631 -0.5026418762470861 0.49431973158155434 1.5388532723283959 -0.023664285595456972 2.115606865412931 63 031_0.jpg

64 -0.6473349070548895 0.6555791795450923 -0.27742366438456184 0.2724143312945619 1.492868723680762 0.09189168786142474 2.1155158483494083 64 031_1.jpg

65 -0.49904487120962265 0.5039365954553489 -0.5026663490255137 0.4942961317242975 1.53900850080971 -0.02371135960953195 2.1154567235793995 65 032_0.jpg

66 -0.6473213105121944 0.6555919280944049 -0.27745541021932063 0.2723836267367484 1.49302419854755 0.09184471528163926 2.1153701140629186 66 032_1.jpg

67 -0.49904487120962265 0.5039365954553489 -0.5026663490255137 0.4942961317242975 1.5388817164079098 -0.023705229262812804 2.1154467754076625 67 033_0.jpg

68 -0.6473213105121944 0.6555919280944049 -0.27745541021932063 0.2723836267367484 1.4928974141457498 0.09185084562835841 2.1153601658911816 68 033_1.jpg

69 -0.49904487120962265 0.5039365954553489 -0.5026663490255137 0.4942961317242975 1.5388865343269442 -0.023677939690568178 2.1154465200497445 69 034_0.jpg

70 -0.6473213105121944 0.6555919280944049 -0.27745541021932063 0.2723836267367484 1.4929022320647842 0.09187813520060303 2.1153599105332637 70 034_1.jpg

71 -0.4990690296112491 0.5039126749713355 -0.5026900408161346 0.4942720329437954 1.5388821582655072 -0.023719377075545847 2.115440231354964 71 035_0.jpg

72 -0.64735273751347 0.6555608985831124 -0.2774684639666577 0.2723703232488851 1.4928978549414595 0.09183670516544465 2.11536470046462 72 035_1.jpg

73 -0.4990690296112491 0.5039126749713355 -0.5026900408161346 0.4942720329437954 1.5388877903769316 -0.023746298038228045 2.1154412865657237 73 036_0.jpg

74 -0.64735273751347 0.6555608985831124 -0.2774684639666577 0.2723703232488851 1.492903487052884 0.09180978420276245 2.1153657556753798 74 036_1.jpg

75 -0.49904487120962265 0.5039365954553489 -0.5026663490255137 0.4942961317242975 1.5388786834249784 -0.023578084542858573 2.1154436147191693 75 037_0.jpg

76 -0.6473213105121944 0.6555919280944049 -0.27745541021932063 0.2723836267367484 1.4928943811628184 0.09197799034831264 2.1153570052026884 76 037_1.jpg

77 -0.49904487120962265 0.5039365954553489 -0.5026663490255137 0.4942961317242975 1.5388943863403126 -0.023597492111601764 2.115445276020154 77 038_0.jpg

78 -0.6473213105121944 0.6555919280944049 -0.27745541021932063 0.2723836267367484 1.4929100840781526 0.09195858277956945 2.115358666503673 78 038_1.jpg

79 -0.49904439280382507 0.5039358076293743 -0.5027145135708211 0.4942484331237122 1.5390502839504872 -0.02378295804296499 2.11529144874498 79 039_0.jpg

80 -0.647339138872301 0.6555736449739791 -0.2775002106357156 0.27233961958689085 1.4930662284964813 0.09177322563177219 2.115220325378092 80 039_1.jpg

81 -0.4990690296112491 0.5039126749713355 -0.5026900408161346 0.4942720329437954 1.5388924832422635 -0.023681066306986534 2.1154401483424268 81 040_0.jpg

82 -0.64735273751347 0.6555608985831124 -0.2774684639666577 0.2723703232488851 1.4929081799182158 0.09187501593400396 2.115364617452083 82 040_1.jpg

83 -0.4990690296112491 0.5039126749713355 -0.5026900408161346 0.4942720329437954 1.539019776557281 -0.023673215164914066 2.1154498141128757 83 041_0.jpg

84 -0.64735273751347 0.6555608985831124 -0.2774684639666577 0.2723703232488851 1.4930354732332334 0.09188286707607643 2.1153742832225317 84 041_1.jpg

85 -0.49909318733540586 0.5038887528646255 -0.5027137319118995 0.49424793255928634 1.5389803100329855 -0.02375317206001408 2.1154416779904794 85 042_0.jpg

86 -0.6473841636377465 0.6555298669625282 -0.2774815173300032 0.27235701887666625 1.4929960056470313 0.09180291646877513 2.1153772259421664 86 042_1.jpg

87 -0.49909318733540586 0.5038887528646255 -0.5027137319118995 0.49424793255928634 1.5389961729466277 -0.023783349624454317 2.1154435995260927 87 043_0.jpg

88 -0.6473841636377465 0.6555298669625282 -0.2774815173300032 0.27235701887666625 1.4930118685606735 0.09177273890433489 2.1153791474777797 88 043_1.jpg

89 -0.4990690296112491 0.5039126749713355 -0.5026900408161346 0.4942720329437954 1.538973347640378 -0.023622897174087623 2.115445064713808 89 044_0.jpg

90 -0.64735273751347 0.6555608985831124 -0.2774684639666577 0.2723703232488851 1.4929890443163303 0.09193318506690287 2.115369533823464 90 044_1.jpg

91 -0.4990690296112491 0.5039126749713355 -0.5026900408161346 0.4942720329437954 1.5388960124382283 -0.023609049012671815 2.1154387639446073 91 045_0.jpg

92 -0.64735273751347 0.6555608985831124 -0.2774684639666577 0.2723703232488851 1.4929117091141806 0.09194703322831868 2.1153632330542633 92 045_1.jpg

93 -0.49909318733540586 0.5038887528646255 -0.5027137319118995 0.49424793255928634 1.5389049252440428 -0.023733739689350372 2.115435399576886 93 046_0.jpg

94 -0.6473841636377465 0.6555298669625282 -0.2774815173300032 0.27235701887666625 1.4929206208580885 0.09182234883943884 2.115370947528573 94 046_1.jpg

95 -0.4990690296112491 0.5039126749713355 -0.5026900408161346 0.4942720329437954 1.53899462698969 -0.023653606945723507 2.1154474174720095 95 047_0.jpg

96 -0.64735273751347 0.6555608985831124 -0.2774684639666577 0.2723703232488851 1.4930103236656422 0.09190247529526699 2.1153718865816655 96 047_1.jpg

97 -0.49909366527183274 0.5038895411553257 -0.5026655669062866 0.4942956316280616 1.538854116868016 -0.023663372401026398 2.1156000058468383 97 048_0.jpg

98 -0.6473663346670486 0.6555481506857936 -0.2774367166599883 0.27240102628498336 1.4928695660966065 0.09189260840567107 2.1155200674093004 98 048_1.jpg

99 -0.49909318733540586 0.5038887528646255 -0.5027137319118995 0.49424793255928634 1.5389795101524042 -0.023725344272906554 2.115440975695269 99 049_0.jpg

100 -0.6473841636377465 0.6555298669625282 -0.2774815173300032 0.27235701887666625 1.49299520576645 0.09183074425588265 2.115376523646956 100 049_1.jpg

101 -0.49909318733540586 0.5038887528646255 -0.5027137319118995 0.49424793255928634 1.5389031383143275 -0.02373378447059575 2.1154352623841577 101 050_0.jpg

102 -0.6473841636377465 0.6555298669625282 -0.2774815173300032 0.27235701887666625 1.4929188339283732 0.09182230405819346 2.1153708103358446 102 050_1.jpg

103 -0.49909318733540586 0.5038887528646255 -0.5027137319118995 0.49424793255928634 1.5388643772854094 -0.023651759495850896 2.115430376417639 103 051_0.jpg

104 -0.6473841636377465 0.6555298669625282 -0.2774815173300032 0.27235701887666625 1.4928800728994551 0.09190432903293831 2.115365924369326 104 051_1.jpg

105 -0.49909318733540586 0.5038887528646255 -0.5027137319118995 0.49424793255928634 1.538861740320118 -0.02371892770274779 2.1154317182358726 105 052_0.jpg

106 -0.6473841636377465 0.6555298669625282 -0.2774815173300032 0.27235701887666625 1.4928774359341637 0.09183716082604142 2.1153672661875595 106 052_1.jpg

107 -0.49909318733540586 0.5038887528646255 -0.5027137319118995 0.49424793255928634 1.5389054760213012 -0.023713095567972672 2.1154349670819146 107 053_0.jpg

108 -0.6473841636377465 0.6555298669625282 -0.2774815173300032 0.27235701887666625 1.492921171635347 0.09184299296081654 2.1153705150336015 108 053_1.jpg

109 -0.49909318733540586 0.5038887528646255 -0.5027137319118995 0.49424793255928634 1.5389110793072005 -0.023751328608386288 2.115436280396584 109 054_0.jpg

110 -0.6473841636377465 0.6555298669625282 -0.2774815173300032 0.27235701887666625 1.4929267749212463 0.09180475992040292 2.115371828348271 110 054_1.jpg

111 -0.49909318733540586 0.5038887528646255 -0.5027137319118995 0.49424793255928634 1.5389194026461892 -0.023740263083299837 2.11543666956823 111 055_0.jpg

112 -0.6473841636377465 0.6555298669625282 -0.2774815173300032 0.27235701887666625 1.492935098260235 0.09181582544548937 2.115372217519917 112 055_1.jpg

113 -0.49909318733540586 0.5038887528646255 -0.5027137319118995 0.49424793255928634 1.538936080321565 -0.02379583955830593 2.1154392386522476 113 056_0.jpg

114 -0.6473841636377465 0.6555298669625282 -0.2774815173300032 0.27235701887666625 1.4929517759356108 0.09176024897048328 2.1153747866039345 114 056_1.jpg

115 -0.49909318733540586 0.5038887528646255 -0.5027137319118995 0.49424793255928634 1.5389845582518147 -0.023823666950238007 2.1154436289539307 115 057_0.jpg

116 -0.6473841636377465 0.6555298669625282 -0.2774815173300032 0.27235701887666625 1.4930002538658604 0.0917324215785512 2.1153791769056176 116 057_1.jpg

117 -0.49911782410476124 0.5038656202297679 -0.5026892568706653 0.4942715300704849 1.5388456007445799 -0.023814079325532585 2.1155958919891855 117 058_0.jpg

118 -0.6473977614021892 0.655517119717245 -0.27744976855146786 0.27238772039094916 1.4928610478493574 0.09174190776896009 2.115527032393526 118 058_1.jpg

119 -0.49911782410476124 0.5038656202297679 -0.5026892568706653 0.4942715300704849 1.5389310144042698 -0.023796901233438913 2.115602103615627 119 059_0.jpg

120 -0.6473977614021892 0.655517119717245 -0.27744976855146786 0.27238772039094916 1.4929464615090473 0.09175908586105376 2.1155332440199675 120 059_1.jpg

121 -0.49909366527183274 0.5038895411553257 -0.5026655669062866 0.4942956316280616 1.5389386399941498 -0.02367706252273111 2.1156068589828667 121 060_0.jpg

122 -0.6473663346670486 0.6555481506857936 -0.2774367166599883 0.27240102628498336 1.4929540892227402 0.09187891828396635 2.115526920545329 122 060_1.jpg

123 -0.49911782410476124 0.5038656202297679 -0.5026892568706653 0.4942715300704849 1.5389322665492815 -0.02378979847226503 2.1156020370110564 123 061_0.jpg

124 -0.6473977614021892 0.655517119717245 -0.27744976855146786 0.27238772039094916 1.492947713654059 0.09176618862222764 2.1155331774153967 124 061_1.jpg

125 -0.49911782410476124 0.5038656202297679 -0.5026892568706653 0.4942715300704849 1.5390601518162017 -0.02379598404918681 2.1146088203727214 125 062_0.jpg

126 -0.6473977614021892 0.655517119717245 -0.27744976855146786 0.27238772039094916 1.4930755989209792 0.09176000304530586 2.1145399607770616 126 062_1.jpg

127 -0.49911782410476124 0.5038656202297679 -0.5026892568706653 0.4942715300704849 1.5389334241777848 -0.023764396224763115 2.1156015419549004 127 063_0.jpg

128 -0.6473977614021892 0.655517119717245 -0.27744976855146786 0.27238772039094916 1.4929488712825623 0.09179159086972956 2.1155326823592406 128 063_1.jpg

129 -0.49911782410476124 0.5038656202297679 -0.5026892568706653 0.4942715300704849 1.5390152858222879 -0.023715900225354854 2.1146035068454676 129 064_0.jpg

130 -0.6473977614021892 0.655517119717245 -0.27744976855146786 0.27238772039094916 1.4930307329270653 0.09184008686913782 2.114534647249808 130 064_1.jpg

131 -0.49911782410476124 0.5038656202297679 -0.5026892568706653 0.4942715300704849 1.5388534429954321 -0.023764566484445023 2.1155953591294274 131 065_0.jpg

132 -0.6473977614021892 0.655517119717245 -0.27744976855146786 0.27238772039094916 1.4928688901002096 0.09179142061004765 2.1155264995337677 132 065_1.jpg

133 -0.49909366527183274 0.5038895411553257 -0.5026655669062866 0.4942956316280616 1.5390538610530269 -0.0237310604839624 2.1146137630799533 133 066_0.jpg

134 -0.6473663346670486 0.6555481506857936 -0.2774367166599883 0.27240102628498336 1.4930693102816173 0.09182492032273507 2.1145338246424155 134 066_1.jpg

135 -0.49911829978551947 0.5038664061813986 -0.5026410918413338 0.4943192291764565 1.5388636189379774 -0.0237393195237939 2.114762451545785 135 067_0.jpg

136 -0.6473799303330058 0.6555354012820518 -0.27740496871578085 0.2724317286951151 1.4928788211418882 0.09181655984806521 2.1146781055373554 136 067_1.jpg

137 -0.49909366527183274 0.5038895411553257 -0.5026655669062866 0.4942956316280616 1.538913997615374 -0.023714974639753753 2.11560582533418 137 068_0.jpg

138 -0.6473663346670486 0.6555481506857936 -0.2774367166599883 0.27240102628498336 1.4929294468439644 0.09184100616694371 2.1155258868966422 138 068_1.jpg

139 -0.49909366527183274 0.5038895411553257 -0.5026655669062866 0.4942956316280616 1.5388860513970497 -0.023727970062575158 2.115603962698353 139 069_0.jpg

140 -0.6473663346670486 0.6555481506857936 -0.2774367166599883 0.27240102628498336 1.49290150062564 0.09182801074412231 2.1155240242608153 140 069_1.jpg

141 -0.49909366527183274 0.5038895411553257 -0.5026655669062866 0.4942956316280616 1.5389301126500425 -0.023698848588830704 2.115606700751025 141 070_0.jpg

142 -0.6473663346670486 0.6555481506857936 -0.2774367166599883 0.27240102628498336 1.492945561878633 0.09185713221786676 2.115526762313487 142 070_1.jpg

143 -0.49909366527183274 0.5038895411553257 -0.5026655669062866 0.4942956316280616 1.5389327785172566 -0.023691401979997143 2.115606735587855 143 071_0.jpg

144 -0.6473663346670486 0.6555481506857936 -0.2774367166599883 0.27240102628498336 1.492948227745847 0.09186457882670032 2.1155267971503173 144 071_1.jpg

145 -0.49909366527183274 0.5038895411553257 -0.5026655669062866 0.4942956316280616 1.5389227329336348 -0.023660053684418206 2.1156052370941527 145 072_0.jpg

146 -0.6473663346670486 0.6555481506857936 -0.2774367166599883 0.27240102628498336 1.4929381821622252 0.09189592712227926 2.115525298656615 146 072_1.jpg

147 -0.49909366527183274 0.5038895411553257 -0.5026655669062866 0.4942956316280616 1.538829942156873 -0.023633162708231074 2.1155974406338576 147 073_0.jpg

148 -0.6473663346670486 0.6555481506857936 -0.2774367166599883 0.27240102628498336 1.4928453913854633 0.09192281809846639 2.1155175021963197 148 073_1.jpg

149 -0.49909366527183274 0.5038895411553257 -0.5026655669062866 0.4942956316280616 1.538843011515702 -0.023634693213191175 2.1155984868040125 149 074_0.jpg

150 -0.6473663346670486 0.6555481506857936 -0.2774367166599883 0.27240102628498336 1.4928584607442923 0.09192128759350629 2.1155185483664747 150 074_1.jpg

151 -0.49909366527183274 0.5038895411553257 -0.5026655669062866 0.4942956316280616 1.538853957419043 -0.02360837743783323 2.115598727871495 151 075_0.jpg

152 -0.6473663346670486 0.6555481506857936 -0.2774367166599883 0.27240102628498336 1.4928694066476333 0.09194760336886423 2.115518789433957 152 075_1.jpg

153 -0.49909318733540586 0.5038887528646255 -0.5027137319118995 0.49424793255928634 1.5390181820108237 -0.023729463410335924 2.1154440618568104 153 076_0.jpg

154 -0.6473841636377465 0.6555298669625282 -0.2774815173300032 0.27235701887666625 1.4930338776248695 0.09182662511845328 2.1153796098084974 154 076_1.jpg

155 -0.49911782410476124 0.5038656202297679 -0.5026892568706653 0.4942715300704849 1.5388728253170572 -0.023655858930581527 2.1155943566291153 155 077_0.jpg

156 -0.6473977614021892 0.655517119717245 -0.27744976855146786 0.27238772039094916 1.4928882724218346 0.09190012816391115 2.1155254970334556 156 077_1.jpg

157 -0.49911782410476124 0.5038656202297679 -0.5026892568706653 0.4942715300704849 1.5388984376028108 -0.02361192759572361 2.115595326777564 157 078_0.jpg

158 -0.6473977614021892 0.655517119717245 -0.27744976855146786 0.27238772039094916 1.4929138847075882 0.09194405949876906 2.1155264671819043 158 078_1.jpg

159 -0.4991173439126666 0.5038648295999997 -0.5027374218524484 0.4942238310390155 1.539016094529196 -0.02384202616583536 2.1154395480416723 159 079_0.jpg

160 -0.6474155882743604 0.6554988338355628 -0.27749457005570743 0.2723437138785821 1.4930317890813378 0.09171406758857883 2.1153861748359426 160 079_1.jpg

161 -0.499141981790737 0.5038416981463473 -0.5027129456798844 0.49424742737709215 1.5388585068194196 -0.023796243362291396 2.1155895369448654 161 080_0.jpg

162 -0.6474291866496361 0.655486087242345 -0.27746281980537907 0.27237441387097916 1.4928739518003888 0.09175974895782277 2.1155317561916362 162 080_1.jpg

163 -0.499141981790737 0.5038416981463473 -0.5027129456798844 0.49424742737709215 1.5388317585875164 -0.02371205527899915 2.1155855304172047 163 081_0.jpg

164 -0.6474291866496361 0.655486087242345 -0.27746281980537907 0.27237441387097916 1.4928472035684857 0.09184393704111501 2.1155277496639755 164 081_1.jpg

165 -0.499141499342976 0.503840905177513 -0.5027611106377273 0.49419972838303855 1.5389521297611142 -0.023841150194307353 2.115427617773337 165 082_0.jpg

166 -0.6474470114232397 0.6554677992022879 -0.2775076221437405 0.2723304082546631 1.4929678232513541 0.09171494772355805 2.1153853234106403 166 082_1.jpg

167 -0.4991173439126666 0.5038648295999997 -0.5027374218524484 0.4942238310390155 1.5388793433915076 -0.023663913561518368 2.115424870957463 167 083_0.jpg

168 -0.6474155882743604 0.6554988338355628 -0.27749457005570743 0.2723437138785821 1.4928950379436494 0.09189218019289583 2.1153714977517333 168 083_1.jpg

169 -0.4991173439126666 0.5038648295999997 -0.5027374218524484 0.4942238310390155 1.538959923685305 -0.02375813706892188 2.115433272482528 169 084_0.jpg

170 -0.6474155882743604 0.6554988338355628 -0.27749457005570743 0.2723437138785821 1.492975618237447 0.09179795668549232 2.1153798992767983 170 084_1.jpg

171 -0.4991173439126666 0.5038648295999997 -0.5027374218524484 0.4942238310390155 1.5389835068265334 -0.0237727927438533 2.115435433979678 171 085_0.jpg

172 -0.6474155882743604 0.6554988338355628 -0.27749457005570743 0.2723437138785821 1.4929992013786753 0.0917833010105609 2.1153820607739484 172 085_1.jpg

173 -0.4991173439126666 0.5038648295999997 -0.5027374218524484 0.4942238310390155 1.538951563841018 -0.02374434196469849 2.1154323083501594 173 086_0.jpg

174 -0.6474155882743604 0.6554988338355628 -0.27749457005570743 0.2723437138785821 1.49296725839316 0.0918117517897157 2.1153789351444297 174 086_1.jpg

175 -0.4991173439126666 0.5038648295999997 -0.5027374218524484 0.4942238310390155 1.5389145407491547 -0.023827201927429653 2.1154313514421346 175 087_0.jpg

176 -0.6474155882743604 0.6554988338355628 -0.27749457005570743 0.2723437138785821 1.4929302353012965 0.09172889182698454 2.115377978236405 176 087_1.jpg

177 -0.499141499342976 0.503840905177513 -0.5027611106377273 0.49419972838303855 1.5388687270815213 -0.023809846313902178 2.1154204459476365 177 088_0.jpg

178 -0.6474470114232397 0.6554677992022879 -0.2775076221437405 0.2723304082546631 1.4928844205717613 0.09174625160396323 2.11537815158494 178 088_1.jpg

179 -0.4991656536262786 0.5038169795972203 -0.5027847982676817 0.4941756245914105 1.5388737791206581 -0.023910680400929737 2.1154161755951075 179 089_0.jpg

180 -0.6474784330843121 0.6554367630627744 -0.27752067359407234 0.27231710200493986 1.4928894715489984 0.09164542061821312 2.1153849600757924 180 089_1.jpg

181 -0.4991656536262786 0.5038169795972203 -0.5027847982676817 0.4941756245914105 1.5388837406997113 -0.023875961048232017 2.1154161471249675 181 090_0.jpg

182 -0.6474784330843121 0.6554367630627744 -0.27752067359407234 0.27231710200493986 1.4928994331280516 0.09168013997091085 2.1153849316056523 182 090_1.jpg

183 -0.4991656536262786 0.5038169795972203 -0.5027847982676817 0.4941756245914105 1.5389881593407695 -0.023770672455027994 2.1154218010788166 183 091_0.jpg

184 -0.6474784330843121 0.6554367630627744 -0.27752067359407234 0.27231710200493986 1.4930038517691098 0.09178542856411487 2.1153905855595014 184 091_1.jpg

185 -0.4991656536262786 0.5038169795972203 -0.5027847982676817 0.4941756245914105 1.538928210710546 -0.023814961209935023 2.1154181831543677 185 092_0.jpg

186 -0.6474784330843121 0.6554367630627744 -0.27752067359407234 0.27231710200493986 1.4929439031388863 0.09174113980920784 2.1153869676350525 186 092_1.jpg

187 -0.4991410123838854 0.5038401075305519 -0.5028092755473577 0.49415202946414494 1.5390321524150887 -0.023862995661915 2.115264078175804 187 093_0.jpg

188 -0.6474648319995853 0.6554495068456073 -0.2775524261500367 0.2722864044307526 1.4930480969610829 0.09169320679097923 2.1152372701801485 188 093_1.jpg

189 -0.4991410123838854 0.5038401075305519 -0.5028092755473577 0.49415202946414494 1.538961080773802 -0.023845679782283503 2.115258182103551 189 094_0.jpg

190 -0.6474648319995853 0.6554495068456073 -0.2775524261500367 0.2722864044307526 1.492977025319796 0.09171052267061072 2.115231374107896 190 094_1.jpg

191 -0.4991410123838854 0.5038401075305519 -0.5028092755473577 0.49415202946414494 1.5390062806359448 -0.023882338946663174 2.1152625220913053 191 095_0.jpg

192 -0.6474648319995853 0.6554495068456073 -0.2775524261500367 0.2722864044307526 1.493022225181939 0.09167386350623105 2.11523571409565 192 095_1.jpg

193 -0.4991168592092402 0.5038640342921011 -0.5027855867862404 0.4941761320824872 1.5389517203943934 -0.02373637657654398 2.1152619242372785 193 096_0.jpg

194 -0.6474334109493555 0.6554805436371731 -0.27753937322808775 0.2722997091584182 1.4929676649403876 0.09181982277507166 2.115224037398191 194 096_1.jpg

195 -0.49909221792855407 0.5038871622488302 -0.5028100617793727 0.49415253464633896 1.539037648727534 -0.023755736354145983 2.11510574757138 195 097_0.jpg

196 -0.6474198089876957 0.6554932865657906 -0.2775711236746609 0.2722690094364397 1.4930538447519606 0.09180056443066564 2.1150722682318177 196 097_1.jpg

197 -0.49909221792855407 0.5038871622488302 -0.5028100617793727 0.49415253464633896 1.53906284738783 -0.02369997040228968 2.115106413365385 197 098_0.jpg

198 -0.6474198089876957 0.6554932865657906 -0.2775711236746609 0.2722690094364397 1.4930790434122567 0.09185633038252194 2.1150729340258225 198 098_1.jpg

199 -0.49911636999448633 0.5038632343060794 -0.5028337516715986 0.4941284332013378 1.53905898794363 -0.023878392206304416 2.1151032393771136 199 099_0.jpg

200 -0.6474512294270105 0.6554622491222437 -0.27758417806819713 0.27225570623086226 1.4930751850299564 0.09167791167978463 2.115080838880933 200 099_1.jpg

201 -0.49911636999448633 0.5038632343060794 -0.5028337516715986 0.4941284332013378 1.5389637046147835 -0.023869319099437708 2.1150956601675905 201 100_0.jpg

202 -0.6474512294270105 0.6554622491222437 -0.27758417806819713 0.27225570623086226 1.4929799017011098 0.09168698478665134 2.11507325967141 202 100_1.jpg

203 -0.49911636999448633 0.5038632343060794 -0.5028337516715986 0.4941284332013378 1.5390093387879313 -0.02387563173799892 2.115099335362466 203 101_0.jpg

204 -0.6474512294270105 0.6554622491222437 -0.27758417806819713 0.27225570623086226 1.4930255358742577 0.09168067214809013 2.1150769348662855 204 101_1.jpg

205 -0.49909221792855407 0.5038871622488302 -0.5028100617793727 0.49415253464633896 1.5389696414649356 -0.023768747829548874 2.1151007864833278 205 102_0.jpg

206 -0.6474198089876957 0.6554932865657906 -0.2775711236746609 0.2722690094364397 1.4929858374893623 0.09178755295526275 2.1150673071437653 206 102_1.jpg

207 -0.49909221792855407 0.5038871622488302 -0.5028100617793727 0.49415253464633896 1.5389877536772096 -0.023754336200240277 2.115101855842187 207 103_0.jpg

208 -0.6474198089876957 0.6554932865657906 -0.2775711236746609 0.2722690094364397 1.4930039497016363 0.09180196458457135 2.1150683765026246 208 103_1.jpg

209 -0.49909221792855407 0.5038871622488302 -0.5028100617793727 0.49415253464633896 1.5389614602181232 -0.02373682073472496 2.115099418880465 209 104_0.jpg

210 -0.6474198089876957 0.6554932865657906 -0.2775711236746609 0.2722690094364397 1.4929776562425499 0.09181948005008667 2.1150659395409024 210 104_1.jpg

211 -0.49906757550097425 0.5039102890476471 -0.5028345356170678 0.4941289360746485 1.5391031242718487 -0.023730904316302454 2.114946953468534 211 105_0.jpg

212 -0.6474062055382913 0.6555060279881113 -0.2776028734833868 0.2722383090887982 1.4931195721973831 0.09182549790114994 2.1149178816043737 212 105_1.jpg

213 -0.4990917264581382 0.5038863599237497 -0.5028582266403478 0.4941048358030439 1.539106497828214 -0.023924459696968152 2.1149446873034097 213 106_0.jpg

214 -0.6474376253666193 0.6554749898926547 -0.2776159293484802 0.27222500740533934 1.4931229478775474 0.09163194562175815 2.1149266942824774 214 106_1.jpg

215 -0.49911636999448633 0.5038632343060794 -0.5028337516715986 0.4941284332013378 1.5390038054712785 -0.023899540892605292 2.115099457586276 215 107_0.jpg

216 -0.6474512294270105 0.6554622491222437 -0.27758417806819713 0.27225570623086226 1.4930200025576048 0.09165676299348376 2.115077057090095 216 107_1.jpg

217 -0.49909221792855407 0.5038871622488302 -0.5028100617793727 0.49415253464633896 1.5390300565458879 -0.02377283614465755 2.1151055538280903 217 108_0.jpg

218 -0.6474198089876957 0.6554932865657906 -0.2775711236746609 0.2722690094364397 1.4930462525703145 0.09178346464015408 2.115072074488528 218 108_1.jpg

219 -0.4991168592092402 0.5038640342921011 -0.5027855867862404 0.4941761320824872 1.5389290577782186 -0.023828192686942192 2.1152622842625752 219 109_0.jpg

220 -0.6474334109493555 0.6554805436371731 -0.27753937322808775 0.2722997091584182 1.4929450023242128 0.09172800666467344 2.115224397423488 220 109_1.jpg

221 -0.4991168592092402 0.5038640342921011 -0.5027855867862404 0.4941761320824872 1.5389306995416656 -0.023793537213514345 2.1152616137037277 221 110_0.jpg

222 -0.6474334109493555 0.6554805436371731 -0.27753937322808775 0.2722997091584182 1.4929466440876598 0.09176266213810129 2.1152237268646403 222 110_1.jpg

223 -0.49909221792855407 0.5038871622488302 -0.5028100617793727 0.49415253464633896 1.5390479774823311 -0.02383348481613625 2.115108335811857 223 111_0.jpg

224 -0.6474198089876957 0.6554932865657906 -0.2775711236746609 0.2722690094364397 1.4930641735067578 0.09172281596867538 2.1150748564722948 224 111_1.jpg

225 -0.49909221792855407 0.5038871622488302 -0.5028100617793727 0.49415253464633896 1.5390133149966991 -0.023781311862662323 2.1151044538854253 225 112_0.jpg

226 -0.6474198089876957 0.6554932865657906 -0.2775711236746609 0.2722690094364397 1.4930295110211258 0.0917749889221493 2.115070974545863 226 112_1.jpg

227 -0.49906757550097425 0.5039102890476471 -0.5028345356170678 0.4941289360746485 1.5391273289617562 -0.02376965886552554 2.114949717650079 227 113_0.jpg

228 -0.6474062055382913 0.6555060279881113 -0.2776028734833868 0.2722383090887982 1.4931437768872906 0.09178674335192685 2.1149206457859187 228 113_1.jpg

229 -0.49909221792855407 0.5038871622488302 -0.5028100617793727 0.49415253464633896 1.5389477333346426 -0.023722886006693943 2.115098036381443 229 114_0.jpg

230 -0.6474198089876957 0.6554932865657906 -0.2775711236746609 0.2722690094364397 1.4929639293590693 0.09183341477811768 2.1150645570418805 230 114_1.jpg

231 -0.49911636999448633 0.5038632343060794 -0.5028337516715986 0.4941284332013378 1.5390195329065899 -0.02384668085772093 2.1150994576340243 231 115_0.jpg

232 -0.6474512294270105 0.6554622491222437 -0.27758417806819713 0.27225570623086226 1.4930357299929162 0.09170962302836812 2.1150770571378437 232 115_1.jpg

233 -0.49911636999448633 0.5038632343060794 -0.5028337516715986 0.4941284332013378 1.5390198586020996 -0.023844906631827617 2.1150994419954903 233 116_0.jpg

234 -0.6474512294270105 0.6554622491222437 -0.27758417806819713 0.27225570623086226 1.493036055688426 0.09171139725426143 2.1150770414993096 234 116_1.jpg

235 -0.49911636999448633 0.5038632343060794 -0.5028337516715986 0.4941284332013378 1.53896171533523 -0.023904184932168865 2.1150963086864256 235 117_0.jpg

236 -0.6474512294270105 0.6554622491222437 -0.27758417806819713 0.27225570623086226 1.4929779124215563 0.09165211895392018 2.115073908190245 236 117_1.jpg

237 -0.49911636999448633 0.5038632343060794 -0.5028337516715986 0.4941284332013378 1.5390199997720482 -0.023808494514403283 2.1150986149351145 237 118_0.jpg

238 -0.6474512294270105 0.6554622491222437 -0.27758417806819713 0.27225570623086226 1.4930361968583745 0.09174780937168577 2.115076214438934 238 118_1.jpg

239 -0.49911636999448633 0.5038632343060794 -0.5028337516715986 0.4941284332013378 1.5390898154229797 -0.023799547935075244 2.1151038094549865 239 119_0.jpg

240 -0.6474512294270105 0.6554622491222437 -0.27758417806819713 0.27225570623086226 1.493106012509306 0.0917567559510138 2.115081408958806 240 119_1.jpg

241 -0.4991410123838854 0.5038401075305519 -0.5028092755473577 0.49415202946414494 1.53894168365106 -0.02378782976788333 2.115255350340638 241 120_0.jpg

242 -0.6474648319995853 0.6554495068456073 -0.2775524261500367 0.2722864044307526 1.4929576281970542 0.0917683726850109 2.115228542344983 242 120_1.jpg

243 -0.49914052091346944 0.5038393052054715 -0.502857440408333 0.49410433062084974 1.5390710308778224 -0.02387368250955161 2.115097061492251 243 121_0.jpg

244 -0.6474826483785089 0.6554312101724714 -0.2775972318238561 0.2722424023996522 1.4930872290260457 0.09168262341564103 2.115085739839698 244 121_1.jpg

245 -0.499164670685448 0.5038153749470612 -0.5028811279895214 0.49408022690492975 1.5390597021209844 -0.023877836968209457 2.1150892603092246 245 122_0.jpg

246 -0.6475140658421183 0.6554001697165447 -0.2776102849416079 0.27222909794284006 1.4930759013311026 0.0916784699339129 2.1150890175004444 246 122_1.jpg

247 -0.499164670685448 0.5038153749470612 -0.5028811279895214 0.49408022690492975 1.5390004378928 -0.02389355007761508 2.1150850376915344 247 123_0.jpg

248 -0.6475140658421183 0.6554001697165447 -0.2776102849416079 0.27222909794284006 1.493016637102918 0.09166275682450728 2.1150847948827542 248 123_1.jpg

249 -0.499164670685448 0.5038153749470612 -0.5028811279895214 0.49408022690492975 1.5390890065786964 -0.023953144348693903 2.115093260188934 249 124_0.jpg

250 -0.6475140658421183 0.6554001697165447 -0.2776102849416079 0.27222909794284006 1.4931052057888146 0.09160316255342846 2.1150930173801537 250 124_1.jpg

251 -0.49914052091346944 0.5038393052054715 -0.502857440408333 0.49410433062084974 1.5389792117160694 -0.023787846987110707 2.1150879836521463 251 125_0.jpg

252 -0.6474826483785089 0.6554312101724714 -0.2775972318238561 0.2722424023996522 1.4929954098642928 0.09176845893808193 2.1150766619995935 252 125_1.jpg

253 -0.49914052091346944 0.5038393052054715 -0.502857440408333 0.49410433062084974 1.5390120409750678 -0.02383217367340377 2.1150915432015873 253 126_0.jpg

254 -0.6474826483785089 0.6554312101724714 -0.2775972318238561 0.2722424023996522 1.4930282391232912 0.09172413225178887 2.1150802215490345 254 126_1.jpg

255 -0.49914052091346944 0.5038393052054715 -0.502857440408333 0.49410433062084974 1.539010122830733 -0.02388673552021329 2.115092650502519 255 127_0.jpg

256 -0.6474826483785089 0.6554312101724714 -0.2775972318238561 0.2722424023996522 1.4930263209789563 0.09166957040497935 2.1150813288499664 256 127_1.jpg

257 -0.49911636999448633 0.5038632343060794 -0.5028337516715986 0.4941284332013378 1.5389739808608136 -0.02373993540816402 2.1150934774539754 257 128_0.jpg

258 -0.6474512294270105 0.6554622491222437 -0.27758417806819713 0.27225570623086226 1.49299017794714 0.09181636847792503 2.1150710769577947 258 128_1.jpg

259 -0.49914052091346944 0.5038393052054715 -0.502857440408333 0.49410433062084974 1.538971092449502 -0.023955469441338674 2.1150912132321347 259 129_0.jpg

260 -0.6474826483785089 0.6554312101724714 -0.2775972318238561 0.2722424023996522 1.4929872905977253 0.09160083648385396 2.115079891579582 260 129_1.jpg

261 -0.49914052091346944 0.5038393052054715 -0.502857440408333 0.49410433062084974 1.5389528514073034 -0.023903934795802807 2.11508861623527 261 130_0.jpg

262 -0.6474826483785089 0.6554312101724714 -0.2775972318238561 0.2722424023996522 1.4929690495555268 0.09165237112938983 2.115077294582717 262 130_1.jpg

263 -0.49909221792855407 0.5038871622488302 -0.5028100617793727 0.49415253464633896 1.5390419797231139 -0.023726149788457905 2.115105401686225 263 131_0.jpg

264 -0.6474198089876957 0.6554932865657906 -0.2775711236746609 0.2722690094364397 1.4930581757475405 0.09183015099635372 2.1150719223466625 264 131_1.jpg

265 -0.49911636999448633 0.5038632343060794 -0.5028337516715986 0.4941284332013378 1.5390561687246953 -0.023757442785542954 2.115100237800853 265 132_0.jpg

266 -0.6474512294270105 0.6554622491222437 -0.27758417806819713 0.27225570623086226 1.4930723658110217 0.0917988611005461 2.1150778373046726 266 132_1.jpg

267 -0.49909221792855407 0.5038871622488302 -0.5028100617793727 0.49415253464633896 1.5390951965518602 -0.02373615991997626 2.115109748511333 267 133_0.jpg

268 -0.6474198089876957 0.6554932865657906 -0.2775711236746609 0.2722690094364397 1.4931113925762869 0.09182014086483536 2.1150762691717704 268 133_1.jpg

269 -0.4991651644115248 0.5038161796111986 -0.5028329631530398 0.49412792571026143 1.5389176100920987 -0.02396304097783431 2.115250519362145 269 134_0.jpg

270 -0.6474962515619671 0.6554184685478452 -0.27756547843418156 0.27227309907738384 1.4929335546380929 0.09159316351416469 2.1152347902101685 270 134_1.jpg

271 -0.49911636999448633 0.5038632343060794 -0.5028337516715986 0.4941284332013378 1.5390212567464767 -0.023920306551124232 2.1151012853823166 271 135_0.jpg

272 -0.6474512294270105 0.6554622491222437 -0.27758417806819713 0.27225570623086226 1.493037453832803 0.09163599733496482 2.115078884886136 272 135_1.jpg

273 -0.49911636999448633 0.5038632343060794 -0.5028337516715986 0.4941284332013378 1.5390744657244648 -0.023838937347979955 2.1151035286168924 273 136_0.jpg

274 -0.6474512294270105 0.6554622491222437 -0.27758417806819713 0.27225570623086226 1.4930906628107912 0.0917173665381091 2.115081128120712 274 136_1.jpg

275 -0.4991168592092402 0.5038640342921011 -0.5027855867862404 0.4941761320824872 1.5389623269015966 -0.023733654875904894 2.115262682040315 275 137_0.jpg

276 -0.6474334109493555 0.6554805436371731 -0.27753937322808775 0.2722997091584182 1.4929782714475908 0.09182254447571074 2.1152247952012275 276 137_1.jpg

277 -0.4991410123838854 0.5038401075305519 -0.5028092755473577 0.49415202946414494 1.5388964548724426 -0.023892280487274355 2.1152542555870952 277 138_0.jpg

278 -0.6474648319995853 0.6554495068456073 -0.2775524261500367 0.2722864044307526 1.4929123994184368 0.09166392196561987 2.11522744759144 278 138_1.jpg

279 -0.49913758424554633 0.5038896727152726 -0.5028083745472253 0.49410586741061147 1.5390972925112805 -0.02377360335489257 2.1151037907440244 279 139_0.jpg

280 -0.6474615192543312 0.6554782190704782 -0.2775525348716728 0.27222504623082816 1.4931024365097305 0.09177830136881987 2.115080636505288 280 139_1.jpg

281 -0.49911636999448633 0.5038632343060794 -0.5028337516715986 0.4941284332013378 1.5389670658689136 -0.02385892130989989 2.115095680876785 281 140_0.jpg

282 -0.6474512294270105 0.6554622491222437 -0.27758417806819713 0.27225570623086226 1.49298326295524 0.09169738257618916 2.1150732803806043 282 140_1.jpg

283 -0.49911636999448633 0.5038632343060794 -0.5028337516715986 0.4941284332013378 1.5390254266378032 -0.023915908146070725 2.1151015067098986 283 141_0.jpg

284 -0.6474512294270105 0.6554622491222437 -0.27758417806819713 0.27225570623086226 1.4930416237241295 0.09164039574001832 2.115079106213718 284 141_1.jpg

285 -0.4991168592092402 0.5038640342921011 -0.5027855867862404 0.4941761320824872 1.538908314123105 -0.023806915523146007 2.1152601900214214 285 142_0.jpg

286 -0.6474334109493555 0.6554805436371731 -0.27753937322808775 0.2722997091584182 1.4929242586690992 0.09174928382846963 2.115222303182334 286 142_1.jpg

287 -0.4991168592092402 0.5038640342921011 -0.5027855867862404 0.4941761320824872 1.5389155210155105 -0.023913586982580445 2.1152632024052074 287 143_0.jpg

288 -0.6474334109493555 0.6554805436371731 -0.27753937322808775 0.2722997091584182 1.4929314655615047 0.09164261236903519 2.11522531556612 288 143_1.jpg

289 -0.4991168592092402 0.5038640342921011 -0.5027855867862404 0.4941761320824872 1.5389051252400487 -0.02380680272988683 2.1152599407575727 289 144_0.jpg

290 -0.6474334109493555 0.6554805436371731 -0.27753937322808775 0.2722997091584182 1.4929210697860429 0.0917493966217288 2.1152220539184854 290 144_1.jpg

291 -0.4991410123838854 0.5038401075305519 -0.5028092755473577 0.49415202946414494 1.5389151999093111 -0.023942006869077694 2.1152568499539286 291 145_0.jpg

292 -0.6474648319995853 0.6554495068456073 -0.2775524261500367 0.2722864044307526 1.4929311444553053 0.09161419558381653 2.1152300419582732 292 145_1.jpg

293 -0.49911636999448633 0.5038632343060794 -0.5028337516715986 0.4941284332013378 1.5390545576694274 -0.023847305916140177 2.1151021812714323 293 146_0.jpg

294 -0.6474512294270105 0.6554622491222437 -0.27758417806819713 0.27225570623086226 1.4930707547557538 0.09170899796994887 2.1150797807752517 294 146_1.jpg

295 -0.49911636999448633 0.5038632343060794 -0.5028337516715986 0.4941284332013378 1.5389516890601806 -0.02386951945066132 2.1150947353456293 295 147_0.jpg

296 -0.6474512294270105 0.6554622491222437 -0.27758417806819713 0.27225570623086226 1.492967886146507 0.09168678443542773 2.1150723348494487 296 147_1.jpg

297 -0.49911636999448633 0.5038632343060794 -0.5028337516715986 0.4941284332013378 1.5389712801544955 -0.023870575379921793 2.115096275066272 297 148_0.jpg

298 -0.6474512294270105 0.6554622491222437 -0.27758417806819713 0.27225570623086226 1.4929874772408218 0.09168572850616726 2.115073874570091 298 148_1.jpg

299 -0.49911636999448633 0.5038632343060794 -0.5028337516715986 0.4941284332013378 1.539066542528584 -0.023873132151427418 2.1151037026894035 299 149_0.jpg

300 -0.6474512294270105 0.6554622491222437 -0.27758417806819713 0.27225570623086226 1.4930827396149104 0.09168317173466163 2.115081302193223 300 149_1.jpg

301 -0.49909221792855407 0.5038871622488302 -0.5028100617793727 0.49415253464633896 1.5389440334028754 -0.023767287341128894 2.115098772024641 301 150_0.jpg

302 -0.6474198089876957 0.6554932865657906 -0.2775711236746609 0.2722690094364397 1.492960229427302 0.09178901344368273 2.1150652926850784 302 150_1.jpg

303 -0.49906757550097425 0.5039102890476471 -0.5028345356170678 0.4941289360746485 1.5390775253429343 -0.023881454586366285 2.114948438057427 303 151_0.jpg

304 -0.6474062055382913 0.6555060279881113 -0.2776028734833868 0.2722383090887982 1.4930939732684687 0.0916749476310861 2.1149193661932664 304 151_1.jpg

305 -0.499113433269877 0.5039135994621746 -0.502784683394897 0.49412996989671065 1.5389871571073872 -0.023781612547102232 2.115102437427471 305 152_0.jpg

306 -0.6474300993508407 0.6555092557880497 -0.277539478909949 0.27223835085665576 1.4929923000198504 0.09177028899325816 2.1150682043453783 306 152_1.jpg

307 -0.49909221792855407 0.5038871622488302 -0.5028100617793727 0.49415253464633896 1.5390684860166934 -0.02389304582335585 2.1151112929215574 307 153_0.jpg

308 -0.6474198089876957 0.6554932865657906 -0.2775711236746609 0.2722690094364397 1.49308468204112 0.09166325496145578 2.115077813581995 308 153_1.jpg

309 -0.4991168592092402 0.5038640342921011 -0.5027855867862404 0.4941761320824872 1.5390018980829292 -0.0237487471451277 2.1152660902998597 309 154_0.jpg

310 -0.6474334109493555 0.6554805436371731 -0.27753937322808775 0.2722997091584182 1.4930178426289233 0.09180745220648794 2.1152282034607723 310 154_1.jpg

311 -0.4991380757916116 0.5038904704520579 -0.5027602094477398 0.49415356608924305 1.5389760416519687 -0.023674503987235262 2.115262381625407 311 155_0.jpg

312 -0.6474437028628262 0.6554965114250524 -0.2775077289742571 0.27226904982463374 1.4929809330860024 0.0918772960632637 2.115223741045093 312 155_1.jpg

313 -0.4991168592092402 0.5038640342921011 -0.5027855867862404 0.4941761320824872 1.5389025112031187 -0.02381441386994992 2.115259913716249 313 156_0.jpg

314 -0.6474334109493555 0.6554805436371731 -0.27753937322808775 0.2722997091584182 1.4929184557491129 0.09174178548166571 2.1152220268771615 314 156_1.jpg

315 -0.49909221792855407 0.5038871622488302 -0.5028100617793727 0.49415253464633896 1.539031260887858 -0.02382279093377706 2.115106796634865 315 157_0.jpg

316 -0.6474198089876957 0.6554932865657906 -0.2775711236746609 0.2722690094364397 1.4930474569122847 0.09173350985103457 2.1150733172953027 316 157_1.jpg

317 -0.499113433269877 0.5039135994621746 -0.502784683394897 0.49412996989671065 1.539104023249367 -0.02377371025777622 2.1151112954533926 317 158_0.jpg

318 -0.6474300993508407 0.6555092557880497 -0.277539478909949 0.27223835085665576 1.49310916616183 0.09177819128258417 2.1150770623713 318 158_1.jpg

319 -0.4991168592092402 0.5038640342921011 -0.5027855867862404 0.4941761320824872 1.5389323310423744 -0.023881475062516973 2.11526376368622 319 159_0.jpg

320 -0.6474334109493555 0.6554805436371731 -0.27753937322808775 0.2722997091584182 1.4929482755883685 0.09167472428909866 2.115225876847133 320 159_1.jpg

321 -0.4991380757916116 0.5038904704520579 -0.5027602094477398 0.49415356608924305 1.5389308766671286 -0.023707426859159064 2.1152596456807164 321 160_0.jpg

322 -0.6474437028628262 0.6554965114250524 -0.2775077289742571 0.27226904982463374 1.4929357681011624 0.0918443731913399 2.115221005100403 322 160_1.jpg

323 -0.4991168592092402 0.5038640342921011 -0.5027855867862404 0.4941761320824872 1.5389373239063526 -0.023829068776813064 2.1152629438301793 323 161_0.jpg

324 -0.6474334109493555 0.6554805436371731 -0.27753937322808775 0.2722997091584182 1.4929532684523468 0.09172713057480257 2.115225056991092 324 161_1.jpg

325 -0.4991168592092402 0.5038640342921011 -0.5027855867862404 0.4941761320824872 1.5390223343633944 -0.023827317811246747 2.1152694793047195 325 162_0.jpg

326 -0.6474334109493555 0.6554805436371731 -0.27753937322808775 0.2722997091584182 1.4930382789093886 0.09172888154036889 2.115231592465632 326 162_1.jpg

327 -0.4991380757916116 0.5038904704520579 -0.5027602094477398 0.49415356608924305 1.539041531513268 -0.023613155704692367 2.115266035573804 327 163_0.jpg

328 -0.6474437028628262 0.6554965114250524 -0.2775077289742571 0.27226904982463374 1.4930464229473017 0.09193864434580659 2.1152273949934903 328 163_1.jpg

329 -0.4991410123838854 0.5038401075305519 -0.5028092755473577 0.49415202946414494 1.5390174286999492 -0.02385756027692313 2.115262814170754 329 164_0.jpg

330 -0.6474648319995853 0.6554495068456073 -0.2775524261500367 0.2722864044307526 1.4930333732459433 0.0916986421759711 2.1152360061750985 330 164_1.jpg

331 -0.4991410123838854 0.5038401075305519 -0.5028092755473577 0.49415202946414494 1.5389818214821527 -0.02378178259309042 2.11525831593365 331 165_0.jpg

332 -0.6474648319995853 0.6554495068456073 -0.2775524261500367 0.2722864044307526 1.4929977660281468 0.09177441985980381 2.115231507937995 332 165_1.jpg

333 -0.49916222787593445 0.503866544886306 -0.5027838994689087 0.49412946242974426 1.53891491368268 -0.023696394127238164 2.115251175337825 333 166_0.jpg

334 -0.6474751233771576 0.6554654753593923 -0.2775207834643687 0.27225574367668265 1.492919805140801 0.09185540910651246 2.11522361360092 334 166_1.jpg

335 -0.49911636999448633 0.5038632343060794 -0.5028337516715986 0.4941284332013378 1.5390478670062147 -0.02393551343714309 2.1151036937199668 335 167_0.jpg

336 -0.6474512294270105 0.6554622491222437 -0.27758417806819713 0.27225570623086226 1.493064064092541 0.09162079044894596 2.115081293223786 336 167_1.jpg

337 -0.4992395704708576 0.5037475888509323 -0.5027113594966043 0.49424640315941765 1.538898531025972 -0.023907937338281712 2.114904417521909 337 168_0.jpg

338 -0.6475192274110926 0.6553985226773908 -0.2774254121000832 0.2724091909725777 1.4929134696374413 0.09164785937627667 2.1148599792869067 338 168_1.jpg

339 -0.4993878375856146 0.5036095503610764 -0.5025162856190252 0.4944356289188075 1.541966642395612 -0.02398673465664799 2.115289142907987 339 169_0.jpg

340 -0.6475829343275455 0.6553402720151591 -0.2771900762387385 0.2726373647862403 1.4959798485761013 0.09156834889343626 2.1152027719935127 340 169_1.jpg

341 -0.4996128417651479 0.5033516992473126 -0.5022966697361574 0.49469397689901345 1.5498647734331241 -0.023883835840463125 2.115520860856591 341 170_0.jpg

342 -0.6477083942376496 0.655196675861433 -0.27690406268108886 0.27297489270063174 1.5038865743927672 0.09167462724979919 2.1153911642036394 342 170_1.jpg

343 -0.499810144944432 0.5031671776755942 -0.502052460491343 0.4949302347151478 1.566954744088729 -0.023268696334487683 2.115290989926498 343 171_0.jpg

344 -0.6477990083614131 0.6551126664436479 -0.27660514719962376 0.27326439865767016 1.5209744125364695 0.09228885014644442 2.115110541453241 344 171_1.jpg

345 -0.49976431090432927 0.5031639665712826 -0.5021022844781936 0.49492923960133256 1.5954719491849683 -0.023694437724562745 2.1153374441680746 345 172_0.jpg

346 -0.6477751256677914 0.6551095450899124 -0.2766685061974356 0.2732643558473088 1.5495028956098034 0.09186760356813294 2.115162156778586 346 172_1.jpg

347 -0.4995466507671849 0.5033235859959447 -0.5022754845115778 0.4948109226220968 1.6343400546446203 -0.02399964312900443 2.1152119131302665 347 173_0.jpg

348 -0.6476384514700413 0.6552141055418073 -0.2769094483356634 0.2730935178633415 1.5883837411459254 0.09156749450122098 2.1150571566564063 348 173_1.jpg

349 -0.4994591754326191 0.503269056820699 -0.5022796511368509 0.49495044254633774 1.683315464944611 -0.02404902602817065 2.1151650909061064 349 174_0.jpg

350 -0.6475581443489848 0.6552155890457498 -0.2769464798182456 0.2732428020552649 1.6373920992372568 0.09153117305010684 2.1149860290889912 350 174_1.jpg

351 -0.49944621362910635 0.5031465328849786 -0.5021139639882445 0.49525610880168447 1.7459277154345751 -0.023573951742416464 2.1159852374107166 351 175_0.jpg

352 -0.6474826090835714 0.6552152198424533 -0.27679870485987723 0.27357222740810344 1.7000361997751037 0.09201877078795764 2.1157376722830605 352 175_1.jpg

353 -0.4994583225428253 0.5030021919545452 -0.5018274113196758 0.4956807724532222 1.821755643578608 -0.022179216518212093 2.1163002230241306 353 176_0.jpg

354 -0.6473845072451834 0.6552384285000473 -0.2765297202358937 0.27402046533417507 1.7758954604311268 0.0934256712847625 2.1159487721155354 354 176_1.jpg

355 -0.4996105453641494 0.5028169617248419 -0.5014402561692086 0.4961069193789723 1.9142443518862708 -0.0215708682640721 2.116393871391055 355 177_0.jpg

356 -0.647378807872424 0.6552238599330662 -0.2761152957576435 0.27448627641607487 1.8683928672322367 0.09403709288574096 2.1159348792297172 356 177_1.jpg

357 -0.49986612371428363 0.5024375740746029 -0.501100893623202 0.49657651669295944 2.0198934367517256 -0.021983160322707924 2.1169892912604507 357 178_0.jpg

358 -0.647486817731306 0.6550458382553022 -0.2757077302959573 0.2750654796655636 1.9740721411155964 0.09363639607168898 2.1164442725549937 358 178_1.jpg

359 -0.5002667519084257 0.5019143827622408 -0.5009509657349408 0.49685335788401674 2.143664974658492 -0.023516402923665213 2.1177968632863875 359 179_0.jpg

360 -0.6478014268538725 0.6546636486673866 -0.27542225154295347 0.2755202385208785 2.097873620228418 0.09211499574717569 2.1172477723245575 360 179_1.jpg

361 -0.5005925904626343 0.5014576700783769 -0.5011151039413599 0.49682080883887586 2.286826497834894 -0.026692225406570215 2.1188109742302896 361 180_0.jpg

362 -0.6481657190066531 0.6542291927882108 -0.27545528138040104 0.27566238765547724 2.241066197387366 0.0889518449009209 2.118348474859397 362 180_1.jpg

363 0.5007543469239125 -0.5010674757422514 0.5012115030215405 -0.49695422126085453 2.4471141620390777 -0.028948899800055706 2.1201578429078674 363 181_0.jpg

364 -0.6483514828304486 0.6539178766789958 -0.2754866205124999 0.2759327584571903 2.4014073926264445 0.08671646454074404 2.11972805020149 364 181_1.jpg

365 0.5009409349266859 -0.5006553466309988 0.5011866652341403 -0.4972065267029926 2.624672962703319 -0.030236555700722673 2.1223123648401656 365 182_0.jpg

366 -0.6485143201946717 0.6536299877832856 -0.27539649547461076 0.27632188811812775 2.579019257327578 0.0854497535755464 2.121879893453318 366 182_1.jpg

367 0.5010022117143592 -0.5004100747169759 0.5011878453911479 -0.4973904749904743 2.8194935432332695 -0.03193839685699702 2.1241757030059336 367 183_0.jpg

368 -0.6485708421805972 0.6534713159967394 -0.2753763034129325 0.276584513957794 2.773882903847228 0.08376486844938123 2.123735280210942 368 183_1.jpg

369 0.5013846857662955 -0.4998146208114474 0.5007725943335486 -0.4980216365446277 3.034147128445125 -0.0339560279470903 2.126158380452994 369 184_0.jpg

370 -0.6487675279799815 0.6531529858588342 -0.27485234722918 0.2773951314011184 2.9885876112603524 0.08176695347869203 2.1256180436891 370 184_1.jpg

371 0.5022543012235975 -0.4987504992900651 0.5001514493380254 -0.4988357285573872 3.268453833898754 -0.037187267286896995 2.1298779902309906 371 185_0.jpg

372 -0.6493386199478643 0.6524677267094111 -0.2739582493319438 0.2785535852754955 3.222942013539206 0.07855399713898248 2.129242445851037 372 185_1.jpg

373 0.5029089009229453 -0.4977960308117394 0.4997515355803842 -0.49952993080054847 3.5243566635387475 -0.04046947015002344 2.134128124336553 373 186_0.jpg

374 -0.6497935087971887 0.6518403714845928 -0.27334893776443303 0.2795583736018686 3.4789161094878525 0.07529943027371618 2.1334297388943178 374 186_1.jpg

375 0.5028603907967515 -0.4974260152309447 0.4992025209622332 -0.5004953843984509 3.8024287084147783 -0.04173150726294658 2.1397292819559124 375 187_0.jpg

376 -0.6495382874109137 0.6518547986733408 -0.2728610934071323 0.280592512976558 3.7570872209251367 0.07407468521073218 2.138809881620956 376 187_1.jpg

377 0.5026397834051556 -0.497219047324687 0.4987786857071354 -0.5013444821679118 4.105196373480004 -0.04151313454563585 2.146248655442785 377 188_0.jpg

378 -0.649170691182017 0.6519774800333615 -0.27255260606376436 0.2814566683655947 4.0599557542424645 0.07433068582320318 2.145123642840092 378 188_1.jpg

379 0.5026881029061827 -0.496703815614076 0.4982748608205466 -0.502306832349776 4.4307835416207935 -0.04298852646191721 2.153803689006896 379 189_0.jpg

380 -0.6490223599812057 0.6518564278963165 -0.27207131168331605 0.2825426959126718 4.385653380612047 0.07289630402218593 2.1524828442032464 380 189_1.jpg

381 -0.5032772364721548 0.4958984765013858 -0.4971020715334129 0.5036727655231568 4.778746212658447 -0.0468447935723845 2.1622976381849197 381 190_0.jpg

382 -0.6491236936020707 0.6516139573913521 -0.27076955448782175 0.28411534506191793 4.733670406009958 0.06905724273471857 2.16066679948814 382 190_1.jpg

383 -0.5044133658792005 0.4943731854034038 -0.4963432941297575 0.5047827693661191 5.149525167086614 -0.05212120990007549 2.173373427188607 383 191_0.jpg

384 -0.6498894132867106 0.6506110729717071 -0.26965117281414097 0.2857222903877425 5.104542401109056 0.06381533929857731 2.171630634912802 384 191_1.jpg

385 -0.5055658688432537 0.4928733162070316 -0.4953624473559883 0.5060583881147861 5.543038173852288 -0.059050974400737595 2.1868539040024872 385 192_0.jpg

386 0.6505863567813115 -0.6496924174819338 0.26832074938130274 -0.28747370399387323 5.49813888443526 0.05691517186746489 2.1849364240031814 386 192_1.jpg

387 0.5070659378068402 -0.49114092470392373 0.49527853058621896 -0.5063239120734868 5.960704954666431 -0.0690133115530396 2.2028805221942243 387 193_0.jpg

388 0.6519468947667698 -0.6481861167745975 0.2676924821517953 -0.28837603822794494 5.915856747325494 0.04697533603173573 2.2011364093082335 388 193_1.jpg

389 0.5086217770979939 -0.48963595550870714 0.4949231663814008 -0.5065684339886984 6.401026396271853 -0.07955174259463688 2.2208145298474986 389 194_0.jpg

390 0.6532575660319634 -0.6468814295425018 0.2667902800354478 -0.28917454074252724 6.356162806283413 0.03643269867986407 2.2191904376115317 390 194_1.jpg

391 0.5109181722890641 -0.48769953657404885 0.4944104455467406 -0.5066261882142827 6.861596300167762 -0.09008576041038474 2.2420139133507315 391 195_0.jpg

392 0.6551978892576582 -0.6451067486241217 0.2654675997563097 -0.2899654501342315 6.816641092400559 0.025865905747006798 2.240596024098205 392 195_1.jpg

393 0.5139440007180002 -0.4854303490828287 0.49330339392642014 -0.5068241330639005 7.340403376104049 -0.10038387805977261 2.265398359392382 393 196_0.jpg

394 0.6575922667457612 -0.6430732945393642 0.2633231208416678 -0.29101560541775795 7.295259999686761 0.015496507102384802 2.264140623204967 394 196_1.jpg

395 0.5168727612007352 -0.4834249046181225 0.4913029465214043 -0.5077049586748911 7.838759929953249 -0.10869987406981768 2.2952916829763863 395 197_0.jpg

396 0.6595585375747501 -0.6415344760882088 0.2603855822911455 -0.2926010937050398 7.793392092681817 0.007091429075749223 2.2939120246258353 396 197_1.jpg
