1 PINHOLE 1920 1280 2055.556149361639 2055.556149361639 939.6574698861468 641.0721821943271
2 PINHOLE 1920 1280 2063.7008688972 2063.7008688972 970.7315379934879 639.9082229848484
3 PINHOLE 1920 1280 2055.556149361639 2055.556149361639 939.6574698861468 641.0721821943271
4 PINHOLE 1920 1280 2063.7008688972 2063.7008688972 970.7315379934879 639.9082229848484
5 PINHOLE 1920 1280 2055.556149361639 2055.556149361639 939.6574698861468 641.0721821943271
6 PINHOLE 1920 1280 2063.7008688972 2063.7008688972 970.7315379934879 639.9082229848484
7 PINHOLE 1920 1280 2055.556149361639 2055.556149361639 939.6574698861468 641.0721821943271
8 PINHOLE 1920 1280 2063.7008688972 2063.7008688972 970.7315379934879 639.9082229848484
9 PINHOLE 1920 1280 2055.556149361639 2055.556149361639 939.6574698861468 641.0721821943271
10 PINHOLE 1920 1280 2063.7008688972 2063.7008688972 970.7315379934879 639.9082229848484
11 PINHOLE 1920 1280 2055.556149361639 2055.556149361639 939.6574698861468 641.0721821943271
12 PINHOLE 1920 1280 2063.7008688972 2063.7008688972 970.7315379934879 639.9082229848484
13 PINHOLE 1920 1280 2055.556149361639 2055.556149361639 939.6574698861468 641.0721821943271
14 PINHOLE 1920 1280 2063.7008688972 2063.7008688972 970.7315379934879 639.9082229848484
15 PINHOLE 1920 1280 2055.556149361639 2055.556149361639 939.6574698861468 641.0721821943271
16 PINHOLE 1920 1280 2063.7008688972 2063.7008688972 970.7315379934879 639.9082229848484
17 PINHOLE 1920 1280 2055.556149361639 2055.556149361639 939.6574698861468 641.0721821943271
18 PINHOLE 1920 1280 2063.7008688972 2063.7008688972 970.7315379934879 639.9082229848484
19 PINHOLE 1920 1280 2055.556149361639 2055.556149361639 939.6574698861468 641.0721821943271
20 PINHOLE 1920 1280 2063.7008688972 2063.7008688972 970.7315379934879 639.9082229848484
21 PINHOLE 1920 1280 2055.556149361639 2055.556149361639 939.6574698861468 641.0721821943271
22 PINHOLE 1920 1280 2063.7008688972 2063.7008688972 970.7315379934879 639.9082229848484
23 PINHOLE 1920 1280 2055.556149361639 2055.556149361639 939.6574698861468 641.0721821943271
24 PINHOLE 1920 1280 2063.7008688972 2063.7008688972 970.7315379934879 639.9082229848484
25 PINHOLE 1920 1280 2055.556149361639 2055.556149361639 939.6574698861468 641.0721821943271
26 PINHOLE 1920 1280 2063.7008688972 2063.7008688972 970.7315379934879 639.9082229848484
27 PINHOLE 1920 1280 2055.556149361639 2055.556149361639 939.6574698861468 641.0721821943271
28 PINHOLE 1920 1280 2063.7008688972 2063.7008688972 970.7315379934879 639.9082229848484
29 PINHOLE 1920 1280 2055.556149361639 2055.556149361639 939.6574698861468 641.0721821943271
30 PINHOLE 1920 1280 2063.7008688972 2063.7008688972 970.7315379934879 639.9082229848484
31 PINHOLE 1920 1280 2055.556149361639 2055.556149361639 939.6574698861468 641.0721821943271
32 PINHOLE 1920 1280 2063.7008688972 2063.7008688972 970.7315379934879 639.9082229848484
33 PINHOLE 1920 1280 2055.556149361639 2055.556149361639 939.6574698861468 641.0721821943271
34 PINHOLE 1920 1280 2063.7008688972 2063.7008688972 970.7315379934879 639.9082229848484
35 PINHOLE 1920 1280 2055.556149361639 2055.556149361639 939.6574698861468 641.0721821943271
36 PINHOLE 1920 1280 2063.7008688972 2063.7008688972 970.7315379934879 639.9082229848484
37 PINHOLE 1920 1280 2055.556149361639 2055.556149361639 939.6574698861468 641.0721821943271
38 PINHOLE 1920 1280 2063.7008688972 2063.7008688972 970.7315379934879 639.9082229848484
39 PINHOLE 1920 1280 2055.556149361639 2055.556149361639 939.6574698861468 641.0721821943271
40 PINHOLE 1920 1280 2063.7008688972 2063.7008688972 970.7315379934879 639.9082229848484
41 PINHOLE 1920 1280 2055.556149361639 2055.556149361639 939.6574698861468 641.0721821943271
42 PINHOLE 1920 1280 2063.7008688972 2063.7008688972 970.7315379934879 639.9082229848484
43 PINHOLE 1920 1280 2055.556149361639 2055.556149361639 939.6574698861468 641.0721821943271
44 PINHOLE 1920 1280 2063.7008688972 2063.7008688972 970.7315379934879 639.9082229848484
45 PINHOLE 1920 1280 2055.556149361639 2055.556149361639 939.6574698861468 641.0721821943271
46 PINHOLE 1920 1280 2063.7008688972 2063.7008688972 970.7315379934879 639.9082229848484
47 PINHOLE 1920 1280 2055.556149361639 2055.556149361639 939.6574698861468 641.0721821943271
48 PINHOLE 1920 1280 2063.7008688972 2063.7008688972 970.7315379934879 639.9082229848484
49 PINHOLE 1920 1280 2055.556149361639 2055.556149361639 939.6574698861468 641.0721821943271
50 PINHOLE 1920 1280 2063.7008688972 2063.7008688972 970.7315379934879 639.9082229848484
51 PINHOLE 1920 1280 2055.556149361639 2055.556149361639 939.6574698861468 641.0721821943271
52 PINHOLE 1920 1280 2063.7008688972 2063.7008688972 970.7315379934879 639.9082229848484
53 PINHOLE 1920 1280 2055.556149361639 2055.556149361639 939.6574698861468 641.0721821943271
54 PINHOLE 1920 1280 2063.7008688972 2063.7008688972 970.7315379934879 639.9082229848484
55 PINHOLE 1920 1280 2055.556149361639 2055.556149361639 939.6574698861468 641.0721821943271
56 PINHOLE 1920 1280 2063.7008688972 2063.7008688972 970.7315379934879 639.9082229848484
57 PINHOLE 1920 1280 2055.556149361639 2055.556149361639 939.6574698861468 641.0721821943271
58 PINHOLE 1920 1280 2063.7008688972 2063.7008688972 970.7315379934879 639.9082229848484
59 PINHOLE 1920 1280 2055.556149361639 2055.556149361639 939.6574698861468 641.0721821943271
60 PINHOLE 1920 1280 2063.7008688972 2063.7008688972 970.7315379934879 639.9082229848484
61 PINHOLE 1920 1280 2055.556149361639 2055.556149361639 939.6574698861468 641.0721821943271
62 PINHOLE 1920 1280 2063.7008688972 2063.7008688972 970.7315379934879 639.9082229848484
63 PINHOLE 1920 1280 2055.556149361639 2055.556149361639 939.6574698861468 641.0721821943271
64 PINHOLE 1920 1280 2063.7008688972 2063.7008688972 970.7315379934879 639.9082229848484
65 PINHOLE 1920 1280 2055.556149361639 2055.556149361639 939.6574698861468 641.0721821943271
66 PINHOLE 1920 1280 2063.7008688972 2063.7008688972 970.7315379934879 639.9082229848484
67 PINHOLE 1920 1280 2055.556149361639 2055.556149361639 939.6574698861468 641.0721821943271
68 PINHOLE 1920 1280 2063.7008688972 2063.7008688972 970.7315379934879 639.9082229848484
69 PINHOLE 1920 1280 2055.556149361639 2055.556149361639 939.6574698861468 641.0721821943271
70 PINHOLE 1920 1280 2063.7008688972 2063.7008688972 970.7315379934879 639.9082229848484
71 PINHOLE 1920 1280 2055.556149361639 2055.556149361639 939.6574698861468 641.0721821943271
72 PINHOLE 1920 1280 2063.7008688972 2063.7008688972 970.7315379934879 639.9082229848484
73 PINHOLE 1920 1280 2055.556149361639 2055.556149361639 939.6574698861468 641.0721821943271
74 PINHOLE 1920 1280 2063.7008688972 2063.7008688972 970.7315379934879 639.9082229848484
75 PINHOLE 1920 1280 2055.556149361639 2055.556149361639 939.6574698861468 641.0721821943271
76 PINHOLE 1920 1280 2063.7008688972 2063.7008688972 970.7315379934879 639.9082229848484
77 PINHOLE 1920 1280 2055.556149361639 2055.556149361639 939.6574698861468 641.0721821943271
78 PINHOLE 1920 1280 2063.7008688972 2063.7008688972 970.7315379934879 639.9082229848484
79 PINHOLE 1920 1280 2055.556149361639 2055.556149361639 939.6574698861468 641.0721821943271
80 PINHOLE 1920 1280 2063.7008688972 2063.7008688972 970.7315379934879 639.9082229848484
81 PINHOLE 1920 1280 2055.556149361639 2055.556149361639 939.6574698861468 641.0721821943271
82 PINHOLE 1920 1280 2063.7008688972 2063.7008688972 970.7315379934879 639.9082229848484
83 PINHOLE 1920 1280 2055.556149361639 2055.556149361639 939.6574698861468 641.0721821943271
84 PINHOLE 1920 1280 2063.7008688972 2063.7008688972 970.7315379934879 639.9082229848484
85 PINHOLE 1920 1280 2055.556149361639 2055.556149361639 939.6574698861468 641.0721821943271
86 PINHOLE 1920 1280 2063.7008688972 2063.7008688972 970.7315379934879 639.9082229848484
87 PINHOLE 1920 1280 2055.556149361639 2055.556149361639 939.6574698861468 641.0721821943271
88 PINHOLE 1920 1280 2063.7008688972 2063.7008688972 970.7315379934879 639.9082229848484
89 PINHOLE 1920 1280 2055.556149361639 2055.556149361639 939.6574698861468 641.0721821943271
90 PINHOLE 1920 1280 2063.7008688972 2063.7008688972 970.7315379934879 639.9082229848484
91 PINHOLE 1920 1280 2055.556149361639 2055.556149361639 939.6574698861468 641.0721821943271
92 PINHOLE 1920 1280 2063.7008688972 2063.7008688972 970.7315379934879 639.9082229848484
93 PINHOLE 1920 1280 2055.556149361639 2055.556149361639 939.6574698861468 641.0721821943271
94 PINHOLE 1920 1280 2063.7008688972 2063.7008688972 970.7315379934879 639.9082229848484
95 PINHOLE 1920 1280 2055.556149361639 2055.556149361639 939.6574698861468 641.0721821943271
96 PINHOLE 1920 1280 2063.7008688972 2063.7008688972 970.7315379934879 639.9082229848484
97 PINHOLE 1920 1280 2055.556149361639 2055.556149361639 939.6574698861468 641.0721821943271
98 PINHOLE 1920 1280 2063.7008688972 2063.7008688972 970.7315379934879 639.9082229848484
99 PINHOLE 1920 1280 2055.556149361639 2055.556149361639 939.6574698861468 641.0721821943271
100 PINHOLE 1920 1280 2063.7008688972 2063.7008688972 970.7315379934879 639.9082229848484
101 PINHOLE 1920 1280 2055.556149361639 2055.556149361639 939.6574698861468 641.0721821943271
102 PINHOLE 1920 1280 2063.7008688972 2063.7008688972 970.7315379934879 639.9082229848484
103 PINHOLE 1920 1280 2055.556149361639 2055.556149361639 939.6574698861468 641.0721821943271
104 PINHOLE 1920 1280 2063.7008688972 2063.7008688972 970.7315379934879 639.9082229848484
105 PINHOLE 1920 1280 2055.556149361639 2055.556149361639 939.6574698861468 641.0721821943271
106 PINHOLE 1920 1280 2063.7008688972 2063.7008688972 970.7315379934879 639.9082229848484
107 PINHOLE 1920 1280 2055.556149361639 2055.556149361639 939.6574698861468 641.0721821943271
108 PINHOLE 1920 1280 2063.7008688972 2063.7008688972 970.7315379934879 639.9082229848484
109 PINHOLE 1920 1280 2055.556149361639 2055.556149361639 939.6574698861468 641.0721821943271
110 PINHOLE 1920 1280 2063.7008688972 2063.7008688972 970.7315379934879 639.9082229848484
111 PINHOLE 1920 1280 2055.556149361639 2055.556149361639 939.6574698861468 641.0721821943271
112 PINHOLE 1920 1280 2063.7008688972 2063.7008688972 970.7315379934879 639.9082229848484
113 PINHOLE 1920 1280 2055.556149361639 2055.556149361639 939.6574698861468 641.0721821943271
114 PINHOLE 1920 1280 2063.7008688972 2063.7008688972 970.7315379934879 639.9082229848484
115 PINHOLE 1920 1280 2055.556149361639 2055.556149361639 939.6574698861468 641.0721821943271
116 PINHOLE 1920 1280 2063.7008688972 2063.7008688972 970.7315379934879 639.9082229848484
117 PINHOLE 1920 1280 2055.556149361639 2055.556149361639 939.6574698861468 641.0721821943271
118 PINHOLE 1920 1280 2063.7008688972 2063.7008688972 970.7315379934879 639.9082229848484
119 PINHOLE 1920 1280 2055.556149361639 2055.556149361639 939.6574698861468 641.0721821943271
120 PINHOLE 1920 1280 2063.7008688972 2063.7008688972 970.7315379934879 639.9082229848484
121 PINHOLE 1920 1280 2055.556149361639 2055.556149361639 939.6574698861468 641.0721821943271
122 PINHOLE 1920 1280 2063.7008688972 2063.7008688972 970.7315379934879 639.9082229848484
123 PINHOLE 1920 1280 2055.556149361639 2055.556149361639 939.6574698861468 641.0721821943271
124 PINHOLE 1920 1280 2063.7008688972 2063.7008688972 970.7315379934879 639.9082229848484
125 PINHOLE 1920 1280 2055.556149361639 2055.556149361639 939.6574698861468 641.0721821943271
126 PINHOLE 1920 1280 2063.7008688972 2063.7008688972 970.7315379934879 639.9082229848484
127 PINHOLE 1920 1280 2055.556149361639 2055.556149361639 939.6574698861468 641.0721821943271
128 PINHOLE 1920 1280 2063.7008688972 2063.7008688972 970.7315379934879 639.9082229848484
129 PINHOLE 1920 1280 2055.556149361639 2055.556149361639 939.6574698861468 641.0721821943271
130 PINHOLE 1920 1280 2063.7008688972 2063.7008688972 970.7315379934879 639.9082229848484
131 PINHOLE 1920 1280 2055.556149361639 2055.556149361639 939.6574698861468 641.0721821943271
132 PINHOLE 1920 1280 2063.7008688972 2063.7008688972 970.7315379934879 639.9082229848484
133 PINHOLE 1920 1280 2055.556149361639 2055.556149361639 939.6574698861468 641.0721821943271
134 PINHOLE 1920 1280 2063.7008688972 2063.7008688972 970.7315379934879 639.9082229848484
135 PINHOLE 1920 1280 2055.556149361639 2055.556149361639 939.6574698861468 641.0721821943271
136 PINHOLE 1920 1280 2063.7008688972 2063.7008688972 970.7315379934879 639.9082229848484
137 PINHOLE 1920 1280 2055.556149361639 2055.556149361639 939.6574698861468 641.0721821943271
138 PINHOLE 1920 1280 2063.7008688972 2063.7008688972 970.7315379934879 639.9082229848484
139 PINHOLE 1920 1280 2055.556149361639 2055.556149361639 939.6574698861468 641.0721821943271
140 PINHOLE 1920 1280 2063.7008688972 2063.7008688972 970.7315379934879 639.9082229848484
141 PINHOLE 1920 1280 2055.556149361639 2055.556149361639 939.6574698861468 641.0721821943271
142 PINHOLE 1920 1280 2063.7008688972 2063.7008688972 970.7315379934879 639.9082229848484
143 PINHOLE 1920 1280 2055.556149361639 2055.556149361639 939.6574698861468 641.0721821943271
144 PINHOLE 1920 1280 2063.7008688972 2063.7008688972 970.7315379934879 639.9082229848484
145 PINHOLE 1920 1280 2055.556149361639 2055.556149361639 939.6574698861468 641.0721821943271
146 PINHOLE 1920 1280 2063.7008688972 2063.7008688972 970.7315379934879 639.9082229848484
147 PINHOLE 1920 1280 2055.556149361639 2055.556149361639 939.6574698861468 641.0721821943271
148 PINHOLE 1920 1280 2063.7008688972 2063.7008688972 970.7315379934879 639.9082229848484
149 PINHOLE 1920 1280 2055.556149361639 2055.556149361639 939.6574698861468 641.0721821943271
150 PINHOLE 1920 1280 2063.7008688972 2063.7008688972 970.7315379934879 639.9082229848484
151 PINHOLE 1920 1280 2055.556149361639 2055.556149361639 939.6574698861468 641.0721821943271
152 PINHOLE 1920 1280 2063.7008688972 2063.7008688972 970.7315379934879 639.9082229848484
153 PINHOLE 1920 1280 2055.556149361639 2055.556149361639 939.6574698861468 641.0721821943271
154 PINHOLE 1920 1280 2063.7008688972 2063.7008688972 970.7315379934879 639.9082229848484
155 PINHOLE 1920 1280 2055.556149361639 2055.556149361639 939.6574698861468 641.0721821943271
156 PINHOLE 1920 1280 2063.7008688972 2063.7008688972 970.7315379934879 639.9082229848484
157 PINHOLE 1920 1280 2055.556149361639 2055.556149361639 939.6574698861468 641.0721821943271
158 PINHOLE 1920 1280 2063.7008688972 2063.7008688972 970.7315379934879 639.9082229848484
159 PINHOLE 1920 1280 2055.556149361639 2055.556149361639 939.6574698861468 641.0721821943271
160 PINHOLE 1920 1280 2063.7008688972 2063.7008688972 970.7315379934879 639.9082229848484
161 PINHOLE 1920 1280 2055.556149361639 2055.556149361639 939.6574698861468 641.0721821943271
162 PINHOLE 1920 1280 2063.7008688972 2063.7008688972 970.7315379934879 639.9082229848484
163 PINHOLE 1920 1280 2055.556149361639 2055.556149361639 939.6574698861468 641.0721821943271
164 PINHOLE 1920 1280 2063.7008688972 2063.7008688972 970.7315379934879 639.9082229848484
165 PINHOLE 1920 1280 2055.556149361639 2055.556149361639 939.6574698861468 641.0721821943271
166 PINHOLE 1920 1280 2063.7008688972 2063.7008688972 970.7315379934879 639.9082229848484
167 PINHOLE 1920 1280 2055.556149361639 2055.556149361639 939.6574698861468 641.0721821943271
168 PINHOLE 1920 1280 2063.7008688972 2063.7008688972 970.7315379934879 639.9082229848484
169 PINHOLE 1920 1280 2055.556149361639 2055.556149361639 939.6574698861468 641.0721821943271
170 PINHOLE 1920 1280 2063.7008688972 2063.7008688972 970.7315379934879 639.9082229848484
171 PINHOLE 1920 1280 2055.556149361639 2055.556149361639 939.6574698861468 641.0721821943271
172 PINHOLE 1920 1280 2063.7008688972 2063.7008688972 970.7315379934879 639.9082229848484
173 PINHOLE 1920 1280 2055.556149361639 2055.556149361639 939.6574698861468 641.0721821943271
174 PINHOLE 1920 1280 2063.7008688972 2063.7008688972 970.7315379934879 639.9082229848484
175 PINHOLE 1920 1280 2055.556149361639 2055.556149361639 939.6574698861468 641.0721821943271
176 PINHOLE 1920 1280 2063.7008688972 2063.7008688972 970.7315379934879 639.9082229848484
177 PINHOLE 1920 1280 2055.556149361639 2055.556149361639 939.6574698861468 641.0721821943271
178 PINHOLE 1920 1280 2063.7008688972 2063.7008688972 970.7315379934879 639.9082229848484
179 PINHOLE 1920 1280 2055.556149361639 2055.556149361639 939.6574698861468 641.0721821943271
180 PINHOLE 1920 1280 2063.7008688972 2063.7008688972 970.7315379934879 639.9082229848484
181 PINHOLE 1920 1280 2055.556149361639 2055.556149361639 939.6574698861468 641.0721821943271
182 PINHOLE 1920 1280 2063.7008688972 2063.7008688972 970.7315379934879 639.9082229848484
183 PINHOLE 1920 1280 2055.556149361639 2055.556149361639 939.6574698861468 641.0721821943271
184 PINHOLE 1920 1280 2063.7008688972 2063.7008688972 970.7315379934879 639.9082229848484
185 PINHOLE 1920 1280 2055.556149361639 2055.556149361639 939.6574698861468 641.0721821943271
186 PINHOLE 1920 1280 2063.7008688972 2063.7008688972 970.7315379934879 639.9082229848484
187 PINHOLE 1920 1280 2055.556149361639 2055.556149361639 939.6574698861468 641.0721821943271
188 PINHOLE 1920 1280 2063.7008688972 2063.7008688972 970.7315379934879 639.9082229848484
189 PINHOLE 1920 1280 2055.556149361639 2055.556149361639 939.6574698861468 641.0721821943271
190 PINHOLE 1920 1280 2063.7008688972 2063.7008688972 970.7315379934879 639.9082229848484
191 PINHOLE 1920 1280 2055.556149361639 2055.556149361639 939.6574698861468 641.0721821943271
192 PINHOLE 1920 1280 2063.7008688972 2063.7008688972 970.7315379934879 639.9082229848484
193 PINHOLE 1920 1280 2055.556149361639 2055.556149361639 939.6574698861468 641.0721821943271
194 PINHOLE 1920 1280 2063.7008688972 2063.7008688972 970.7315379934879 639.9082229848484
195 PINHOLE 1920 1280 2055.556149361639 2055.556149361639 939.6574698861468 641.0721821943271
196 PINHOLE 1920 1280 2063.7008688972 2063.7008688972 970.7315379934879 639.9082229848484
197 PINHOLE 1920 1280 2055.556149361639 2055.556149361639 939.6574698861468 641.0721821943271
198 PINHOLE 1920 1280 2063.7008688972 2063.7008688972 970.7315379934879 639.9082229848484
199 PINHOLE 1920 1280 2055.556149361639 2055.556149361639 939.6574698861468 641.0721821943271
200 PINHOLE 1920 1280 2063.7008688972 2063.7008688972 970.7315379934879 639.9082229848484
201 PINHOLE 1920 1280 2055.556149361639 2055.556149361639 939.6574698861468 641.0721821943271
202 PINHOLE 1920 1280 2063.7008688972 2063.7008688972 970.7315379934879 639.9082229848484
203 PINHOLE 1920 1280 2055.556149361639 2055.556149361639 939.6574698861468 641.0721821943271
204 PINHOLE 1920 1280 2063.7008688972 2063.7008688972 970.7315379934879 639.9082229848484
205 PINHOLE 1920 1280 2055.556149361639 2055.556149361639 939.6574698861468 641.0721821943271
206 PINHOLE 1920 1280 2063.7008688972 2063.7008688972 970.7315379934879 639.9082229848484
207 PINHOLE 1920 1280 2055.556149361639 2055.556149361639 939.6574698861468 641.0721821943271
208 PINHOLE 1920 1280 2063.7008688972 2063.7008688972 970.7315379934879 639.9082229848484
209 PINHOLE 1920 1280 2055.556149361639 2055.556149361639 939.6574698861468 641.0721821943271
210 PINHOLE 1920 1280 2063.7008688972 2063.7008688972 970.7315379934879 639.9082229848484
211 PINHOLE 1920 1280 2055.556149361639 2055.556149361639 939.6574698861468 641.0721821943271
212 PINHOLE 1920 1280 2063.7008688972 2063.7008688972 970.7315379934879 639.9082229848484
213 PINHOLE 1920 1280 2055.556149361639 2055.556149361639 939.6574698861468 641.0721821943271
214 PINHOLE 1920 1280 2063.7008688972 2063.7008688972 970.7315379934879 639.9082229848484
215 PINHOLE 1920 1280 2055.556149361639 2055.556149361639 939.6574698861468 641.0721821943271
216 PINHOLE 1920 1280 2063.7008688972 2063.7008688972 970.7315379934879 639.9082229848484
217 PINHOLE 1920 1280 2055.556149361639 2055.556149361639 939.6574698861468 641.0721821943271
218 PINHOLE 1920 1280 2063.7008688972 2063.7008688972 970.7315379934879 639.9082229848484
219 PINHOLE 1920 1280 2055.556149361639 2055.556149361639 939.6574698861468 641.0721821943271
220 PINHOLE 1920 1280 2063.7008688972 2063.7008688972 970.7315379934879 639.9082229848484
221 PINHOLE 1920 1280 2055.556149361639 2055.556149361639 939.6574698861468 641.0721821943271
222 PINHOLE 1920 1280 2063.7008688972 2063.7008688972 970.7315379934879 639.9082229848484
223 PINHOLE 1920 1280 2055.556149361639 2055.556149361639 939.6574698861468 641.0721821943271
224 PINHOLE 1920 1280 2063.7008688972 2063.7008688972 970.7315379934879 639.9082229848484
225 PINHOLE 1920 1280 2055.556149361639 2055.556149361639 939.6574698861468 641.0721821943271
226 PINHOLE 1920 1280 2063.7008688972 2063.7008688972 970.7315379934879 639.9082229848484
227 PINHOLE 1920 1280 2055.556149361639 2055.556149361639 939.6574698861468 641.0721821943271
228 PINHOLE 1920 1280 2063.7008688972 2063.7008688972 970.7315379934879 639.9082229848484
229 PINHOLE 1920 1280 2055.556149361639 2055.556149361639 939.6574698861468 641.0721821943271
230 PINHOLE 1920 1280 2063.7008688972 2063.7008688972 970.7315379934879 639.9082229848484
231 PINHOLE 1920 1280 2055.556149361639 2055.556149361639 939.6574698861468 641.0721821943271
232 PINHOLE 1920 1280 2063.7008688972 2063.7008688972 970.7315379934879 639.9082229848484
233 PINHOLE 1920 1280 2055.556149361639 2055.556149361639 939.6574698861468 641.0721821943271
234 PINHOLE 1920 1280 2063.7008688972 2063.7008688972 970.7315379934879 639.9082229848484
235 PINHOLE 1920 1280 2055.556149361639 2055.556149361639 939.6574698861468 641.0721821943271
236 PINHOLE 1920 1280 2063.7008688972 2063.7008688972 970.7315379934879 639.9082229848484
237 PINHOLE 1920 1280 2055.556149361639 2055.556149361639 939.6574698861468 641.0721821943271
238 PINHOLE 1920 1280 2063.7008688972 2063.7008688972 970.7315379934879 639.9082229848484
239 PINHOLE 1920 1280 2055.556149361639 2055.556149361639 939.6574698861468 641.0721821943271
240 PINHOLE 1920 1280 2063.7008688972 2063.7008688972 970.7315379934879 639.9082229848484
241 PINHOLE 1920 1280 2055.556149361639 2055.556149361639 939.6574698861468 641.0721821943271
242 PINHOLE 1920 1280 2063.7008688972 2063.7008688972 970.7315379934879 639.9082229848484
243 PINHOLE 1920 1280 2055.556149361639 2055.556149361639 939.6574698861468 641.0721821943271
244 PINHOLE 1920 1280 2063.7008688972 2063.7008688972 970.7315379934879 639.9082229848484
245 PINHOLE 1920 1280 2055.556149361639 2055.556149361639 939.6574698861468 641.0721821943271
246 PINHOLE 1920 1280 2063.7008688972 2063.7008688972 970.7315379934879 639.9082229848484
247 PINHOLE 1920 1280 2055.556149361639 2055.556149361639 939.6574698861468 641.0721821943271
248 PINHOLE 1920 1280 2063.7008688972 2063.7008688972 970.7315379934879 639.9082229848484
249 PINHOLE 1920 1280 2055.556149361639 2055.556149361639 939.6574698861468 641.0721821943271
250 PINHOLE 1920 1280 2063.7008688972 2063.7008688972 970.7315379934879 639.9082229848484
251 PINHOLE 1920 1280 2055.556149361639 2055.556149361639 939.6574698861468 641.0721821943271
252 PINHOLE 1920 1280 2063.7008688972 2063.7008688972 970.7315379934879 639.9082229848484
253 PINHOLE 1920 1280 2055.556149361639 2055.556149361639 939.6574698861468 641.0721821943271
254 PINHOLE 1920 1280 2063.7008688972 2063.7008688972 970.7315379934879 639.9082229848484
255 PINHOLE 1920 1280 2055.556149361639 2055.556149361639 939.6574698861468 641.0721821943271
256 PINHOLE 1920 1280 2063.7008688972 2063.7008688972 970.7315379934879 639.9082229848484
257 PINHOLE 1920 1280 2055.556149361639 2055.556149361639 939.6574698861468 641.0721821943271
258 PINHOLE 1920 1280 2063.7008688972 2063.7008688972 970.7315379934879 639.9082229848484
259 PINHOLE 1920 1280 2055.556149361639 2055.556149361639 939.6574698861468 641.0721821943271
260 PINHOLE 1920 1280 2063.7008688972 2063.7008688972 970.7315379934879 639.9082229848484
261 PINHOLE 1920 1280 2055.556149361639 2055.556149361639 939.6574698861468 641.0721821943271
262 PINHOLE 1920 1280 2063.7008688972 2063.7008688972 970.7315379934879 639.9082229848484
263 PINHOLE 1920 1280 2055.556149361639 2055.556149361639 939.6574698861468 641.0721821943271
264 PINHOLE 1920 1280 2063.7008688972 2063.7008688972 970.7315379934879 639.9082229848484
265 PINHOLE 1920 1280 2055.556149361639 2055.556149361639 939.6574698861468 641.0721821943271
266 PINHOLE 1920 1280 2063.7008688972 2063.7008688972 970.7315379934879 639.9082229848484
267 PINHOLE 1920 1280 2055.556149361639 2055.556149361639 939.6574698861468 641.0721821943271
268 PINHOLE 1920 1280 2063.7008688972 2063.7008688972 970.7315379934879 639.9082229848484
269 PINHOLE 1920 1280 2055.556149361639 2055.556149361639 939.6574698861468 641.0721821943271
270 PINHOLE 1920 1280 2063.7008688972 2063.7008688972 970.7315379934879 639.9082229848484
271 PINHOLE 1920 1280 2055.556149361639 2055.556149361639 939.6574698861468 641.0721821943271
272 PINHOLE 1920 1280 2063.7008688972 2063.7008688972 970.7315379934879 639.9082229848484
273 PINHOLE 1920 1280 2055.556149361639 2055.556149361639 939.6574698861468 641.0721821943271
274 PINHOLE 1920 1280 2063.7008688972 2063.7008688972 970.7315379934879 639.9082229848484
275 PINHOLE 1920 1280 2055.556149361639 2055.556149361639 939.6574698861468 641.0721821943271
276 PINHOLE 1920 1280 2063.7008688972 2063.7008688972 970.7315379934879 639.9082229848484
277 PINHOLE 1920 1280 2055.556149361639 2055.556149361639 939.6574698861468 641.0721821943271
278 PINHOLE 1920 1280 2063.7008688972 2063.7008688972 970.7315379934879 639.9082229848484
279 PINHOLE 1920 1280 2055.556149361639 2055.556149361639 939.6574698861468 641.0721821943271
280 PINHOLE 1920 1280 2063.7008688972 2063.7008688972 970.7315379934879 639.9082229848484
281 PINHOLE 1920 1280 2055.556149361639 2055.556149361639 939.6574698861468 641.0721821943271
282 PINHOLE 1920 1280 2063.7008688972 2063.7008688972 970.7315379934879 639.9082229848484
283 PINHOLE 1920 1280 2055.556149361639 2055.556149361639 939.6574698861468 641.0721821943271
284 PINHOLE 1920 1280 2063.7008688972 2063.7008688972 970.7315379934879 639.9082229848484
285 PINHOLE 1920 1280 2055.556149361639 2055.556149361639 939.6574698861468 641.0721821943271
286 PINHOLE 1920 1280 2063.7008688972 2063.7008688972 970.7315379934879 639.9082229848484
287 PINHOLE 1920 1280 2055.556149361639 2055.556149361639 939.6574698861468 641.0721821943271
288 PINHOLE 1920 1280 2063.7008688972 2063.7008688972 970.7315379934879 639.9082229848484
289 PINHOLE 1920 1280 2055.556149361639 2055.556149361639 939.6574698861468 641.0721821943271
290 PINHOLE 1920 1280 2063.7008688972 2063.7008688972 970.7315379934879 639.9082229848484
291 PINHOLE 1920 1280 2055.556149361639 2055.556149361639 939.6574698861468 641.0721821943271
292 PINHOLE 1920 1280 2063.7008688972 2063.7008688972 970.7315379934879 639.9082229848484
293 PINHOLE 1920 1280 2055.556149361639 2055.556149361639 939.6574698861468 641.0721821943271
294 PINHOLE 1920 1280 2063.7008688972 2063.7008688972 970.7315379934879 639.9082229848484
295 PINHOLE 1920 1280 2055.556149361639 2055.556149361639 939.6574698861468 641.0721821943271
296 PINHOLE 1920 1280 2063.7008688972 2063.7008688972 970.7315379934879 639.9082229848484
297 PINHOLE 1920 1280 2055.556149361639 2055.556149361639 939.6574698861468 641.0721821943271
298 PINHOLE 1920 1280 2063.7008688972 2063.7008688972 970.7315379934879 639.9082229848484
299 PINHOLE 1920 1280 2055.556149361639 2055.556149361639 939.6574698861468 641.0721821943271
300 PINHOLE 1920 1280 2063.7008688972 2063.7008688972 970.7315379934879 639.9082229848484
301 PINHOLE 1920 1280 2055.556149361639 2055.556149361639 939.6574698861468 641.0721821943271
302 PINHOLE 1920 1280 2063.7008688972 2063.7008688972 970.7315379934879 639.9082229848484
303 PINHOLE 1920 1280 2055.556149361639 2055.556149361639 939.6574698861468 641.0721821943271
304 PINHOLE 1920 1280 2063.7008688972 2063.7008688972 970.7315379934879 639.9082229848484
305 PINHOLE 1920 1280 2055.556149361639 2055.556149361639 939.6574698861468 641.0721821943271
306 PINHOLE 1920 1280 2063.7008688972 2063.7008688972 970.7315379934879 639.9082229848484
307 PINHOLE 1920 1280 2055.556149361639 2055.556149361639 939.6574698861468 641.0721821943271
308 PINHOLE 1920 1280 2063.7008688972 2063.7008688972 970.7315379934879 639.9082229848484
309 PINHOLE 1920 1280 2055.556149361639 2055.556149361639 939.6574698861468 641.0721821943271
310 PINHOLE 1920 1280 2063.7008688972 2063.7008688972 970.7315379934879 639.9082229848484
311 PINHOLE 1920 1280 2055.556149361639 2055.556149361639 939.6574698861468 641.0721821943271
312 PINHOLE 1920 1280 2063.7008688972 2063.7008688972 970.7315379934879 639.9082229848484
313 PINHOLE 1920 1280 2055.556149361639 2055.556149361639 939.6574698861468 641.0721821943271
314 PINHOLE 1920 1280 2063.7008688972 2063.7008688972 970.7315379934879 639.9082229848484
315 PINHOLE 1920 1280 2055.556149361639 2055.556149361639 939.6574698861468 641.0721821943271
316 PINHOLE 1920 1280 2063.7008688972 2063.7008688972 970.7315379934879 639.9082229848484
317 PINHOLE 1920 1280 2055.556149361639 2055.556149361639 939.6574698861468 641.0721821943271
318 PINHOLE 1920 1280 2063.7008688972 2063.7008688972 970.7315379934879 639.9082229848484
319 PINHOLE 1920 1280 2055.556149361639 2055.556149361639 939.6574698861468 641.0721821943271
320 PINHOLE 1920 1280 2063.7008688972 2063.7008688972 970.7315379934879 639.9082229848484
321 PINHOLE 1920 1280 2055.556149361639 2055.556149361639 939.6574698861468 641.0721821943271
322 PINHOLE 1920 1280 2063.7008688972 2063.7008688972 970.7315379934879 639.9082229848484
323 PINHOLE 1920 1280 2055.556149361639 2055.556149361639 939.6574698861468 641.0721821943271
324 PINHOLE 1920 1280 2063.7008688972 2063.7008688972 970.7315379934879 639.9082229848484
325 PINHOLE 1920 1280 2055.556149361639 2055.556149361639 939.6574698861468 641.0721821943271
326 PINHOLE 1920 1280 2063.7008688972 2063.7008688972 970.7315379934879 639.9082229848484
327 PINHOLE 1920 1280 2055.556149361639 2055.556149361639 939.6574698861468 641.0721821943271
328 PINHOLE 1920 1280 2063.7008688972 2063.7008688972 970.7315379934879 639.9082229848484
329 PINHOLE 1920 1280 2055.556149361639 2055.556149361639 939.6574698861468 641.0721821943271
330 PINHOLE 1920 1280 2063.7008688972 2063.7008688972 970.7315379934879 639.9082229848484
331 PINHOLE 1920 1280 2055.556149361639 2055.556149361639 939.6574698861468 641.0721821943271
332 PINHOLE 1920 1280 2063.7008688972 2063.7008688972 970.7315379934879 639.9082229848484
333 PINHOLE 1920 1280 2055.556149361639 2055.556149361639 939.6574698861468 641.0721821943271
334 PINHOLE 1920 1280 2063.7008688972 2063.7008688972 970.7315379934879 639.9082229848484
335 PINHOLE 1920 1280 2055.556149361639 2055.556149361639 939.6574698861468 641.0721821943271
336 PINHOLE 1920 1280 2063.7008688972 2063.7008688972 970.7315379934879 639.9082229848484
337 PINHOLE 1920 1280 2055.556149361639 2055.556149361639 939.6574698861468 641.0721821943271
338 PINHOLE 1920 1280 2063.7008688972 2063.7008688972 970.7315379934879 639.9082229848484
339 PINHOLE 1920 1280 2055.556149361639 2055.556149361639 939.6574698861468 641.0721821943271
340 PINHOLE 1920 1280 2063.7008688972 2063.7008688972 970.7315379934879 639.9082229848484
341 PINHOLE 1920 1280 2055.556149361639 2055.556149361639 939.6574698861468 641.0721821943271
342 PINHOLE 1920 1280 2063.7008688972 2063.7008688972 970.7315379934879 639.9082229848484
343 PINHOLE 1920 1280 2055.556149361639 2055.556149361639 939.6574698861468 641.0721821943271
344 PINHOLE 1920 1280 2063.7008688972 2063.7008688972 970.7315379934879 639.9082229848484
345 PINHOLE 1920 1280 2055.556149361639 2055.556149361639 939.6574698861468 641.0721821943271
346 PINHOLE 1920 1280 2063.7008688972 2063.7008688972 970.7315379934879 639.9082229848484
347 PINHOLE 1920 1280 2055.556149361639 2055.556149361639 939.6574698861468 641.0721821943271
348 PINHOLE 1920 1280 2063.7008688972 2063.7008688972 970.7315379934879 639.9082229848484
349 PINHOLE 1920 1280 2055.556149361639 2055.556149361639 939.6574698861468 641.0721821943271
350 PINHOLE 1920 1280 2063.7008688972 2063.7008688972 970.7315379934879 639.9082229848484
351 PINHOLE 1920 1280 2055.556149361639 2055.556149361639 939.6574698861468 641.0721821943271
352 PINHOLE 1920 1280 2063.7008688972 2063.7008688972 970.7315379934879 639.9082229848484
353 PINHOLE 1920 1280 2055.556149361639 2055.556149361639 939.6574698861468 641.0721821943271
354 PINHOLE 1920 1280 2063.7008688972 2063.7008688972 970.7315379934879 639.9082229848484
355 PINHOLE 1920 1280 2055.556149361639 2055.556149361639 939.6574698861468 641.0721821943271
356 PINHOLE 1920 1280 2063.7008688972 2063.7008688972 970.7315379934879 639.9082229848484
357 PINHOLE 1920 1280 2055.556149361639 2055.556149361639 939.6574698861468 641.0721821943271
358 PINHOLE 1920 1280 2063.7008688972 2063.7008688972 970.7315379934879 639.9082229848484
359 PINHOLE 1920 1280 2055.556149361639 2055.556149361639 939.6574698861468 641.0721821943271
360 PINHOLE 1920 1280 2063.7008688972 2063.7008688972 970.7315379934879 639.9082229848484
361 PINHOLE 1920 1280 2055.556149361639 2055.556149361639 939.6574698861468 641.0721821943271
362 PINHOLE 1920 1280 2063.7008688972 2063.7008688972 970.7315379934879 639.9082229848484
363 PINHOLE 1920 1280 2055.556149361639 2055.556149361639 939.6574698861468 641.0721821943271
364 PINHOLE 1920 1280 2063.7008688972 2063.7008688972 970.7315379934879 639.9082229848484
365 PINHOLE 1920 1280 2055.556149361639 2055.556149361639 939.6574698861468 641.0721821943271
366 PINHOLE 1920 1280 2063.7008688972 2063.7008688972 970.7315379934879 639.9082229848484
367 PINHOLE 1920 1280 2055.556149361639 2055.556149361639 939.6574698861468 641.0721821943271
368 PINHOLE 1920 1280 2063.7008688972 2063.7008688972 970.7315379934879 639.9082229848484
369 PINHOLE 1920 1280 2055.556149361639 2055.556149361639 939.6574698861468 641.0721821943271
370 PINHOLE 1920 1280 2063.7008688972 2063.7008688972 970.7315379934879 639.9082229848484
371 PINHOLE 1920 1280 2055.556149361639 2055.556149361639 939.6574698861468 641.0721821943271
372 PINHOLE 1920 1280 2063.7008688972 2063.7008688972 970.7315379934879 639.9082229848484
373 PINHOLE 1920 1280 2055.556149361639 2055.556149361639 939.6574698861468 641.0721821943271
374 PINHOLE 1920 1280 2063.7008688972 2063.7008688972 970.7315379934879 639.9082229848484
375 PINHOLE 1920 1280 2055.556149361639 2055.556149361639 939.6574698861468 641.0721821943271
376 PINHOLE 1920 1280 2063.7008688972 2063.7008688972 970.7315379934879 639.9082229848484
377 PINHOLE 1920 1280 2055.556149361639 2055.556149361639 939.6574698861468 641.0721821943271
378 PINHOLE 1920 1280 2063.7008688972 2063.7008688972 970.7315379934879 639.9082229848484
379 PINHOLE 1920 1280 2055.556149361639 2055.556149361639 939.6574698861468 641.0721821943271
380 PINHOLE 1920 1280 2063.7008688972 2063.7008688972 970.7315379934879 639.9082229848484
381 PINHOLE 1920 1280 2055.556149361639 2055.556149361639 939.6574698861468 641.0721821943271
382 PINHOLE 1920 1280 2063.7008688972 2063.7008688972 970.7315379934879 639.9082229848484
383 PINHOLE 1920 1280 2055.556149361639 2055.556149361639 939.6574698861468 641.0721821943271
384 PINHOLE 1920 1280 2063.7008688972 2063.7008688972 970.7315379934879 639.9082229848484
385 PINHOLE 1920 1280 2055.556149361639 2055.556149361639 939.6574698861468 641.0721821943271
386 PINHOLE 1920 1280 2063.7008688972 2063.7008688972 970.7315379934879 639.9082229848484
387 PINHOLE 1920 1280 2055.556149361639 2055.556149361639 939.6574698861468 641.0721821943271
388 PINHOLE 1920 1280 2063.7008688972 2063.7008688972 970.7315379934879 639.9082229848484
389 PINHOLE 1920 1280 2055.556149361639 2055.556149361639 939.6574698861468 641.0721821943271
390 PINHOLE 1920 1280 2063.7008688972 2063.7008688972 970.7315379934879 639.9082229848484
391 PINHOLE 1920 1280 2055.556149361639 2055.556149361639 939.6574698861468 641.0721821943271
392 PINHOLE 1920 1280 2063.7008688972 2063.7008688972 970.7315379934879 639.9082229848484
393 PINHOLE 1920 1280 2055.556149361639 2055.556149361639 939.6574698861468 641.0721821943271
394 PINHOLE 1920 1280 2063.7008688972 2063.7008688972 970.7315379934879 639.9082229848484
395 PINHOLE 1920 1280 2055.556149361639 2055.556149361639 939.6574698861468 641.0721821943271
396 PINHOLE 1920 1280 2063.7008688972 2063.7008688972 970.7315379934879 639.9082229848484