1 -0.4990685494191545 0.5039118843415673 -0.5027382057979176 0.4942243339123264 1.5389142447125013 -0.02363394084116664 2.1152705729757884 1 000_0.jpg

2 -0.6473705643856411 0.6555426127014303 -0.2775132654708972 0.272326316736518 1.4929301892584952 0.09192224912137043 2.115210528450983 2 000_1.jpg

3 -0.498839153527999 0.5034605701656797 -0.5033295728590272 0.4943139632677468 1.6238615671158336 -0.02797357202121489 2.1155307850546423 3 001_0.jpg

4 -0.647378823970604 0.6551605943365351 -0.27815017533863584 0.2725761065503032 1.578035399421278 0.08764533254678059 2.1155662945913294 4 001_1.jpg

5 0.4986081852258356 -0.5030063850444113 0.5039698750649378 -0.4943569755322395 1.7072770597144378 -0.03237643566746785 2.114570920050538 5 002_0.jpg

6 -0.6474041815081366 0.6547587679671966 -0.2788330223527245 0.272783663699833 1.6616097372516507 0.08330521447691956 2.114717477040671 6 002_1.jpg

7 0.4985269814444101 -0.5024139749611928 0.5046036499582284 -0.494394784544146 1.7886801660646767 -0.03759721944886594 2.1150195743790143 7 003_0.jpg

8 -0.6475662037873035 0.6542269307638306 -0.2794546256077278 0.2730389111505595 1.7431693857796464 0.07814586577929529 2.115297242732084 8 003_1.jpg

9 0.49842633817039395 -0.5018516325084207 0.5050652917222525 -0.4945959719449819 1.8685180585189873 -0.04198825952992895 2.1148871828245275 9 004_0.jpg

10 -0.6476449015780842 0.6537830371544554 -0.2799238590522167 0.2734345532706581 1.8231613686180892 0.07381509653166986 2.1152384748744257 10 004_1.jpg

11 0.49826654187638775 -0.5014866884318885 0.5053888786435282 -0.494796560129111 1.9466650105682146 -0.04514826044654205 2.114527232274293 11 005_0.jpg

12 -0.6476169090233141 0.6535211560708524 -0.28028602628356514 0.27375569616918227 1.9014300785504321 0.0707026039008462 2.114912141756672 12 005_1.jpg

13 0.49810209126342914 -0.5011698963427008 0.5057150000208913 -0.49494987668724083 2.024365561680411 -0.04852526358957289 2.114014284825055 13 006_0.jpg

14 -0.6475857582860015 0.6532862798528679 -0.28065195367043533 0.27401496879205817 1.9792422039512412 0.06736897157478726 2.1144371830555686 14 006_1.jpg

15 0.4979859667467672 -0.5008601895709915 0.5059429655858215 -0.4951472134632509 2.1001919878432855 -0.0519750141869631 2.1137740660201083 15 007_0.jpg

16 -0.6475624899906425 0.6530739256881143 -0.28090879084722126 0.2743128148085434 2.055167468273421 0.06395758764593959 2.1142150532722215 16 007_1.jpg

17 0.4978924851833713 -0.5005238947366994 0.5062435799014552 -0.49527400679229167 2.1754307916792213 -0.055224745335114685 2.1143134256029956 17 008_0.jpg

18 -0.6475878064139092 0.6528109872649792 -0.2812246169122558 0.2745552088974081 2.1305059926224637 0.06074635703887206 2.1147990631964997 18 008_1.jpg

19 0.4978397921581383 -0.5002383618963562 0.5065474378202781 -0.49530477069063605 2.250030301957695 -0.05879030102314782 2.11367959163481 19 009_0.jpg

20 -0.6476526532518401 0.6525593109780249 -0.28152780537714905 0.274689790839163 2.2051839433977776 0.057210890100805406 2.1142252854494914 20 009_1.jpg

21 0.4978308910037227 -0.5000084767883262 0.5067560467764236 -0.49533245013605615 2.3246034120552226 -0.061829092860329136 2.1141818151924636 21 010_0.jpg

22 -0.6477224734713967 0.6523576069460786 -0.28172596217505563 0.2748010776110981 2.2798124829828765 0.05419329435552325 2.114772016489374 22 010_1.jpg

23 0.4979338463040427 -0.4998103621800235 0.5069428530598438 -0.4952377512810201 2.3991457085009653 -0.06470532578548172 2.1136313627996532 23 011_0.jpg

24 -0.6478885535720539 0.6521396449420617 -0.2818617677925315 0.2747876443765669 2.3543769650580995 0.051325266256698865 2.1142881130474076 24 011_1.jpg

25 0.49810326119806025 -0.49964146304727064 0.5071072929580545 -0.4950694325209283 2.4737799321808014 -0.06718469292550552 2.1130358476692366 25 012_0.jpg

26 -0.6481083019017373 0.6519212197955042 -0.28195173737796764 0.27469541309591244 2.4290112067474765 0.048845441200985856 2.113770148468614 26 012_1.jpg

27 0.4983179297205443 -0.49953090230308106 0.5071273492622848 -0.4949444112155515 2.5499866757101266 -0.06926925359585323 2.112806303108399 27 013_0.jpg

28 -0.6483157500270905 0.6517723185279095 -0.2818905952203359 0.2746219681560254 2.505194035754637 0.04675134682515994 2.113587125601354 28 013_1.jpg

29 0.4986247203185214 -0.4994279689265169 0.5070992978491615 -0.4947680206542231 2.629222504510191 -0.07109367577095721 2.1127889612279347 29 014_0.jpg

30 -0.6485909481111463 0.6516111301317893 -0.28175030002612556 0.2744986075590277 2.5843828854128637 0.04490840649172661 2.1136229096244894 30 014_1.jpg

31 0.49894338037638 -0.49950423695277063 0.5069092949341972 -0.4945644418618632 2.7118178286933707 -0.07218016579662068 2.112879192160217 31 015_0.jpg

32 -0.6488165732250267 0.6516050878292189 -0.281454303513102 0.27428331859149635 2.6668869087729705 0.04378643996372576 2.1137328803532793 32 015_1.jpg

33 0.4993734570839584 -0.49955657797659464 0.5068425490870427 -0.494145733762095 2.797985150841831 -0.0738979605895237 2.112725775744265 33 016_0.jpg

34 -0.649192855164605 0.6514972886407417 -0.2812308732763012 0.2738779210035728 2.7529425507233922 0.042024665249357246 2.113663322110718 34 016_1.jpg

35 0.49990300441508423 -0.4995173155663678 0.5067711817939405 -0.49372300627914323 2.886667019120047 -0.07595827752607397 2.112946355072128 35 017_0.jpg

36 -0.6496598031449563 0.6513031147665884 -0.2809664989299328 0.2735036002542799 2.841510957428726 0.03991937058588703 2.113981130685562 36 017_1.jpg

37 0.5004355539441093 -0.4994829101121764 0.5066012508346837 -0.49339259368910093 2.9782081557288693 -0.07722254531265275 2.112540838479249 37 018_0.jpg

38 -0.650092170086083 0.6511473884361629 -0.28060966440870183 0.2732132228973696 2.932936827725892 0.038609507795045864 2.1136418987419683 38 018_1.jpg

39 0.5010564621483896 -0.4994511764120185 0.5064818351680425 -0.49291692481066457 3.0728525423167454 -0.07832285608719106 2.113010921329849 39 019_0.jpg

40 -0.6506261932272622 0.6509402478250388 -0.2802664752359058 0.27278756076280225 3.02744468502449 0.03745470941245689 2.1142158375513667 40 019_1.jpg

41 0.5018313987913761 -0.49945137321917316 0.5063907108000923 -0.492221516181435 3.1708851620167717 -0.08060081740851785 2.112435797108657 41 020_0.jpg

42 0.6513148662842237 -0.6506809470778335 0.279891521351494 -0.2721469939988378 3.125297434549542 0.0351043538906869 2.113793161833128 42 020_1.jpg

43 0.5026312671659299 -0.49942984109748634 0.5062738179405755 -0.4915470113390829 3.272034035225624 -0.08189113992795441 2.1120367272472134 43 021_0.jpg

44 0.6520169409592642 -0.6504091873626684 0.27948349756575386 -0.2715341088791056 3.2262655455998113 0.033740815110677926 2.1135421611765386 44 021_1.jpg

45 0.5034851145723499 -0.4993141242371054 0.5061516468787747 -0.4909161385647292 3.3750160817409673 -0.08278726989209435 2.1119498162619412 45 022_0.jpg

46 0.6527669737127069 -0.6500664090906422 0.2790509927552282 -0.27099720523332643 3.329075941279375 0.032774539173967804 2.113605648302996 46 022_1.jpg

47 0.5042969876262857 -0.4994737058949856 0.5058237238453568 -0.49025801960375903 3.4808510668153314 -0.08309409724708933 2.111853255379059 47 023_0.jpg

48 0.6534010092407739 -0.6499675746426635 0.2784417363180661 -0.27033215219883133 3.434685226223344 0.03237626572139331 2.1136083731420716 48 023_1.jpg

49 0.5051365820601662 -0.4998336658537634 0.5054096597331498 -0.4894531803882607 3.5893766938968312 -0.08216059986898747 2.1124649542872405 49 024_0.jpg

50 0.6540291611048482 -0.6499993072948884 0.2777409080511954 -0.2694563878173075 3.5429321875502637 0.03319644501638634 2.114316987099456 50 024_1.jpg

51 0.5057887789108062 -0.5002290310676121 0.5050451692594816 -0.4887514753049194 3.7004209765173144 -0.08048895443679273 2.1128554571715825 51 025_0.jpg

52 0.654501394928627 -0.6501024814402088 0.2771560152750023 -0.2686619267009136 3.6537331293465933 0.03476862963629154 2.114780097449474 52 025_1.jpg

53 0.5063225213372784 -0.5006384598644397 0.504754294277912 -0.4880796444221272 3.813035608707401 -0.07884618138425767 2.113010263486041 53 026_0.jpg

54 0.6548910840421805 -0.6502301423428728 0.27668362656259976 -0.2678891577182491 3.766128644932231 0.03632120335034969 2.1150053180682025 54 026_1.jpg

55 0.5065959923959035 -0.501481114390546 0.5042388660072948 -0.48746318671844685 3.926170292946301 -0.07507238805332336 2.112619459435195 55 027_0.jpg

56 0.6549546161807209 -0.6507787384366612 0.27609782868156274 -0.2670046316820715 3.879004677886704 0.039989703757131095 2.1145917130326035 56 027_1.jpg

57 0.5069233448306729 -0.5024489421945354 0.503705276808024 -0.4866772822610761 4.039524197378597 -0.06979703335321218 2.112799875854439 57 028_0.jpg

58 0.6550621525908332 -0.6513800715397509 0.27547413654255004 -0.2659164882816959 3.9920582168746996 0.045141526484065525 2.1147691796238277 58 028_1.jpg

59 0.5074354349092869 -0.503212775895463 0.5030370855829209 -0.48604513381191927 4.150479921659089 -0.06487419121736941 2.1139864577752645 59 029_0.jpg

60 0.655290102640594 -0.6518491101307607 0.2746579010230103 -0.2650484038975703 4.102717885201395 0.04994204511157538 2.1159331854577395 60 029_1.jpg

61 0.5083063856536434 -0.5033990417175133 0.5026863310012345 -0.4853045185511221 4.2604607121826605 -0.062212911141510396 2.113778785611065 61 030_0.jpg

62 0.6559708391499042 -0.6517441360168581 0.27400513969362666 -0.2642972243026511 4.21245262035956 0.05249872885947032 2.11583615475398 62 030_1.jpg

63 0.5093485894949622 -0.5035911274288032 0.502436853997989 -0.48426975798524025 4.370013001636166 -0.06081461097271726 2.113211323618432 63 031_0.jpg

64 0.656849932228468 -0.6515354125002072 0.27338193320989895 -0.2632718963050563 4.321717232526574 0.05377272007549827 2.1154545911815 64 031_1.jpg

65 0.5104417762620292 -0.5039610552705218 0.502074253497257 -0.4831085714332327 4.478710790813155 -0.05879254930673572 2.1124327837381127 65 032_0.jpg

66 0.6577345448833494 -0.6514438117040436 0.2726335870903858 -0.2620632668838364 4.430074068379467 0.055646826348751705 2.114855288741332 66 032_1.jpg

67 0.5116520433575128 -0.5043700246948414 0.5014925408466027 -0.4820044566107515 4.585861969349402 -0.054679163797593584 2.1131089612788334 67 033_0.jpg

68 0.6586454956774774 -0.6514086445156453 0.271638099930577 -0.26089390859152983 4.53684785542885 0.05959604105824989 2.1156710291425265 68 033_1.jpg

69 0.5127308717266563 -0.5047725209750303 0.500859401004549 -0.48109418586416125 4.6910560681732 -0.05042175211542793 2.1129467416351226 69 034_0.jpg

70 0.6594142198461784 -0.651439467415184 0.2706443006751587 -0.25990607817158023 4.641696667289458 0.06370265794762708 2.1155997723846083 70 034_1.jpg

71 0.513793402915389 -0.5052689393815645 0.5002805094530584 -0.48004067523309113 4.795444029906083 -0.045849418293876856 2.11225018850882 71 035_0.jpg

72 0.6601888045260502 -0.6515041634873021 0.26970620425508257 -0.2587501318327994 4.745721152388555 0.0681143552166561 2.115018541560172 72 035_1.jpg

73 0.5149089175135135 -0.5059956615106436 0.49944204752249005 -0.47895181215234023 4.898191978356786 -0.03978623676244199 2.1126367276238054 73 036_0.jpg

74 0.6609154543927711 -0.6517678468735286 0.26850619729443387 -0.25747593662539414 4.84803995857833 0.07398769309191469 2.1154718286162315 74 036_1.jpg

75 0.5160271986668622 -0.506842055271525 0.49863385911149943 -0.4776937677966297 5.000290186016654 -0.03193552797539526 2.1133913222606417 75 037_0.jpg

76 0.6616568040404667 -0.652079478309122 0.2673323542810642 -0.2560000781046804 4.949680447094538 0.08163322290800012 2.116317608135358 76 037_1.jpg

77 0.5168496069362961 -0.507861803582676 0.49792846822162234 -0.47645578263467075 5.102785628147174 -0.023462024641652438 2.113282834579756 77 038_0.jpg

78 0.6621618213491351 -0.6525596300014941 0.26636346898369323 -0.2544762347074521 5.051747236297924 0.08991281554625088 2.1162825295325414 78 038_1.jpg

79 0.517682236490457 -0.5088351959172807 0.4971204479903457 -0.475355767407885 5.203382617891963 -0.014461221500660613 2.113581092638577 79 039_0.jpg

80 0.6626372352754626 -0.653047775463731 0.2652960001044076 -0.25309786588781397 5.15192390789269 0.09872244526861508 2.116618977078813 80 039_1.jpg

81 0.5187278681817293 -0.5095460767257277 0.4965243977454489 -0.4740756447114495 5.302401318869566 -0.006174910265876195 2.113827729036374 81 040_0.jpg

82 0.6633907668075809 -0.6532265844242282 0.26434681527577175 -0.2516515073856374 5.250532774023981 0.10681785883399125 2.1169991934844554 82 040_1.jpg

83 0.5199859487616691 -0.510217452984917 0.49602783182166754 -0.4724924907533519 5.401334551537557 0.0002896758842475533 2.1128814061024626 83 041_0.jpg

84 0.6643802992383614 -0.6532563223522091 0.26341037367603143 -0.24993993344534884 5.349015145413841 0.11306811684875867 2.1162685873016107 84 041_1.jpg

85 0.5213138085255941 -0.5106667226229563 0.4957941466637091 -0.4707861250929908 5.499927792500164 0.006214559195846361 2.112639145370669 85 042_0.jpg

86 0.6655337610438522 -0.6530355826166654 0.26269279970138343 -0.2481971670514916 5.447192096576741 0.11878959232107128 2.1163240188185326 86 042_1.jpg

87 0.5225330756489841 -0.5110158364993603 0.495406052194892 -0.4694622915084278 5.598941541188228 0.01338125519516603 2.112216976430103 87 043_0.jpg

88 0.6665267385915833 -0.6528638972696401 0.26187361415436605 -0.24684620433398302 5.545838178022216 0.1257762671239403 2.1161110891646344 88 043_1.jpg

89 0.5237758280124325 -0.5115449313071627 0.4946550076987164 -0.4682916704388663 5.699469170894176 0.022952343755631294 2.112445346606117 89 044_0.jpg

90 0.6674047737258595 -0.6529143704290116 0.2607081650332195 -0.2455706529295251 5.645951056173971 0.13514643192563228 2.1164538346623694 90 044_1.jpg

91 0.5250636243221734 -0.5125506977170052 0.49330590698003873 -0.4671715475305363 5.802487071661798 0.03588251951948551 2.1122317305580727 91 045_0.jpg

92 0.6681002313519111 -0.6534224925055379 0.2589685192779275 -0.24416476645570853 5.748433709764943 0.14782043353216068 2.116220148056107 92 045_1.jpg

93 0.5260711126282485 -0.5137030151449249 0.4921799315536291 -0.46595848706183546 5.909147859404229 0.04962215497717758 2.1128796980741 93 046_0.jpg

94 0.6686194364024632 -0.6540327479856692 0.25753963958686826 -0.2426160503112528 5.854591191054988 0.16131548150349773 2.116872284718846 94 046_1.jpg

95 0.5268199358734889 -0.51478739307028 0.49114443180373535 -0.4650073571572217 6.018644127490581 0.0634469378762937 2.112553454587824 95 047_0.jpg

96 0.6689311264669832 -0.6546780829254656 0.25629204326192756 -0.2413340927869009 5.963660727461231 0.17493209349054312 2.116510195529438 96 047_1.jpg

97 0.527891747029295 -0.5157931078837519 0.4899606101547249 -0.46392496567310204 6.129922738660265 0.07763777510017669 2.1129231457640394 97 048_0.jpg

98 0.6694878054761317 -0.6552009414106771 0.2547864602593361 -0.23996179771337237 6.074454579414114 0.18888300602519187 2.116866736295998 98 048_1.jpg

99 0.5293871200857887 -0.5167716947001317 0.4888305019933514 -0.4623213524865108 6.2434718565164795 0.09152910264613098 2.113113618137928 99 049_0.jpg

100 0.6704604188410204 -0.6555046575511106 0.2531719409160276 -0.23811853986856193 6.187425012598053 0.2024799711619205 2.1171665260292576 100 049_1.jpg

101 0.5304969578677379 -0.518066839851091 0.48760447655846645 -0.4608921799943271 6.360079131259063 0.10881956117824428 2.113638994667826 101 050_0.jpg

102 0.6710382246617105 -0.6561661772489101 0.2516109436469265 -0.23631669834041538 6.303471370568286 0.2194845350002194 2.1177126906011665 102 050_1.jpg

103 0.5314763374405901 -0.519180361442421 0.4864424399147809 -0.45973732465725214 6.479880100151064 0.12737553133279744 2.1135251767031873 103 051_0.jpg

104 0.6715175965531254 -0.656761962358584 0.2501594107650085 -0.2348363505169496 6.422784115227572 0.23778978626191666 2.117588526806726 104 051_1.jpg

105 0.5328313385060959 -0.5201679094017065 0.485082994346 -0.45848729462306675 6.606511795946527 0.1464610950850856 2.1145570671778624 105 052_0.jpg

106 0.672272282680635 -0.6572046589458076 0.2483850036752877 -0.23331717499687052 6.548868032310901 0.25659022688675365 2.118624110640982 106 052_1.jpg

107 0.5343664109874305 -0.5215035310054419 0.48343759032573325 -0.456918704166635 6.739707509456435 0.16725437065490042 2.1145394622919205 107 053_0.jpg

108 0.6730885204028918 -0.6578497388001682 0.2462757093505136 -0.23137380976743638 6.681392919603761 0.277029836569758 2.1186046429140126 108 053_1.jpg

109 0.5359086417282446 -0.5228089056743338 0.4815166105801767 -0.4556473741875093 6.879624839298767 0.1913660555898027 2.1155537436217173 109 054_0.jpg

110 0.6738067557385026 -0.6585762962145952 0.24390866169529068 -0.229717832863345 6.820644828559945 0.3007889111159451 2.1195245145485533 110 054_1.jpg

111 0.5375143061336926 -0.5239646310682934 0.4795909039635149 -0.4544579198633699 7.029850309589529 0.2195567299454604 2.116019503865725 111 055_0.jpg

112 0.6745817729866589 -0.6591946969618894 0.2415144719117813 -0.22819409043327998 6.970224433403871 0.3286324556968549 2.119893899418469 112 055_1.jpg

113 0.5387029568493695 -0.5255184695799455 0.47697053750436097 -0.4540138420410762 7.189233415106988 0.2526930682257312 2.1187598159617296 113 056_0.jpg

114 0.6747056817870208 -0.6604564708137183 0.2386304340260758 -0.22721137533390814 7.128968857568848 0.36143022662383034 2.1222503013490344 114 056_1.jpg

115 0.5403918513292687 -0.5272638599958712 0.4746307790914966 -0.4524324176030922 7.3577387418740665 0.28570437305114693 2.119958280559963 115 057_0.jpg

116 0.6754046878024317 -0.661473058871852 0.2358172772418213 -0.22510466862210834 7.296672306577185 0.39399740537929995 2.123316796497901 116 057_1.jpg

117 0.5421991639540109 -0.5291352691654597 0.47266150114079925 -0.4501411321708941 7.5361912496303285 0.3191086016546275 2.121644738250027 117 058_0.jpg

118 0.6763558717045192 -0.6623434934510882 0.2333019354931826 -0.22229268631460447 7.4742651198987335 0.4269108854467963 2.1250494505225004 118 058_1.jpg

119 0.543942219250893 -0.530661532770932 0.47097915453158445 -0.4479998166856012 7.72214763396376 0.3537469662845489 2.1225274300798795 119 059_0.jpg

120 0.677354243383311 -0.6629513987158482 0.23107888480419675 -0.21974808510877025 7.6594567080881655 0.46110354452261926 2.1260178343363756 120 059_1.jpg

121 0.5460570357609823 -0.5320705789859904 0.46974571854170855 -0.4450410908951851 7.915572780970322 0.38936720501443056 2.123197620493731 121 060_0.jpg

122 0.6788699861849213 -0.6631480970122328 0.2291329721979968 -0.21649070265960815 7.852055671046369 0.49622598359993436 2.1270118289466833 122 060_1.jpg

123 0.5482197944248026 -0.5340053360583931 0.46816683680832416 -0.44171616562548144 8.116479530685766 0.4263282048322511 2.124493510428787 123 061_0.jpg

124 0.6803025559485516 -0.663693642716915 0.22684530842320347 -0.21269787735988718 8.052003522617316 0.5325999886778026 2.1286071878397683 124 061_1.jpg

125 0.5500691753443452 -0.5358711920087817 0.46595607379834536 -0.4394893687013488 8.320732256389896 0.4713836222743511 2.1248141935581306 125 062_0.jpg

126 0.6812021521384611 -0.6645817035389481 0.22409036986873448 -0.20994831119895263 8.255388206359171 0.5771239560593994 2.1289259981021953 126 062_1.jpg

127 0.5514693385812485 -0.5371607172558369 0.4636315199677113 -0.4386179956800507 8.5070020701544 0.5169558606958162 2.1268916420206225 127 063_0.jpg

128 0.6816355382314316 -0.6654405666879479 0.22140265546042223 -0.20866889893092047 8.44102996818144 0.6223145540933634 2.1307643009045 128 063_1.jpg

129 0.5526489189858447 -0.5388432569958879 0.4608021151728359 -0.4380508274002927 8.719603307737401 0.5703632169992682 2.129742569558281 129 064_0.jpg

130 0.6816734601975671 -0.6667745135597779 0.218327240868184 -0.2075241133562156 8.65296509808616 0.6753161607660003 2.133206470419204 130 064_1.jpg

131 0.5537477952409503 -0.5406551700888026 0.45853488210808513 -0.43680788478707544 8.939973970807651 0.6237648767889163 2.1324328554921395 131 065_0.jpg

132 0.6818503095088063 -0.667979010830571 0.21580187640430937 -0.20570305455421958 8.872658222183139 0.7282914017628779 2.1356833268409288 132 065_1.jpg

133 0.5551086082243978 -0.5418476107078175 0.4573649172139261 -0.4348251744635998 9.168734627230998 0.6743615998853043 2.133680645989462 133 066_0.jpg

134 0.6826851219434122 -0.668339020329113 0.21419900966381705 -0.20342753609496947 9.100821803617443 0.7784966472951526 2.1370733277874976 134 066_1.jpg

135 0.5568971430090509 -0.5421641378464784 0.45670820142484386 -0.4328293410720043 9.40410377385647 0.7220068685123476 2.1352427332821646 135 067_0.jpg

136 0.6841095817508587 -0.6678851211431087 0.2129173135375552 -0.2014690117816407 9.335695030559323 0.8258065558572598 2.1389358007881447 136 067_1.jpg

137 0.5589202117997099 -0.5423578751148619 0.45578577107252377 -0.43094716965132057 9.644640596559938 0.7703233809668333 2.1371182383053453 137 068_0.jpg

138 0.6856517752124959 -0.6673585760653068 0.21130234471847717 -0.19966344987631834 9.575708624114618 0.8737669370606941 2.1410658803172185 138 068_1.jpg

139 0.5610496199600105 -0.5427973889703847 0.45481430553064495 -0.42864701789973764 9.891161025237567 0.8240578803258292 2.1390940299862264 139 069_0.jpg

140 0.6872763610328002 -0.66690363620708 0.2096002594337592 -0.1973790131310508 9.821623370738894 0.9270830297324548 2.143348815123653 140 069_1.jpg

141 0.561912280990429 -0.5444297508872091 0.45347555277063917 -0.42686152070711153 10.14526003681822 0.8855927476056995 2.141629656620727 141 070_0.jpg

142 0.6875844021605991 -0.6677438336868493 0.20802473763676044 -0.19511937630537368 10.075142677531117 0.9882229761445218 2.1459147606652436 142 070_1.jpg

143 0.561950965099041 -0.5465756967489327 0.4522269264641222 -0.4253903237363171 10.405747364466457 0.9554498664083362 2.144067330270597 143 071_0.jpg

144 0.6871594683529054 -0.6691773859099969 0.20683819653090965 -0.19295453271549867 10.335126979888798 1.0577377205765652 2.1482775763159827 144 071_1.jpg

145 0.562044658421418 -0.5487579395351587 0.4507709654740438 -0.42400007361164116 10.672366103024853 1.0266095997524631 2.146114701089477 145 072_0.jpg

146 0.6867075690934203 -0.6706737417703481 0.20543867924364317 -0.19085176373351412 10.60122085302092 1.128538002571176 2.1502042121487603 146 072_1.jpg

147 0.5628173465572998 -0.5505362398769608 0.4492833196392926 -0.42224516775237964 10.944230192623898 1.0972586230742092 2.1474905659296337 147 073_0.jpg

148 0.6868761669936085 -0.6716597795621406 0.20375788611819848 -0.1885656267174593 10.872492818219872 1.1987714959287508 2.151571712635425 148 073_1.jpg

149 0.5638235531655085 -0.5518481231104484 0.4479578628275958 -0.42059529603435797 11.221270927526225 1.168442051306842 2.1488584011401017 149 074_0.jpg

150 0.6873219284895496 -0.672253656718953 0.20214303507764714 -0.1865523546219658 11.148994147234395 1.2695700590820413 2.1529770264041472 150 074_1.jpg

151 0.5641482066099338 -0.5529811536487705 0.44713861724174214 -0.4195422525315096 11.503149796744557 1.2442432292671233 2.149145095242644 151 075_0.jpg

152 0.687321530085605 -0.6729067573914965 0.20125414130474792 -0.18515501814785573 11.43053533565649 1.3451291193863577 2.1532617948599855 152 075_1.jpg

153 0.5638200493522144 -0.5546494323630937 0.4461827151686091 -0.41879821371697906 11.791862609429646 1.3231881310541358 2.150324330660972 153 076_0.jpg

154 0.6866621695357997 -0.6741702414453435 0.20047978428967708 -0.18384070977093234 11.718940224249158 1.4238571196032423 2.1543055973046794 154 076_1.jpg

155 0.5642731279915613 -0.5561055842073402 0.44537384176586065 -0.41711456137463004 12.08719469823946 1.4011918224737798 2.1496630873232467 155 077_0.jpg

156 0.6867879675524858 -0.6748875878233049 0.1995499295546077 -0.18173843028351902 12.013829709564423 1.5015347776270633 2.1537422769263173 156 077_1.jpg

157 0.5653427318394627 -0.5572990504374257 0.44481165756429075 -0.4146660743691786 12.38790298334509 1.4798981486316722 2.1489088400491547 157 078_0.jpg

158 0.6875824617026358 -0.6750775908986419 0.19861906497359133 -0.17902813090250808 12.314011870165189 1.5798410581405151 2.1533006770158925 158 078_1.jpg

159 0.5657433048230767 -0.5584837776001182 0.44370677392964414 -0.4137084504506919 12.690499755919697 1.5631671255209594 2.1479993958423713 159 079_0.jpg

160 0.6875451288347729 -0.6758127670177617 0.19743668178312865 -0.1777007496828295 12.616241245812702 1.6628401000589694 2.152328578609873 160 079_1.jpg

161 0.5666783677125449 -0.5586214123038801 0.4425578817385492 -0.4134734170334928 12.994421789888074 1.6505950870180333 2.146313477898069 161 080_0.jpg

162 0.6879842361984123 -0.6758471674849007 0.19602054543673597 -0.1774379968096134 12.919912309386195 1.750085563204478 2.1505268451422768 162 080_1.jpg

163 0.5672472490538204 -0.559759003270608 0.4393418675323603 -0.41458309195087345 13.300064116261161 1.7445569575575723 2.1478984565970674 163 081_0.jpg

164 0.6873023480062443 -0.6772994004378577 0.19281986057066217 -0.1780491672576212 13.225158761983398 1.8437790594412877 2.151352786966373 164 081_1.jpg

165 0.5674726295003519 -0.5611834962098835 0.4362243486869582 -0.41563952646764346 13.60946436714603 1.8451051581602438 2.149792302522591 165 082_0.jpg

166 0.6863386255137481 -0.6789979973906036 0.18983720957574576 -0.1785016653366103 13.534177911253193 1.9440621229366841 2.1524827822809844 166 082_1.jpg

167 0.5673999375200035 -0.5620909659852814 0.4349849450302138 -0.4158114409886906 13.928609216671559 1.9443841813545704 2.151670042305433 167 083_0.jpg

168 0.6858059606513214 -0.6798968101929783 0.18870984128790302 -0.17832304289021608 13.853130188679183 2.04320170369261 2.15407495650292 168 083_1.jpg

169 0.5669625490798682 -0.5626681095856422 0.43464567841644436 -0.41598221191546975 14.25497381075095 2.0367715742428154 2.153549178003503 169 084_0.jpg

170 0.6852718256759559 -0.6804934959994939 0.18855554280384126 -0.17826366459567097 14.179463238153868 2.1355681755091203 2.1558196414556603 170 084_1.jpg

171 0.5672214371675953 -0.5628447588884529 0.43506712212574006 -0.4149484520450145 14.5830630836667 2.1235209750046073 2.1535425987226424 171 085_0.jpg

172 0.6856751206858129 -0.680273713997609 0.18884745886710524 -0.17723978164010468 14.507450895818291 2.2222337499107625 2.15606353487889 172 085_1.jpg

173 0.5682598662516672 -0.56256977127935 0.43538385939631596 -0.4135660428849376 14.910434453064342 2.2077682464690027 2.152301403543397 173 086_0.jpg

174 0.6867648481915047 -0.6795050621439939 0.1887530842599065 -0.17606585981262585 14.834643450493598 2.3063342231072097 2.155172323026359 174 086_1.jpg

175 0.5695004883350776 -0.5614417394745185 0.43612011963413194 -0.4126155695223405 15.236345336086691 2.2911333306014963 2.1524881713926236 175 087_0.jpg

176 0.6881974541633484 -0.6781092382751235 0.1889776294048772 -0.17561201733802478 15.160524859784664 2.389664258352516 2.155756450734555 176 087_1.jpg

177 0.5699714099917794 -0.5605025276739094 0.43595252513095795 -0.41341855799550514 15.555995259148501 2.3783562136529257 2.1527822181256053 177 088_0.jpg

178 0.6885681617655949 -0.6775377922671013 0.18865248567368986 -0.1767106853071151 15.480281498925267 2.4769723588720662 2.1559527724897882 178 088_1.jpg

179 0.5701149925370284 -0.5603816500363299 0.4353401165414286 -0.4140293280877088 15.873802122666222 2.4666504911116873 2.1547641964685864 179 089_0.jpg

180 0.6884691409598873 -0.6776506176868208 0.18803221538370488 -0.17732390778606608 15.798083066395554 2.565268638682281 2.157740013536893 180 089_1.jpg

181 0.5691250043294792 -0.5617962129590726 0.4341271846993364 -0.414747311090552 16.192705213585015 2.5626860717055555 2.1584047104918347 181 090_0.jpg

182 0.6870918459823969 -0.6792229075793325 0.18726997372929968 -0.17745701998908653 16.116891815910556 2.6612440352836346 2.1609397742772862 182 090_1.jpg

183 0.5674443435855572 -0.5636560041178402 0.4329168629485356 -0.41579059119882006 16.510488464644116 2.663376728695325 2.1613014810404976 183 091_0.jpg

184 0.6850725315538558 -0.681328920941489 0.1867661229540688 -0.17772153306733285 16.434637352083175 2.761918257437282 2.1632878940050713 184 091_1.jpg

185 0.5664141390583507 -0.5646277470480207 0.43149231956259404 -0.41735465553502094 16.82422893318838 2.762863036452968 2.1635593621552003 185 092_0.jpg

186 0.6835745663627315 -0.6828054275136934 0.18582615938766078 -0.1788049184644468 16.74839316794116 2.861426653792178 2.1649450195364657 186 092_1.jpg

187 0.5667569308177635 -0.5646608390705542 0.4301564918008841 -0.41822256126579593 17.135332288982486 2.853650617872913 2.1648247687544764 187 093_0.jpg

188 0.6833883181111671 -0.6831532817724066 0.18445988190136325 -0.1796010919836402 17.0594104257714 2.9521523243192234 2.165851663939944 188 093_1.jpg

189 0.5681201908964255 -0.5637281787415083 0.4297972569653597 -0.4180003673367329 17.446563877554038 2.936639378617802 2.1665205063924198 189 094_0.jpg

190 0.6845208953405146 -0.6822047550558428 0.18362225036837226 -0.1797517320947772 17.37054174300979 3.0350627979266744 2.167632077751545 190 094_1.jpg

191 0.5691718435581687 -0.5626956259258776 0.4308006182160881 -0.4169266990840435 17.75979398218716 3.0167776199456693 2.168552911308776 191 095_0.jpg

192 0.6858786347402224 -0.6808527449638039 0.18416446993998786 -0.17914654921004072 17.683764723891414 3.1151894266659816 2.1701143789014097 192 095_1.jpg

193 0.5697288804076772 -0.562337355067504 0.4312819783282219 -0.4161508826067702 18.07332768400418 3.0980020019722687 2.17104149243938 193 096_0.jpg

194 0.6865800303232719 -0.6802339038655292 0.18440388553980008 -0.1785634480821359 17.997250588102524 3.196372437429283 2.172858882647334 194 096_1.jpg

195 0.5695495705141511 -0.5628390205127911 0.4312766612133118 -0.4157234239347673 18.38595925511193 3.1856312364826143 2.1739369403531024 195 097_0.jpg

196 0.6864135639883882 -0.6805392194415348 0.18446260391638225 -0.17797847547120169 18.30980771755899 3.283943318292374 2.1757937921387795 196 097_1.jpg

197 0.5688374624215562 -0.5638371965794734 0.4311801216609477 -0.4154458566211188 18.696044325713586 3.277853490415751 2.176194440766513 197 098_0.jpg

198 0.6857173804757533 -0.681359926057325 0.1846331809110236 -0.1773440548293199 18.61982761824412 3.3761159797378992 2.178001840757778 198 098_1.jpg

199 0.5677538861985888 -0.5651529805070792 0.43033169806699295 -0.4160195463787049 19.00338436561666 3.3720948192573754 2.1786355274228355 199 099_0.jpg

200 0.684390440990668 -0.6827886331157534 0.18424439545317542 -0.17737928152017596 18.927115438692468 3.4703226481323033 2.1800896320786833 200 099_1.jpg

201 0.5675139092027346 -0.5655315829396494 0.4296317299422457 -0.4165556003537079 19.307993491062824 3.4640291485102885 2.180581829281405 201 100_0.jpg

202 0.6839027683347578 -0.6833358624309953 0.18368332456804418 -0.17773446164256648 19.231693074441743 3.562235760320336 2.1817974855816 202 100_1.jpg

203 0.5674256403557121 -0.5657793190243467 0.4287689886410754 -0.4172278265060541 19.610800410699103 3.5530851345348045 2.182584248822315 203 101_0.jpg

204 -0.6834943587535315 0.6838118542205703 -0.18291548773768576 0.17826590791626135 19.53446384423472 3.651266678316313 2.1835239727757862 204 101_1.jpg

205 0.567480151626001 -0.5659118221854008 0.42883761273045123 -0.4169033328350561 19.914290340627222 3.6385937543132068 2.1842713091888992 205 102_0.jpg

206 -0.6835722533441003 0.6838139406205869 -0.1829576274613517 0.17791564187762407 19.837910122622247 3.736740718935886 2.185274121667314 206 102_1.jpg

207 0.5674381054178935 -0.5661517276002495 0.42976847008495755 -0.4156744880021378 20.21976695832389 3.7215880760545734 2.1841251682995035 207 103_0.jpg

208 0.6838878349305667 -0.6835824634732196 0.18383390990207216 -0.1766848562723564 20.143339681411735 3.8196941539822227 2.1854811983311557 208 103_1.jpg

209 0.5674127981272302 -0.5664315282665165 0.43037397574560193 -0.41470023065825484 20.524106467384854 3.8031826280183694 2.184924041482447 209 104_0.jpg

210 0.6840958577007472 -0.6834813031985215 0.18440224050442888 -0.1756757790695018 20.44761949941712 3.9012383362208687 2.1865339545263307 210 104_1.jpg

211 0.5676885230427038 -0.5662743019373081 0.43059013641494975 -0.4143130340614 20.824505095813844 3.8878734372299832 2.1850093449164083 211 105_0.jpg

212 0.6844347710716243 -0.6831923270679136 0.18450012618677797 -0.17537671402077712 20.747990431986395 3.9859054460246996 2.1867418203260653 212 105_1.jpg

213 0.5675917481233029 -0.5664460306348479 0.42993014419542314 -0.4148958579601157 21.12144841416943 3.975264050108113 2.1855806197346657 213 106_0.jpg

214 0.684094841307362 -0.6835655520196191 0.1839238490915796 -0.1758533534627835 21.04491678957506 4.073286510238103 2.1870898403980386 214 106_1.jpg

215 0.567493747630725 -0.566710218276328 0.42899078898859627 -0.4156408038970349 21.41568504077192 4.064783406081879 2.1864771957358533 215 107_0.jpg

216 -0.683648340386437 0.684083532326897 -0.1830885806604026 0.17644613659070318 21.339115521118163 4.162780458940043 2.187683964606487 216 107_1.jpg

217 -0.5669941156821383 0.5672807923463586 -0.42841976411781524 0.41613300894059485 21.71004477830246 4.1541155495396165 2.1882771091994746 217 108_0.jpg

218 -0.6829680408595318 0.6847928579172035 -0.18274300127159024 0.1766872728759297 21.63345897750512 4.252102442232967 2.1892538264215897 218 108_1.jpg

219 -0.5663400643955231 0.5680883210428607 -0.42810281642399034 0.41624820663280454 22.00514553080061 4.241487531352371 2.1886578906924936 219 109_0.jpg

220 -0.6822413290410674 0.6855823325382557 -0.18268899831559166 0.17648899159473955 21.92852351165192 4.339447410210922 2.189493543488673 220 109_1.jpg

221 -0.5661691541922506 0.5682884066753146 -0.42801080071562897 0.41630221011955953 22.298322869467427 4.327002259121538 2.1893431226257665 221 110_0.jpg

222 -0.6820478729808883 0.6857873725644723 -0.18266644961793815 0.176463443175466 22.22169387727382 4.424957032448826 2.1901368088308484 222 110_1.jpg

223 -0.5661767941603028 0.5683763551454452 -0.4276818252174393 0.41650979945809297 22.5893368060357 4.411685399882681 2.190104595094943 223 111_0.jpg

224 -0.6819307305960107 0.685944664590846 -0.182358207913704 0.17662355390673434 22.5126858131199 4.509623679654816 2.1908036232039207 224 111_1.jpg

225 -0.5668283993483031 0.5680185250520565 -0.4273990646295332 0.4164019217579657 22.87869550061786 4.493672903745206 2.1902222187305886 225 112_0.jpg

226 -0.6824304769190188 0.685571618559133 -0.18185433182925703 0.176661263420212 22.801977152070826 4.591558304579701 2.1909386680911336 226 112_1.jpg

227 0.5676078637374633 -0.5674520274550614 0.4273814083566147 -0.41613055806038823 23.167229248898682 4.574270599527822 2.1912530771778447 227 113_0.jpg

228 -0.6831490673377728 0.6849455904554635 -0.1815495560351124 0.17662573032998674 23.09046203877617 4.672116855234276 2.192075083402241 228 113_1.jpg

229 0.5675067161046302 -0.567461535752129 0.4275273035759001 -0.41610568046482366 23.45567801101026 4.656647679642242 2.19189956387344 229 114_0.jpg

230 -0.6831099040278663 0.6849458220629026 -0.18172259437263505 0.17659835376382427 23.37893192235543 4.754510300154944 2.192745366788936 230 114_1.jpg

231 -0.5671425562972597 0.5678326408043634 -0.42754402310797635 0.4160787439636858 23.743475463708208 4.74069195020624 2.193654649364489 231 115_0.jpg

232 -0.682778097476997 0.6852796270825176 -0.18187205206771556 0.1764325904928458 23.666727402388688 4.838553250366937 2.1944738041439953 232 115_1.jpg

233 -0.5668668240443859 0.5683021776726286 -0.4270588745803997 0.4163116096057156 24.028798623785825 4.82607706181616 2.1944501195155057 233 116_0.jpg

234 -0.6823391588404495 0.6857990731538611 -0.18152271667408432 0.1764721136765611 23.952005524874753 4.923904207498312 2.1951130880801446 234 116_1.jpg

235 -0.5668751449884935 0.5684218290688482 -0.4268026326143598 0.4163996962363823 24.313161935146738 4.909355330051185 2.195766680823836 235 117_0.jpg

236 -0.6822504717790044 0.6859415247733672 -0.18128136036728812 0.17650945224632927 24.236339254079905 5.007159656514696 2.1963661795503753 236 117_1.jpg

237 -0.5669503316445016 0.5683942425519601 -0.4267318243558343 0.4164075606469155 24.596768539759914 4.990962684401416 2.1960794288041745 237 118_0.jpg

238 -0.6822937351035873 0.6859185632636141 -0.18118775169792561 0.17652756794174135 24.519934932228438 5.088758479506265 2.1966703717031857 238 118_1.jpg

239 -0.5669833699115594 0.5683905987139017 -0.42690730572962055 0.4161876233768375 24.87619255084586 5.07004127926571 2.196601960440564 239 119_0.jpg

240 -0.6823912143639178 0.6858340266074334 -0.18133792753423755 0.17632491186431862 24.799351937906685 5.167831130011654 2.197261728746706 240 119_1.jpg

241 -0.5664489609055973 0.5688693704999166 -0.4271107556015148 0.4160524203096295 25.145636755956424 5.148137176906946 2.1972882969664105 241 120_0.jpg

242 -0.6819717694921953 0.6862280939457843 -0.18172346622623178 0.1760173017573655 25.0688081165771 5.245936363157878 2.197958625078115 242 120_1.jpg

243 -0.5658526379292506 0.5693769030244019 -0.42716068921977673 0.41611834859344354 25.40584680714269 5.225294083899848 2.1981435518281196 243 121_0.jpg

244 -0.6814363482721258 0.6867230570274987 -0.18198982841261452 0.1758853278551221 25.329037745521372 5.3231090012113205 2.198759996636566 244 121_1.jpg

245 -0.5652640283407072 0.5698474174937374 -0.4270881991615539 0.41634861495709985 25.65522920591236 5.299361913703984 2.1983812982673676 245 122_0.jpg

246 -0.6808614390086631 0.6872444136859115 -0.18214016273869374 0.17591980515587907 25.578446471253656 5.39719808041243 2.1988971879149632 246 122_1.jpg

247 -0.5647421573243819 0.5701706147064546 -0.4272013089861875 0.41649826826333225 25.89517291077523 5.368798768291121 2.19755470682754 247 123_0.jpg

248 -0.6804184266255351 0.6876001383537321 -0.182438446335104 0.1759347258024781 25.818435186801892 5.466670473050678 2.1980249480951572 248 123_1.jpg

249 -0.5645107775274216 0.5702146444531205 -0.42751555935682783 0.4164292110484157 26.125112114120842 5.433490290049684 2.1970160868128312 249 124_0.jpg

250 -0.6803215970886624 0.6876166815906422 -0.18281605933432027 0.17585252964480078 26.04841734941688 5.53139539910146 2.1975382827184484 250 124_1.jpg

251 -0.5644363607376351 0.5701025307456992 -0.42742119557083447 0.4167803026672468 26.344172218047408 5.495787240224279 2.197092618542159 251 125_0.jpg

252 -0.6802154447955971 0.6876432769686133 -0.18275740005871102 0.17621976343524903 26.267520926482838 5.593726756057824 2.1975406584668544 252 125_1.jpg

253 -0.5645094919817665 0.5698539432743788 -0.4273400434697201 0.4171043083503536 26.55382435393481 5.5562768827478894 2.196393474536536 253 126_0.jpg

254 -0.680251400558075 0.6875334175027751 -0.18265659781653606 0.17661370028913465 26.477214363888624 5.654248941196376 2.1967874142394423 254 126_1.jpg

255 -0.5642235170432821 0.5700146183577913 -0.42717180506567953 0.4174438963868797 26.756698304039794 5.615437784019348 2.196530939353998 255 127_0.jpg

256 -0.6799211560409303 0.6878080607096675 -0.18260691565590922 0.17686720313672352 26.680116945346743 5.713432596266574 2.1968177726808533 256 127_1.jpg

257 -0.5639382550399761 0.5702074547621667 -0.4270761163366579 0.4176638527463396 26.953006602427532 5.67237683589326 2.196282892315888 257 128_0.jpg

258 -0.679619327968608 0.6880682394767212 -0.1826239336567833 0.17699764329116288 26.87644608419373 5.770388123838398 2.1964938025023315 258 128_1.jpg

259 -0.5638156899216349 0.5702051475362179 -0.4271225748291004 0.41778494897824003 27.142230741441153 5.726794152335824 2.1961829408132885 259 129_0.jpg

260 -0.679522322111638 0.6881114737399974 -0.18271298663578484 0.1771100730450072 27.065699037077408 5.824827979129648 2.196375376098251 260 129_1.jpg

261 -0.5638446975339265 0.5700554932137211 -0.4273076950895943 0.41776072749476384 27.325816853041694 5.776743190814964 2.195266038574516 261 130_0.jpg

262 -0.6796187254081844 0.6879647009697143 -0.1828746720052864 0.17714348035749275 27.249313345656514 5.8747989282431785 2.195502079195005 262 130_1.jpg

263 -0.5635326064571451 0.570073582184686 -0.42742210445631185 0.4180400183916301 27.501632640876316 5.826405927271606 2.19484342252532 263 131_0.jpg

264 -0.6793703999490539 0.6880861344656509 -0.1830976519957647 0.17739385858258588 27.425196897921534 5.924514592884809 2.195035595746109 264 131_1.jpg

265 -0.563330879358732 0.5701096525245467 -0.4274139504641168 0.4182709880064787 27.67030867984193 5.875443672693942 2.195543906200057 265 132_0.jpg

266 -0.6791788893359256 0.6882056217230067 -0.18316554693042328 0.17759347095810488 27.59391108027533 5.973582131598364 2.195684135748806 266 132_1.jpg

267 -0.5635173589421205 0.5699926508847475 -0.4271281532808744 0.41847115167373916 27.830305355070983 5.92168618799004 2.1944802738025815 267 133_0.jpg

268 -0.6792440472788122 0.6881705003607788 -0.1828316756756729 0.17782425323650228 27.753892328096658 6.019812708936467 2.1945523541134944 268 133_1.jpg

269 -0.5636327968101541 0.5699090434750237 -0.42673849784899665 0.41882694156289574 27.984234994647267 5.966511979782471 2.1945529713715795 269 134_0.jpg

270 -0.6792035739719905 0.6882238379831837 -0.1824280177257456 0.1781866220680625 27.907815241639582 6.064633278813074 2.19450795146665 270 134_1.jpg

271 -0.5636569386448889 0.5696136380706962 -0.42693297123403934 0.4189980870059107 28.132228862676183 6.007964524580854 2.1946023833922434 271 135_0.jpg

272 -0.679298021589546 0.6880149367091092 -0.18260125778631334 0.1784556678409109 28.055872568802553 6.106135221214236 2.194575767607703 272 135_1.jpg

273 -0.5634822907325732 0.5695754152475203 -0.42712973376228114 0.4190844126337192 28.27570745889763 6.047466576838107 2.1948085762266087 273 136_0.jpg

274 -0.6792091191509517 0.6880126569715269 -0.18284934864067667 0.17854879448164426 28.199400300601347 6.14567547347896 2.1947939703401733 274 136_1.jpg

275 -0.563299084736457 0.5696664203785575 -0.42716836727522434 0.41916762354405385 28.411336508735985 6.085816398704617 2.1949050685051135 275 137_0.jpg

276 -0.6790530476669169 0.6881281658538587 -0.18295323054769413 0.17859087671277724 28.335050325155443 6.184041583666303 2.194869940755149 276 137_1.jpg

277 -0.5634428441908327 0.5695408267393262 -0.4270561724278161 0.41925938701302007 28.540159425333144 6.122563447337969 2.195046173874929 277 138_0.jpg

278 -0.6791440863840182 0.6880455008443627 -0.18279626507280194 0.1787238768964043 28.463869563218346 6.220785764954465 2.1949890726593306 278 138_1.jpg

279 -0.5634772057326151 0.5694464167460669 -0.42683921320045837 0.419562275650758 28.662900043376574 6.15747960464309 2.1943656253696764 279 139_0.jpg

280 -0.6790932658774869 0.6880699345969714 -0.18258308528598335 0.17904054934851937 28.586624592124966 6.255713031348568 2.1942262910126726 280 139_1.jpg

281 -0.5632954387605191 0.5694621153551479 -0.42685793913095915 0.4197659438874297 28.780288402835804 6.191261093861538 2.1945361360572315 281 140_0.jpg

282 -0.6789304937168037 0.688160500180934 -0.18266853601667157 0.17922253385584638 28.704051272764975 6.2895241974646305 2.194355944905529 282 140_1.jpg

283 -0.5631284746571306 0.5695435847025331 -0.426798075093281 0.4199402686706673 28.891846976354778 6.223664733479567 2.1946403039686455 283 141_0.jpg

284 -0.678752169975845 0.6883006742469234 -0.1826751516103708 0.17935289952615924 28.815629396978796 6.321942894475213 2.194408646075046 284 141_1.jpg

285 -0.5632376676204157 0.5695291278363301 -0.42660291080447793 0.42001173651774293 28.996497225413698 6.253803103312757 2.1953866925899934 285 142_0.jpg

286 -0.6787801237752402 0.6883129936101804 -0.18245349180680318 0.17942544335340638 28.920258012248738 6.352064382427503 2.1951157632240723 286 142_1.jpg

287 -0.5633022141281865 0.5694250492202173 -0.4267360548536102 0.41993102810677413 29.096459330583937 6.281179606898757 2.195478463531987 287 143_0.jpg

288 -0.6788903330323673 0.6881871299604315 -0.18255336017579252 0.17938968911437705 29.020229459556408 6.379448245350051 2.195251615443506 288 143_1.jpg

289 -0.5631001279129444 0.5694442783596585 -0.42702788219702675 0.4198793250616134 29.191656382065407 6.306681265751792 2.1956952422899088 289 144_0.jpg

290 -0.6788122249294918 0.6881870628295546 -0.18289938943267095 0.17933305101252192 29.115468402157642 6.404982484390393 2.195515989005897 290 144_1.jpg

291 -0.5628540469336187 0.5695471903756019 -0.4272133905731166 0.4198809815896968 29.28145818922614 6.331960280383363 2.1948078138430716 291 145_0.jpg

292 -0.6786531745652236 0.6882838980607471 -0.18316283423334548 0.1792945076639424 29.20530275258772 6.430286738452956 2.1946431508534947 292 145_1.jpg

293 -0.5628646788625027 0.5696238583409551 -0.42700944729926604 0.4199701718157501 29.364214927221386 6.356322700328973 2.195019093868205 293 146_0.jpg

294 -0.6785862206648235 0.6883871940967716 -0.1829693683790207 0.17934888447488923 29.288039255830174 6.454633380666076 2.1948017928010715 294 146_1.jpg

295 -0.5630394660838529 0.5695544248997716 -0.42672014581622625 0.4201240696076326 29.440548744103346 6.378390126389649 2.1949231951069184 295 147_0.jpg

296 -0.6786394306568471 0.6883788692821358 -0.1826362909310553 0.17951891465398753 29.364349278195444 6.476682204028151 2.194642359110342 296 147_1.jpg

297 -0.5630724099514178 0.5694108883596035 -0.4267304868153964 0.4202639563314042 29.51165363147544 6.398382362787278 2.1951620505170752 297 148_0.jpg

298 -0.6786732264486405 0.6882981114922304 -0.1826345533130749 0.17970248010017875 29.43548021461975 6.496694588388944 2.194867327297047 298 148_1.jpg

299 -0.563179526926211 0.5691907295574664 -0.4268972535362976 0.420249293586764 29.576398107028886 6.41554289638041 2.1951663488967106 299 149_0.jpg

300 -0.678835248490196 0.6880895047326644 -0.18275043690333503 0.17977156809587763 29.500251381450397 6.513875923751827 2.1949175283854423 300 149_1.jpg

301 -0.5632752575500665 0.569142820617308 -0.4268532683001916 0.4202305573290996 29.6347403547664 6.431943730679889 2.195095111305345 301 150_0.jpg

302 -0.6789077664864428 0.6880379295202418 -0.18267411361439737 0.17977269081004146 29.558582778149308 6.530268360656376 2.1948488110841082 302 150_1.jpg

303 -0.5633638055954937 0.5691487126911714 -0.42663130624968865 0.4203292684487121 29.68512913239375 6.447515143597594 2.1952041553167474 303 151_0.jpg

304 -0.6789063777346965 0.6880791273566879 -0.1824352301995949 0.17986281313610492 29.60894995485663 6.545822899679897 2.1949075009206376 304 151_1.jpg

305 -0.5633622884345183 0.5691163940148084 -0.4265586691453907 0.42044876478628995 29.730051851615322 6.460960030675643 2.1959806333337943 305 152_0.jpg

306 -0.6788771836333786 0.6880933938142872 -0.18236875023180255 0.1799858046348059 29.653880694576255 6.559273902318643 2.195652795121608 306 152_1.jpg

307 -0.5633526447113342 0.5690888811332692 -0.4265352850405514 0.4205226434838017 29.768627451256556 6.471897540083013 2.1955681958885855 307 153_0.jpg

308 -0.6788591123305336 0.6880953401674441 -0.18235090914972654 0.18006458390787852 29.692465008413986 6.570218109018596 2.195224649042174 308 153_1.jpg

309 -0.5634402701912686 0.5690457540942689 -0.4265405493451306 0.4204582636105861 29.80272010806319 6.4816020916291395 2.196053219391068 309 154_0.jpg

310 -0.678942771874761 0.6880314129869187 -0.18232321363907428 0.18002147935888296 29.72654750480708 6.579914850357573 2.195727666950249 310 154_1.jpg

311 -0.5634196793651731 0.5690660907737245 -0.4265137552737157 0.4204855119952049 29.83081078349611 6.491194744855787 2.196260561811065 311 155_0.jpg

312 -0.6789134808596824 0.688060282083802 -0.1823059733114935 0.18003906748452575 29.754638206516116 6.5895074866323995 2.1959239305705087 312 155_1.jpg

313 -0.5634128736157575 0.5689955402143868 -0.4265430255378089 0.4205604075816276 29.853844344701972 6.498003382425727 2.195639468401595 313 156_0.jpg

314 -0.6789177649930561 0.6880229927833418 -0.18233615584197255 0.1801348274239574 29.777689856443544 6.596330119885765 2.1952979738017113 314 156_1.jpg

315 -0.5634003695638917 0.569011057116308 -0.4264669816672868 0.4206332773357879 29.871067046331923 6.504479366335303 2.1958977070886716 315 157_0.jpg

316 -0.678877315466591 0.688064170380058 -0.182270294550456 0.18019663622989027 29.794911906880042 6.602805503628741 2.195529658156119 316 157_1.jpg

317 -0.5634262130709121 0.5690289262624306 -0.4263918655617042 0.42065063946701176 29.88221304808702 6.507176198618801 2.1962212450366208 317 158_0.jpg

318 -0.678873093867664 0.688086836462947 -0.18219088335373723 0.18020629825770323 29.806047832877024 6.605494473013172 2.1958379538571875 318 158_1.jpg

319 -0.5635070279406317 0.5689152526981359 -0.4264263849661906 0.42066114975547547 29.889607318481804 6.508665684148508 2.195606926983506 319 159_0.jpg

320 -0.6789610273957077 0.6879856216043033 -0.18219335809557874 0.18025894709933651 29.81345002848714 6.606990147847204 2.195236766164069 320 159_1.jpg

321 -0.5634399853629541 0.5689380478995628 -0.4264479210419265 0.4206982899720979 29.89460847934171 6.510624012739285 2.195490668678245 321 160_0.jpg

322 -0.6789066538193509 0.6880206874671856 -0.18223830272957314 0.18028446975609894 29.818461327360115 6.608956301733738 2.195113592819206 322 160_1.jpg

323 -0.5634399853629541 0.5689380478995628 -0.4264479210419265 0.4206982899720979 29.893283626955704 6.510195759571147 2.1954799731035437 323 161_0.jpg

324 -0.6789066538193509 0.6880206874671856 -0.18223830272957314 0.18028446975609894 29.81713647497411 6.608528048565599 2.1951028972445044 324 161_1.jpg

325 -0.5635805480699272 0.5688552599052124 -0.42628295390595583 0.42078914235586734 29.890344329990658 6.5095616544762125 2.1961989035256564 325 162_0.jpg

326 -0.6789749599341882 0.6879770813387551 -0.18203333979366906 0.18040067222307726 29.814184289697284 6.6078838301983165 2.1957889964832686 326 162_1.jpg

327 -0.5637239219154727 0.5687294133034617 -0.4261706134711885 0.42088098379153366 29.89045705028831 6.5097011675593315 2.1959364959046948 327 163_0.jpg

328 -0.6790655864382298 0.6878942095516001 -0.18187638492253225 0.1805338372388771 29.8142935006759 6.608020530746009 2.1955046012364883 328 163_1.jpg

329 -0.5637634917589541 0.5686563832433372 -0.4261515174734241 0.4209459909673168 29.891827450305907 6.51002781096206 2.1962548438602294 329 164_0.jpg

330 -0.6790948690026163 0.6878507050095214 -0.1818443775792776 0.18062167327048206 29.815671899789034 6.608353330090382 2.195813920263382 330 164_1.jpg

331 -0.5637267640783703 0.5686864078427879 -0.4262232396164248 0.42088199653522274 29.892333284248842 6.510075312694089 2.19595071576968 331 165_0.jpg

332 -0.679087935197614 0.6878550020754881 -0.1819243806032097 0.1805508020777247 29.816179093016494 6.608401971720528 2.1955296665498336 332 165_1.jpg

333 -0.5637651395496909 0.5686887718653586 -0.42622416774308425 0.42082645712277067 29.891883920139865 6.509747974956546 2.1959424779768426 333 166_0.jpg

334 -0.6791241893166131 0.6878364896413425 -0.18191082049742568 0.1804986215705871 29.815720287707205 6.6080673688222795 2.195532740820323 334 166_1.jpg

335 -0.5638127724075794 0.5686108903647711 -0.4261558161092174 0.42093708962854304 29.89107116947745 6.509967483064491 2.1963668242618484 335 167_0.jpg

336 -0.6791422891654962 0.6878052656496072 -0.1818301958404943 0.18063069366065676 29.81491487442993 6.608292455263062 2.1959325814892847 336 167_1.jpg

337 -0.5637525928821752 0.5687042399887897 -0.42614814238059057 0.4208993492308697 29.891659680868496 6.510480885567047 2.1960671162914642 337 168_0.jpg

338 -0.6790837071106417 0.6878776304034682 -0.18184499260270576 0.18056046907532092 29.815495430614735 6.608799686577768 2.1956308238474245 338 168_1.jpg

339 -0.5637445313803128 0.5687090932378454 -0.4261973910968285 0.42085372094070445 29.892125858003098 6.510314917169978 2.195926687062762 339 169_0.jpg

340 -0.6790948886576875 0.6878653503868144 -0.18189360291897105 0.18051622961214156 29.81596226683361 6.608634296206532 2.195505871149143 340 169_1.jpg

341 -0.5637938122335779 0.5686636007120296 -0.4262016941920821 0.42084481983286615 29.891936532316212 6.509900080154114 2.196082466636282 341 170_0.jpg

342 -0.6791423106752174 0.6878199114659945 -0.18187942523823875 0.18052525008055212 29.815772197206755 6.6082189112577545 2.195668331697031 342 170_1.jpg

343 -0.5637938122335779 0.5686636007120296 -0.4262016941920821 0.42084481983286615 29.89168051945433 6.509895796799685 2.1960746794855748 343 171_0.jpg

344 -0.6791423106752174 0.6878199114659945 -0.18187942523823875 0.18052525008055212 29.815516184344872 6.608214627903326 2.1956605445463238 344 171_1.jpg

345 -0.5637732032056405 0.5686839210038159 -0.42617491877600266 0.4208720850154414 29.891581929603774 6.509994170205823 2.196082272649234 345 172_0.jpg

346 -0.6791130096732165 0.6878487717250557 -0.18186220912942822 0.18054285978537662 29.815417636775205 6.608312986773352 2.195657058956333 346 172_1.jpg

347 -0.5637732032056405 0.5686839210038159 -0.42617491877600266 0.4208720850154414 29.891559666488604 6.509936431176606 2.1960857773165814 347 173_0.jpg

348 -0.6791130096732165 0.6878487717250557 -0.18186220912942822 0.18054285978537662 29.815395373660035 6.608255247744135 2.1956605636236803 348 173_1.jpg

349 -0.5637938122335779 0.5686636007120296 -0.4262016941920821 0.42084481983286615 29.89161673868728 6.50992433149928 2.1960705815823456 349 174_0.jpg

350 -0.6791423106752174 0.6878199114659945 -0.18187942523823875 0.18052525008055212 29.815452403577822 6.608243162602921 2.1956564466430946 350 174_1.jpg

351 -0.5637938122335779 0.5686636007120296 -0.4262016941920821 0.42084481983286615 29.891526681066697 6.5098335551441435 2.1960743497769197 351 175_0.jpg

352 -0.6791423106752174 0.6878199114659945 -0.18187942523823875 0.18052525008055212 29.81536234595724 6.6081523862477844 2.1956602148376687 352 175_1.jpg

353 -0.5637938122335779 0.5686636007120296 -0.4262016941920821 0.42084481983286615 29.89142597303533 6.510197512757588 2.196044632316754 353 176_0.jpg

354 -0.6791423106752174 0.6878199114659945 -0.18187942523823875 0.18052525008055212 29.81526163792587 6.608516343861229 2.195630497377503 354 176_1.jpg

355 -0.5638224834826355 0.5686384283742008 -0.4261792197708472 0.4208631814866965 29.891297671926818 6.510181490163064 2.1961911334254545 355 177_0.jpg

356 -0.6791604303851759 0.6878033317905965 -0.18184802971359046 0.18055187804634562 29.81513263455216 6.608499758618265 2.19577260064544 356 177_1.jpg

357 -0.5638144199659401 0.5686432791134773 -0.42622846862876734 0.42081755368320656 29.891029412609967 6.510256395195564 2.196009891348957 357 178_0.jpg

358 -0.6791716101165767 0.6877910496263514 -0.18189664092909766 0.180507639960888 29.814865035513538 6.6085752398146225 2.1956068351657656 358 178_1.jpg

359 -0.5638253255147275 0.5685954219634686 -0.42623183677882054 0.420864193946871 29.890863058107552 6.509884870909243 2.196181103545888 359 179_0.jpg

360 -0.6791827756112304 0.6877641232752061 -0.1818960169731807 0.1805688429873895 29.8147073774674 6.608210432678611 2.195773416198463 360 179_1.jpg

361 -0.5638144199659401 0.5686432791134773 -0.42622846862876734 0.42081755368320656 29.891029965841497 6.510031389464156 2.19602631107913 361 180_0.jpg

362 -0.6791716101165767 0.6877910496263514 -0.18189664092909766 0.180507639960888 29.814865588745068 6.608350234083214 2.1956232548959385 362 180_1.jpg

363 -0.5637445313803128 0.5687090932378454 -0.4261973910968285 0.42085372094070445 29.891285002870106 6.510691938738034 2.1958726014908154 363 181_0.jpg

364 -0.6790948886576875 0.6878653503868144 -0.18189360291897105 0.18051622961214156 29.815121411700616 6.609011317774588 2.1954517855771964 364 181_1.jpg

365 -0.5637158583987917 0.5687342640427522 -0.42621986232912895 0.4208353559880644 29.891466696255318 6.510760046825657 2.1957239539898423 365 182_0.jpg

366 -0.6790767661696516 0.6878819273873756 -0.18192499613805282 0.1804895991534336 29.81530380714967 6.609079988439425 2.195307535754814 366 182_1.jpg

367 -0.5637445313803128 0.5687090932378454 -0.4261973910968285 0.42085372094070445 29.891476082059896 6.510446284528314 2.195896554038551 367 183_0.jpg

368 -0.6790948886576875 0.6878653503868144 -0.18189360291897105 0.18051622961214156 29.815312490890406 6.608765663564867 2.195475738124932 368 183_1.jpg

369 -0.5637445313803128 0.5687090932378454 -0.4261973910968285 0.42085372094070445 29.891428261234566 6.510709502417683 2.1958758533700222 369 184_0.jpg

370 -0.6790948886576875 0.6878653503868144 -0.18189360291897105 0.18051622961214156 29.815264670065076 6.609028881454236 2.1954550374564032 370 184_1.jpg

371 -0.5637445313803128 0.5687090932378454 -0.4261973910968285 0.42085372094070445 29.891731187820866 6.510965290612091 2.1958667907837355 371 185_0.jpg

372 -0.6790948886576875 0.6878653503868144 -0.18189360291897105 0.18051622961214156 29.815567596651377 6.609284669648645 2.1954459748701165 372 185_1.jpg

373 -0.5637760453031448 0.5686409150678992 -0.4262275403526241 0.42087309761737096 29.891617807253198 6.51068117839437 2.196015443571223 373 186_0.jpg

374 -0.6791353566659513 0.6878095637291053 -0.18191020059957508 0.18055982467540027 29.81546287198197 6.609007289538801 2.195601075318905 374 186_1.jpg

375 -0.5637732032056405 0.5686839210038159 -0.42617491877600266 0.4208720850154414 29.891624372370472 6.510939454415415 2.1960147070777354 375 187_0.jpg

376 -0.6791130096732165 0.6878487717250557 -0.18186220912942822 0.18054285978537662 29.815460079541904 6.609258270982944 2.1955894933848343 376 187_1.jpg

377 -0.5638018735961904 0.5686587475852452 -0.4261524455849996 0.4208904480338438 29.891540736672386 6.510877079707138 2.196166000189829 377 188_0.jpg

378 -0.6791311290401688 0.6878321915631823 -0.18183081507445648 0.18056948941439144 29.81537574259633 6.6091953339193 2.195736388659714 378 188_1.jpg

379 -0.5637760453031448 0.5686409150678992 -0.4262275403526241 0.42087309761737096 29.891733796085674 6.510706523366898 2.196017265500568 379 189_0.jpg

380 -0.6791353566659513 0.6878095637291053 -0.18191020059957508 0.18055982467540027 29.815578860814448 6.609032634511329 2.19560289724825 380 189_1.jpg

381 -0.5637732032056405 0.5686839210038159 -0.42617491877600266 0.4208720850154414 29.891679587352257 6.510968725380075 2.196014320132305 381 190_0.jpg

382 -0.6791130096732165 0.6878487717250557 -0.18186220912942822 0.18054285978537662 29.81551529452369 6.609287541947604 2.195589106439404 382 190_1.jpg

383 -0.5638018735961904 0.5686587475852452 -0.4261524455849996 0.4208904480338438 29.891552958477195 6.510909532962836 2.1961640211043467 383 191_0.jpg

384 -0.6791311290401688 0.6878321915631823 -0.18183081507445648 0.18056948941439144 29.81538796440114 6.609227787174999 2.1957344095742317 384 191_1.jpg

385 -0.5637732032056405 0.5686839210038159 -0.42617491877600266 0.4208720850154414 29.89173819826584 6.510848952287483 2.196024905477613 385 192_0.jpg

386 -0.6791130096732165 0.6878487717250557 -0.18186220912942822 0.18054285978537662 29.815573905437272 6.609167768855012 2.195599691784712 386 192_1.jpg

387 -0.5638224834826355 0.5686384283742008 -0.4261792197708472 0.4208631814866965 29.891617771896303 6.51076329717796 2.196158848375571 387 193_0.jpg

388 -0.6791604303851759 0.6878033317905965 -0.18184802971359046 0.18055187804634562 29.815452734521646 6.609081565633161 2.1957403155955566 388 193_1.jpg

389 -0.5637732032056405 0.5686839210038159 -0.42617491877600266 0.4208720850154414 29.891705138328973 6.510956651370429 2.19601600863855 389 194_0.jpg

390 -0.6791130096732165 0.6878487717250557 -0.18186220912942822 0.18054285978537662 29.815540845500404 6.609275467937958 2.195590794945649 390 194_1.jpg

391 -0.5638224834826355 0.5686384283742008 -0.4261792197708472 0.4208631814866965 29.891598191232074 6.510811888074728 2.19615468678111 391 195_0.jpg

392 -0.6791604303851759 0.6878033317905965 -0.18184802971359046 0.18055187804634562 29.815433153857416 6.609130156529929 2.1957361540010956 392 195_1.jpg

393 -0.5638018735961904 0.5686587475852452 -0.4261524455849996 0.4208904480338438 29.891650084002112 6.510814208932283 2.1961740426616196 393 196_0.jpg

394 -0.6791311290401688 0.6878321915631823 -0.18183081507445648 0.18056948941439144 29.815485089926057 6.609132463144445 2.1957444311315046 394 196_1.jpg

395 -0.5637841043064473 0.5686360641234013 -0.42617829155458387 0.4209187262610681 29.89154868169794 6.510721751568254 2.196177574489025 395 197_0.jpg

396 -0.6791241727661098 0.6878218460119808 -0.1818615911285023 0.18060406359112516 29.815393087512813 6.609047285930979 2.195747729639508 396 197_1.jpg
