1 PINHOLE 1920 1280 2056.2823692090583 2056.2823692090583 939.5779800048163 641.1030804525235
2 PINHOLE 1920 1280 2063.9144000244905 2063.9144000244905 978.7598986481419 639.3123770365744
3 PINHOLE 1920 1280 2056.2823692090583 2056.2823692090583 939.5779800048163 641.1030804525235
4 PINHOLE 1920 1280 2063.9144000244905 2063.9144000244905 978.7598986481419 639.3123770365744
5 PINHOLE 1920 1280 2056.2823692090583 2056.2823692090583 939.5779800048163 641.1030804525235
6 PINHOLE 1920 1280 2063.9144000244905 2063.9144000244905 978.7598986481419 639.3123770365744
7 PINHOLE 1920 1280 2056.2823692090583 2056.2823692090583 939.5779800048163 641.1030804525235
8 PINHOLE 1920 1280 2063.9144000244905 2063.9144000244905 978.7598986481419 639.3123770365744
9 PINHOLE 1920 1280 2056.2823692090583 2056.2823692090583 939.5779800048163 641.1030804525235
10 PINHOLE 1920 1280 2063.9144000244905 2063.9144000244905 978.7598986481419 639.3123770365744
11 PINHOLE 1920 1280 2056.2823692090583 2056.2823692090583 939.5779800048163 641.1030804525235
12 PINHOLE 1920 1280 2063.9144000244905 2063.9144000244905 978.7598986481419 639.3123770365744
13 PINHOLE 1920 1280 2056.2823692090583 2056.2823692090583 939.5779800048163 641.1030804525235
14 PINHOLE 1920 1280 2063.9144000244905 2063.9144000244905 978.7598986481419 639.3123770365744
15 PINHOLE 1920 1280 2056.2823692090583 2056.2823692090583 939.5779800048163 641.1030804525235
16 PINHOLE 1920 1280 2063.9144000244905 2063.9144000244905 978.7598986481419 639.3123770365744
17 PINHOLE 1920 1280 2056.2823692090583 2056.2823692090583 939.5779800048163 641.1030804525235
18 PINHOLE 1920 1280 2063.9144000244905 2063.9144000244905 978.7598986481419 639.3123770365744
19 PINHOLE 1920 1280 2056.2823692090583 2056.2823692090583 939.5779800048163 641.1030804525235
20 PINHOLE 1920 1280 2063.9144000244905 2063.9144000244905 978.7598986481419 639.3123770365744
21 PINHOLE 1920 1280 2056.2823692090583 2056.2823692090583 939.5779800048163 641.1030804525235
22 PINHOLE 1920 1280 2063.9144000244905 2063.9144000244905 978.7598986481419 639.3123770365744
23 PINHOLE 1920 1280 2056.2823692090583 2056.2823692090583 939.5779800048163 641.1030804525235
24 PINHOLE 1920 1280 2063.9144000244905 2063.9144000244905 978.7598986481419 639.3123770365744
25 PINHOLE 1920 1280 2056.2823692090583 2056.2823692090583 939.5779800048163 641.1030804525235
26 PINHOLE 1920 1280 2063.9144000244905 2063.9144000244905 978.7598986481419 639.3123770365744
27 PINHOLE 1920 1280 2056.2823692090583 2056.2823692090583 939.5779800048163 641.1030804525235
28 PINHOLE 1920 1280 2063.9144000244905 2063.9144000244905 978.7598986481419 639.3123770365744
29 PINHOLE 1920 1280 2056.2823692090583 2056.2823692090583 939.5779800048163 641.1030804525235
30 PINHOLE 1920 1280 2063.9144000244905 2063.9144000244905 978.7598986481419 639.3123770365744
31 PINHOLE 1920 1280 2056.2823692090583 2056.2823692090583 939.5779800048163 641.1030804525235
32 PINHOLE 1920 1280 2063.9144000244905 2063.9144000244905 978.7598986481419 639.3123770365744
33 PINHOLE 1920 1280 2056.2823692090583 2056.2823692090583 939.5779800048163 641.1030804525235
34 PINHOLE 1920 1280 2063.9144000244905 2063.9144000244905 978.7598986481419 639.3123770365744
35 PINHOLE 1920 1280 2056.2823692090583 2056.2823692090583 939.5779800048163 641.1030804525235
36 PINHOLE 1920 1280 2063.9144000244905 2063.9144000244905 978.7598986481419 639.3123770365744
37 PINHOLE 1920 1280 2056.2823692090583 2056.2823692090583 939.5779800048163 641.1030804525235
38 PINHOLE 1920 1280 2063.9144000244905 2063.9144000244905 978.7598986481419 639.3123770365744
39 PINHOLE 1920 1280 2056.2823692090583 2056.2823692090583 939.5779800048163 641.1030804525235
40 PINHOLE 1920 1280 2063.9144000244905 2063.9144000244905 978.7598986481419 639.3123770365744
41 PINHOLE 1920 1280 2056.2823692090583 2056.2823692090583 939.5779800048163 641.1030804525235
42 PINHOLE 1920 1280 2063.9144000244905 2063.9144000244905 978.7598986481419 639.3123770365744
43 PINHOLE 1920 1280 2056.2823692090583 2056.2823692090583 939.5779800048163 641.1030804525235
44 PINHOLE 1920 1280 2063.9144000244905 2063.9144000244905 978.7598986481419 639.3123770365744
45 PINHOLE 1920 1280 2056.2823692090583 2056.2823692090583 939.5779800048163 641.1030804525235
46 PINHOLE 1920 1280 2063.9144000244905 2063.9144000244905 978.7598986481419 639.3123770365744
47 PINHOLE 1920 1280 2056.2823692090583 2056.2823692090583 939.5779800048163 641.1030804525235
48 PINHOLE 1920 1280 2063.9144000244905 2063.9144000244905 978.7598986481419 639.3123770365744
49 PINHOLE 1920 1280 2056.2823692090583 2056.2823692090583 939.5779800048163 641.1030804525235
50 PINHOLE 1920 1280 2063.9144000244905 2063.9144000244905 978.7598986481419 639.3123770365744
51 PINHOLE 1920 1280 2056.2823692090583 2056.2823692090583 939.5779800048163 641.1030804525235
52 PINHOLE 1920 1280 2063.9144000244905 2063.9144000244905 978.7598986481419 639.3123770365744
53 PINHOLE 1920 1280 2056.2823692090583 2056.2823692090583 939.5779800048163 641.1030804525235
54 PINHOLE 1920 1280 2063.9144000244905 2063.9144000244905 978.7598986481419 639.3123770365744
55 PINHOLE 1920 1280 2056.2823692090583 2056.2823692090583 939.5779800048163 641.1030804525235
56 PINHOLE 1920 1280 2063.9144000244905 2063.9144000244905 978.7598986481419 639.3123770365744
57 PINHOLE 1920 1280 2056.2823692090583 2056.2823692090583 939.5779800048163 641.1030804525235
58 PINHOLE 1920 1280 2063.9144000244905 2063.9144000244905 978.7598986481419 639.3123770365744
59 PINHOLE 1920 1280 2056.2823692090583 2056.2823692090583 939.5779800048163 641.1030804525235
60 PINHOLE 1920 1280 2063.9144000244905 2063.9144000244905 978.7598986481419 639.3123770365744
61 PINHOLE 1920 1280 2056.2823692090583 2056.2823692090583 939.5779800048163 641.1030804525235
62 PINHOLE 1920 1280 2063.9144000244905 2063.9144000244905 978.7598986481419 639.3123770365744
63 PINHOLE 1920 1280 2056.2823692090583 2056.2823692090583 939.5779800048163 641.1030804525235
64 PINHOLE 1920 1280 2063.9144000244905 2063.9144000244905 978.7598986481419 639.3123770365744
65 PINHOLE 1920 1280 2056.2823692090583 2056.2823692090583 939.5779800048163 641.1030804525235
66 PINHOLE 1920 1280 2063.9144000244905 2063.9144000244905 978.7598986481419 639.3123770365744
67 PINHOLE 1920 1280 2056.2823692090583 2056.2823692090583 939.5779800048163 641.1030804525235
68 PINHOLE 1920 1280 2063.9144000244905 2063.9144000244905 978.7598986481419 639.3123770365744
69 PINHOLE 1920 1280 2056.2823692090583 2056.2823692090583 939.5779800048163 641.1030804525235
70 PINHOLE 1920 1280 2063.9144000244905 2063.9144000244905 978.7598986481419 639.3123770365744
71 PINHOLE 1920 1280 2056.2823692090583 2056.2823692090583 939.5779800048163 641.1030804525235
72 PINHOLE 1920 1280 2063.9144000244905 2063.9144000244905 978.7598986481419 639.3123770365744
73 PINHOLE 1920 1280 2056.2823692090583 2056.2823692090583 939.5779800048163 641.1030804525235
74 PINHOLE 1920 1280 2063.9144000244905 2063.9144000244905 978.7598986481419 639.3123770365744
75 PINHOLE 1920 1280 2056.2823692090583 2056.2823692090583 939.5779800048163 641.1030804525235
76 PINHOLE 1920 1280 2063.9144000244905 2063.9144000244905 978.7598986481419 639.3123770365744
77 PINHOLE 1920 1280 2056.2823692090583 2056.2823692090583 939.5779800048163 641.1030804525235
78 PINHOLE 1920 1280 2063.9144000244905 2063.9144000244905 978.7598986481419 639.3123770365744
79 PINHOLE 1920 1280 2056.2823692090583 2056.2823692090583 939.5779800048163 641.1030804525235
80 PINHOLE 1920 1280 2063.9144000244905 2063.9144000244905 978.7598986481419 639.3123770365744
81 PINHOLE 1920 1280 2056.2823692090583 2056.2823692090583 939.5779800048163 641.1030804525235
82 PINHOLE 1920 1280 2063.9144000244905 2063.9144000244905 978.7598986481419 639.3123770365744
83 PINHOLE 1920 1280 2056.2823692090583 2056.2823692090583 939.5779800048163 641.1030804525235
84 PINHOLE 1920 1280 2063.9144000244905 2063.9144000244905 978.7598986481419 639.3123770365744
85 PINHOLE 1920 1280 2056.2823692090583 2056.2823692090583 939.5779800048163 641.1030804525235
86 PINHOLE 1920 1280 2063.9144000244905 2063.9144000244905 978.7598986481419 639.3123770365744
87 PINHOLE 1920 1280 2056.2823692090583 2056.2823692090583 939.5779800048163 641.1030804525235
88 PINHOLE 1920 1280 2063.9144000244905 2063.9144000244905 978.7598986481419 639.3123770365744
89 PINHOLE 1920 1280 2056.2823692090583 2056.2823692090583 939.5779800048163 641.1030804525235
90 PINHOLE 1920 1280 2063.9144000244905 2063.9144000244905 978.7598986481419 639.3123770365744
91 PINHOLE 1920 1280 2056.2823692090583 2056.2823692090583 939.5779800048163 641.1030804525235
92 PINHOLE 1920 1280 2063.9144000244905 2063.9144000244905 978.7598986481419 639.3123770365744
93 PINHOLE 1920 1280 2056.2823692090583 2056.2823692090583 939.5779800048163 641.1030804525235
94 PINHOLE 1920 1280 2063.9144000244905 2063.9144000244905 978.7598986481419 639.3123770365744
95 PINHOLE 1920 1280 2056.2823692090583 2056.2823692090583 939.5779800048163 641.1030804525235
96 PINHOLE 1920 1280 2063.9144000244905 2063.9144000244905 978.7598986481419 639.3123770365744
97 PINHOLE 1920 1280 2056.2823692090583 2056.2823692090583 939.5779800048163 641.1030804525235
98 PINHOLE 1920 1280 2063.9144000244905 2063.9144000244905 978.7598986481419 639.3123770365744
99 PINHOLE 1920 1280 2056.2823692090583 2056.2823692090583 939.5779800048163 641.1030804525235
100 PINHOLE 1920 1280 2063.9144000244905 2063.9144000244905 978.7598986481419 639.3123770365744
101 PINHOLE 1920 1280 2056.2823692090583 2056.2823692090583 939.5779800048163 641.1030804525235
102 PINHOLE 1920 1280 2063.9144000244905 2063.9144000244905 978.7598986481419 639.3123770365744
103 PINHOLE 1920 1280 2056.2823692090583 2056.2823692090583 939.5779800048163 641.1030804525235
104 PINHOLE 1920 1280 2063.9144000244905 2063.9144000244905 978.7598986481419 639.3123770365744
105 PINHOLE 1920 1280 2056.2823692090583 2056.2823692090583 939.5779800048163 641.1030804525235
106 PINHOLE 1920 1280 2063.9144000244905 2063.9144000244905 978.7598986481419 639.3123770365744
107 PINHOLE 1920 1280 2056.2823692090583 2056.2823692090583 939.5779800048163 641.1030804525235
108 PINHOLE 1920 1280 2063.9144000244905 2063.9144000244905 978.7598986481419 639.3123770365744
109 PINHOLE 1920 1280 2056.2823692090583 2056.2823692090583 939.5779800048163 641.1030804525235
110 PINHOLE 1920 1280 2063.9144000244905 2063.9144000244905 978.7598986481419 639.3123770365744
111 PINHOLE 1920 1280 2056.2823692090583 2056.2823692090583 939.5779800048163 641.1030804525235
112 PINHOLE 1920 1280 2063.9144000244905 2063.9144000244905 978.7598986481419 639.3123770365744
113 PINHOLE 1920 1280 2056.2823692090583 2056.2823692090583 939.5779800048163 641.1030804525235
114 PINHOLE 1920 1280 2063.9144000244905 2063.9144000244905 978.7598986481419 639.3123770365744
115 PINHOLE 1920 1280 2056.2823692090583 2056.2823692090583 939.5779800048163 641.1030804525235
116 PINHOLE 1920 1280 2063.9144000244905 2063.9144000244905 978.7598986481419 639.3123770365744
117 PINHOLE 1920 1280 2056.2823692090583 2056.2823692090583 939.5779800048163 641.1030804525235
118 PINHOLE 1920 1280 2063.9144000244905 2063.9144000244905 978.7598986481419 639.3123770365744
119 PINHOLE 1920 1280 2056.2823692090583 2056.2823692090583 939.5779800048163 641.1030804525235
120 PINHOLE 1920 1280 2063.9144000244905 2063.9144000244905 978.7598986481419 639.3123770365744
121 PINHOLE 1920 1280 2056.2823692090583 2056.2823692090583 939.5779800048163 641.1030804525235
122 PINHOLE 1920 1280 2063.9144000244905 2063.9144000244905 978.7598986481419 639.3123770365744
123 PINHOLE 1920 1280 2056.2823692090583 2056.2823692090583 939.5779800048163 641.1030804525235
124 PINHOLE 1920 1280 2063.9144000244905 2063.9144000244905 978.7598986481419 639.3123770365744
125 PINHOLE 1920 1280 2056.2823692090583 2056.2823692090583 939.5779800048163 641.1030804525235
126 PINHOLE 1920 1280 2063.9144000244905 2063.9144000244905 978.7598986481419 639.3123770365744
127 PINHOLE 1920 1280 2056.2823692090583 2056.2823692090583 939.5779800048163 641.1030804525235
128 PINHOLE 1920 1280 2063.9144000244905 2063.9144000244905 978.7598986481419 639.3123770365744
129 PINHOLE 1920 1280 2056.2823692090583 2056.2823692090583 939.5779800048163 641.1030804525235
130 PINHOLE 1920 1280 2063.9144000244905 2063.9144000244905 978.7598986481419 639.3123770365744
131 PINHOLE 1920 1280 2056.2823692090583 2056.2823692090583 939.5779800048163 641.1030804525235
132 PINHOLE 1920 1280 2063.9144000244905 2063.9144000244905 978.7598986481419 639.3123770365744
133 PINHOLE 1920 1280 2056.2823692090583 2056.2823692090583 939.5779800048163 641.1030804525235
134 PINHOLE 1920 1280 2063.9144000244905 2063.9144000244905 978.7598986481419 639.3123770365744
135 PINHOLE 1920 1280 2056.2823692090583 2056.2823692090583 939.5779800048163 641.1030804525235
136 PINHOLE 1920 1280 2063.9144000244905 2063.9144000244905 978.7598986481419 639.3123770365744
137 PINHOLE 1920 1280 2056.2823692090583 2056.2823692090583 939.5779800048163 641.1030804525235
138 PINHOLE 1920 1280 2063.9144000244905 2063.9144000244905 978.7598986481419 639.3123770365744
139 PINHOLE 1920 1280 2056.2823692090583 2056.2823692090583 939.5779800048163 641.1030804525235
140 PINHOLE 1920 1280 2063.9144000244905 2063.9144000244905 978.7598986481419 639.3123770365744
141 PINHOLE 1920 1280 2056.2823692090583 2056.2823692090583 939.5779800048163 641.1030804525235
142 PINHOLE 1920 1280 2063.9144000244905 2063.9144000244905 978.7598986481419 639.3123770365744
143 PINHOLE 1920 1280 2056.2823692090583 2056.2823692090583 939.5779800048163 641.1030804525235
144 PINHOLE 1920 1280 2063.9144000244905 2063.9144000244905 978.7598986481419 639.3123770365744
145 PINHOLE 1920 1280 2056.2823692090583 2056.2823692090583 939.5779800048163 641.1030804525235
146 PINHOLE 1920 1280 2063.9144000244905 2063.9144000244905 978.7598986481419 639.3123770365744
147 PINHOLE 1920 1280 2056.2823692090583 2056.2823692090583 939.5779800048163 641.1030804525235
148 PINHOLE 1920 1280 2063.9144000244905 2063.9144000244905 978.7598986481419 639.3123770365744
149 PINHOLE 1920 1280 2056.2823692090583 2056.2823692090583 939.5779800048163 641.1030804525235
150 PINHOLE 1920 1280 2063.9144000244905 2063.9144000244905 978.7598986481419 639.3123770365744
151 PINHOLE 1920 1280 2056.2823692090583 2056.2823692090583 939.5779800048163 641.1030804525235
152 PINHOLE 1920 1280 2063.9144000244905 2063.9144000244905 978.7598986481419 639.3123770365744
153 PINHOLE 1920 1280 2056.2823692090583 2056.2823692090583 939.5779800048163 641.1030804525235
154 PINHOLE 1920 1280 2063.9144000244905 2063.9144000244905 978.7598986481419 639.3123770365744
155 PINHOLE 1920 1280 2056.2823692090583 2056.2823692090583 939.5779800048163 641.1030804525235
156 PINHOLE 1920 1280 2063.9144000244905 2063.9144000244905 978.7598986481419 639.3123770365744
157 PINHOLE 1920 1280 2056.2823692090583 2056.2823692090583 939.5779800048163 641.1030804525235
158 PINHOLE 1920 1280 2063.9144000244905 2063.9144000244905 978.7598986481419 639.3123770365744
159 PINHOLE 1920 1280 2056.2823692090583 2056.2823692090583 939.5779800048163 641.1030804525235
160 PINHOLE 1920 1280 2063.9144000244905 2063.9144000244905 978.7598986481419 639.3123770365744
161 PINHOLE 1920 1280 2056.2823692090583 2056.2823692090583 939.5779800048163 641.1030804525235
162 PINHOLE 1920 1280 2063.9144000244905 2063.9144000244905 978.7598986481419 639.3123770365744
163 PINHOLE 1920 1280 2056.2823692090583 2056.2823692090583 939.5779800048163 641.1030804525235
164 PINHOLE 1920 1280 2063.9144000244905 2063.9144000244905 978.7598986481419 639.3123770365744
165 PINHOLE 1920 1280 2056.2823692090583 2056.2823692090583 939.5779800048163 641.1030804525235
166 PINHOLE 1920 1280 2063.9144000244905 2063.9144000244905 978.7598986481419 639.3123770365744
167 PINHOLE 1920 1280 2056.2823692090583 2056.2823692090583 939.5779800048163 641.1030804525235
168 PINHOLE 1920 1280 2063.9144000244905 2063.9144000244905 978.7598986481419 639.3123770365744
169 PINHOLE 1920 1280 2056.2823692090583 2056.2823692090583 939.5779800048163 641.1030804525235
170 PINHOLE 1920 1280 2063.9144000244905 2063.9144000244905 978.7598986481419 639.3123770365744
171 PINHOLE 1920 1280 2056.2823692090583 2056.2823692090583 939.5779800048163 641.1030804525235
172 PINHOLE 1920 1280 2063.9144000244905 2063.9144000244905 978.7598986481419 639.3123770365744
173 PINHOLE 1920 1280 2056.2823692090583 2056.2823692090583 939.5779800048163 641.1030804525235
174 PINHOLE 1920 1280 2063.9144000244905 2063.9144000244905 978.7598986481419 639.3123770365744
175 PINHOLE 1920 1280 2056.2823692090583 2056.2823692090583 939.5779800048163 641.1030804525235
176 PINHOLE 1920 1280 2063.9144000244905 2063.9144000244905 978.7598986481419 639.3123770365744
177 PINHOLE 1920 1280 2056.2823692090583 2056.2823692090583 939.5779800048163 641.1030804525235
178 PINHOLE 1920 1280 2063.9144000244905 2063.9144000244905 978.7598986481419 639.3123770365744
179 PINHOLE 1920 1280 2056.2823692090583 2056.2823692090583 939.5779800048163 641.1030804525235
180 PINHOLE 1920 1280 2063.9144000244905 2063.9144000244905 978.7598986481419 639.3123770365744
181 PINHOLE 1920 1280 2056.2823692090583 2056.2823692090583 939.5779800048163 641.1030804525235
182 PINHOLE 1920 1280 2063.9144000244905 2063.9144000244905 978.7598986481419 639.3123770365744
183 PINHOLE 1920 1280 2056.2823692090583 2056.2823692090583 939.5779800048163 641.1030804525235
184 PINHOLE 1920 1280 2063.9144000244905 2063.9144000244905 978.7598986481419 639.3123770365744
185 PINHOLE 1920 1280 2056.2823692090583 2056.2823692090583 939.5779800048163 641.1030804525235
186 PINHOLE 1920 1280 2063.9144000244905 2063.9144000244905 978.7598986481419 639.3123770365744
187 PINHOLE 1920 1280 2056.2823692090583 2056.2823692090583 939.5779800048163 641.1030804525235
188 PINHOLE 1920 1280 2063.9144000244905 2063.9144000244905 978.7598986481419 639.3123770365744
189 PINHOLE 1920 1280 2056.2823692090583 2056.2823692090583 939.5779800048163 641.1030804525235
190 PINHOLE 1920 1280 2063.9144000244905 2063.9144000244905 978.7598986481419 639.3123770365744
191 PINHOLE 1920 1280 2056.2823692090583 2056.2823692090583 939.5779800048163 641.1030804525235
192 PINHOLE 1920 1280 2063.9144000244905 2063.9144000244905 978.7598986481419 639.3123770365744
193 PINHOLE 1920 1280 2056.2823692090583 2056.2823692090583 939.5779800048163 641.1030804525235
194 PINHOLE 1920 1280 2063.9144000244905 2063.9144000244905 978.7598986481419 639.3123770365744
195 PINHOLE 1920 1280 2056.2823692090583 2056.2823692090583 939.5779800048163 641.1030804525235
196 PINHOLE 1920 1280 2063.9144000244905 2063.9144000244905 978.7598986481419 639.3123770365744
197 PINHOLE 1920 1280 2056.2823692090583 2056.2823692090583 939.5779800048163 641.1030804525235
198 PINHOLE 1920 1280 2063.9144000244905 2063.9144000244905 978.7598986481419 639.3123770365744
199 PINHOLE 1920 1280 2056.2823692090583 2056.2823692090583 939.5779800048163 641.1030804525235
200 PINHOLE 1920 1280 2063.9144000244905 2063.9144000244905 978.7598986481419 639.3123770365744
201 PINHOLE 1920 1280 2056.2823692090583 2056.2823692090583 939.5779800048163 641.1030804525235
202 PINHOLE 1920 1280 2063.9144000244905 2063.9144000244905 978.7598986481419 639.3123770365744
203 PINHOLE 1920 1280 2056.2823692090583 2056.2823692090583 939.5779800048163 641.1030804525235
204 PINHOLE 1920 1280 2063.9144000244905 2063.9144000244905 978.7598986481419 639.3123770365744
205 PINHOLE 1920 1280 2056.2823692090583 2056.2823692090583 939.5779800048163 641.1030804525235
206 PINHOLE 1920 1280 2063.9144000244905 2063.9144000244905 978.7598986481419 639.3123770365744
207 PINHOLE 1920 1280 2056.2823692090583 2056.2823692090583 939.5779800048163 641.1030804525235
208 PINHOLE 1920 1280 2063.9144000244905 2063.9144000244905 978.7598986481419 639.3123770365744
209 PINHOLE 1920 1280 2056.2823692090583 2056.2823692090583 939.5779800048163 641.1030804525235
210 PINHOLE 1920 1280 2063.9144000244905 2063.9144000244905 978.7598986481419 639.3123770365744
211 PINHOLE 1920 1280 2056.2823692090583 2056.2823692090583 939.5779800048163 641.1030804525235
212 PINHOLE 1920 1280 2063.9144000244905 2063.9144000244905 978.7598986481419 639.3123770365744
213 PINHOLE 1920 1280 2056.2823692090583 2056.2823692090583 939.5779800048163 641.1030804525235
214 PINHOLE 1920 1280 2063.9144000244905 2063.9144000244905 978.7598986481419 639.3123770365744
215 PINHOLE 1920 1280 2056.2823692090583 2056.2823692090583 939.5779800048163 641.1030804525235
216 PINHOLE 1920 1280 2063.9144000244905 2063.9144000244905 978.7598986481419 639.3123770365744
217 PINHOLE 1920 1280 2056.2823692090583 2056.2823692090583 939.5779800048163 641.1030804525235
218 PINHOLE 1920 1280 2063.9144000244905 2063.9144000244905 978.7598986481419 639.3123770365744
219 PINHOLE 1920 1280 2056.2823692090583 2056.2823692090583 939.5779800048163 641.1030804525235
220 PINHOLE 1920 1280 2063.9144000244905 2063.9144000244905 978.7598986481419 639.3123770365744
221 PINHOLE 1920 1280 2056.2823692090583 2056.2823692090583 939.5779800048163 641.1030804525235
222 PINHOLE 1920 1280 2063.9144000244905 2063.9144000244905 978.7598986481419 639.3123770365744
223 PINHOLE 1920 1280 2056.2823692090583 2056.2823692090583 939.5779800048163 641.1030804525235
224 PINHOLE 1920 1280 2063.9144000244905 2063.9144000244905 978.7598986481419 639.3123770365744
225 PINHOLE 1920 1280 2056.2823692090583 2056.2823692090583 939.5779800048163 641.1030804525235
226 PINHOLE 1920 1280 2063.9144000244905 2063.9144000244905 978.7598986481419 639.3123770365744
227 PINHOLE 1920 1280 2056.2823692090583 2056.2823692090583 939.5779800048163 641.1030804525235
228 PINHOLE 1920 1280 2063.9144000244905 2063.9144000244905 978.7598986481419 639.3123770365744
229 PINHOLE 1920 1280 2056.2823692090583 2056.2823692090583 939.5779800048163 641.1030804525235
230 PINHOLE 1920 1280 2063.9144000244905 2063.9144000244905 978.7598986481419 639.3123770365744
231 PINHOLE 1920 1280 2056.2823692090583 2056.2823692090583 939.5779800048163 641.1030804525235
232 PINHOLE 1920 1280 2063.9144000244905 2063.9144000244905 978.7598986481419 639.3123770365744
233 PINHOLE 1920 1280 2056.2823692090583 2056.2823692090583 939.5779800048163 641.1030804525235
234 PINHOLE 1920 1280 2063.9144000244905 2063.9144000244905 978.7598986481419 639.3123770365744
235 PINHOLE 1920 1280 2056.2823692090583 2056.2823692090583 939.5779800048163 641.1030804525235
236 PINHOLE 1920 1280 2063.9144000244905 2063.9144000244905 978.7598986481419 639.3123770365744
237 PINHOLE 1920 1280 2056.2823692090583 2056.2823692090583 939.5779800048163 641.1030804525235
238 PINHOLE 1920 1280 2063.9144000244905 2063.9144000244905 978.7598986481419 639.3123770365744
239 PINHOLE 1920 1280 2056.2823692090583 2056.2823692090583 939.5779800048163 641.1030804525235
240 PINHOLE 1920 1280 2063.9144000244905 2063.9144000244905 978.7598986481419 639.3123770365744
241 PINHOLE 1920 1280 2056.2823692090583 2056.2823692090583 939.5779800048163 641.1030804525235
242 PINHOLE 1920 1280 2063.9144000244905 2063.9144000244905 978.7598986481419 639.3123770365744
243 PINHOLE 1920 1280 2056.2823692090583 2056.2823692090583 939.5779800048163 641.1030804525235
244 PINHOLE 1920 1280 2063.9144000244905 2063.9144000244905 978.7598986481419 639.3123770365744
245 PINHOLE 1920 1280 2056.2823692090583 2056.2823692090583 939.5779800048163 641.1030804525235
246 PINHOLE 1920 1280 2063.9144000244905 2063.9144000244905 978.7598986481419 639.3123770365744
247 PINHOLE 1920 1280 2056.2823692090583 2056.2823692090583 939.5779800048163 641.1030804525235
248 PINHOLE 1920 1280 2063.9144000244905 2063.9144000244905 978.7598986481419 639.3123770365744
249 PINHOLE 1920 1280 2056.2823692090583 2056.2823692090583 939.5779800048163 641.1030804525235
250 PINHOLE 1920 1280 2063.9144000244905 2063.9144000244905 978.7598986481419 639.3123770365744
251 PINHOLE 1920 1280 2056.2823692090583 2056.2823692090583 939.5779800048163 641.1030804525235
252 PINHOLE 1920 1280 2063.9144000244905 2063.9144000244905 978.7598986481419 639.3123770365744
253 PINHOLE 1920 1280 2056.2823692090583 2056.2823692090583 939.5779800048163 641.1030804525235
254 PINHOLE 1920 1280 2063.9144000244905 2063.9144000244905 978.7598986481419 639.3123770365744
255 PINHOLE 1920 1280 2056.2823692090583 2056.2823692090583 939.5779800048163 641.1030804525235
256 PINHOLE 1920 1280 2063.9144000244905 2063.9144000244905 978.7598986481419 639.3123770365744
257 PINHOLE 1920 1280 2056.2823692090583 2056.2823692090583 939.5779800048163 641.1030804525235
258 PINHOLE 1920 1280 2063.9144000244905 2063.9144000244905 978.7598986481419 639.3123770365744
259 PINHOLE 1920 1280 2056.2823692090583 2056.2823692090583 939.5779800048163 641.1030804525235
260 PINHOLE 1920 1280 2063.9144000244905 2063.9144000244905 978.7598986481419 639.3123770365744
261 PINHOLE 1920 1280 2056.2823692090583 2056.2823692090583 939.5779800048163 641.1030804525235
262 PINHOLE 1920 1280 2063.9144000244905 2063.9144000244905 978.7598986481419 639.3123770365744
263 PINHOLE 1920 1280 2056.2823692090583 2056.2823692090583 939.5779800048163 641.1030804525235
264 PINHOLE 1920 1280 2063.9144000244905 2063.9144000244905 978.7598986481419 639.3123770365744
265 PINHOLE 1920 1280 2056.2823692090583 2056.2823692090583 939.5779800048163 641.1030804525235
266 PINHOLE 1920 1280 2063.9144000244905 2063.9144000244905 978.7598986481419 639.3123770365744
267 PINHOLE 1920 1280 2056.2823692090583 2056.2823692090583 939.5779800048163 641.1030804525235
268 PINHOLE 1920 1280 2063.9144000244905 2063.9144000244905 978.7598986481419 639.3123770365744
269 PINHOLE 1920 1280 2056.2823692090583 2056.2823692090583 939.5779800048163 641.1030804525235
270 PINHOLE 1920 1280 2063.9144000244905 2063.9144000244905 978.7598986481419 639.3123770365744
271 PINHOLE 1920 1280 2056.2823692090583 2056.2823692090583 939.5779800048163 641.1030804525235
272 PINHOLE 1920 1280 2063.9144000244905 2063.9144000244905 978.7598986481419 639.3123770365744
273 PINHOLE 1920 1280 2056.2823692090583 2056.2823692090583 939.5779800048163 641.1030804525235
274 PINHOLE 1920 1280 2063.9144000244905 2063.9144000244905 978.7598986481419 639.3123770365744
275 PINHOLE 1920 1280 2056.2823692090583 2056.2823692090583 939.5779800048163 641.1030804525235
276 PINHOLE 1920 1280 2063.9144000244905 2063.9144000244905 978.7598986481419 639.3123770365744
277 PINHOLE 1920 1280 2056.2823692090583 2056.2823692090583 939.5779800048163 641.1030804525235
278 PINHOLE 1920 1280 2063.9144000244905 2063.9144000244905 978.7598986481419 639.3123770365744
279 PINHOLE 1920 1280 2056.2823692090583 2056.2823692090583 939.5779800048163 641.1030804525235
280 PINHOLE 1920 1280 2063.9144000244905 2063.9144000244905 978.7598986481419 639.3123770365744
281 PINHOLE 1920 1280 2056.2823692090583 2056.2823692090583 939.5779800048163 641.1030804525235
282 PINHOLE 1920 1280 2063.9144000244905 2063.9144000244905 978.7598986481419 639.3123770365744
283 PINHOLE 1920 1280 2056.2823692090583 2056.2823692090583 939.5779800048163 641.1030804525235
284 PINHOLE 1920 1280 2063.9144000244905 2063.9144000244905 978.7598986481419 639.3123770365744
285 PINHOLE 1920 1280 2056.2823692090583 2056.2823692090583 939.5779800048163 641.1030804525235
286 PINHOLE 1920 1280 2063.9144000244905 2063.9144000244905 978.7598986481419 639.3123770365744
287 PINHOLE 1920 1280 2056.2823692090583 2056.2823692090583 939.5779800048163 641.1030804525235
288 PINHOLE 1920 1280 2063.9144000244905 2063.9144000244905 978.7598986481419 639.3123770365744
289 PINHOLE 1920 1280 2056.2823692090583 2056.2823692090583 939.5779800048163 641.1030804525235
290 PINHOLE 1920 1280 2063.9144000244905 2063.9144000244905 978.7598986481419 639.3123770365744
291 PINHOLE 1920 1280 2056.2823692090583 2056.2823692090583 939.5779800048163 641.1030804525235
292 PINHOLE 1920 1280 2063.9144000244905 2063.9144000244905 978.7598986481419 639.3123770365744
293 PINHOLE 1920 1280 2056.2823692090583 2056.2823692090583 939.5779800048163 641.1030804525235
294 PINHOLE 1920 1280 2063.9144000244905 2063.9144000244905 978.7598986481419 639.3123770365744
295 PINHOLE 1920 1280 2056.2823692090583 2056.2823692090583 939.5779800048163 641.1030804525235
296 PINHOLE 1920 1280 2063.9144000244905 2063.9144000244905 978.7598986481419 639.3123770365744
297 PINHOLE 1920 1280 2056.2823692090583 2056.2823692090583 939.5779800048163 641.1030804525235
298 PINHOLE 1920 1280 2063.9144000244905 2063.9144000244905 978.7598986481419 639.3123770365744
299 PINHOLE 1920 1280 2056.2823692090583 2056.2823692090583 939.5779800048163 641.1030804525235
300 PINHOLE 1920 1280 2063.9144000244905 2063.9144000244905 978.7598986481419 639.3123770365744
301 PINHOLE 1920 1280 2056.2823692090583 2056.2823692090583 939.5779800048163 641.1030804525235
302 PINHOLE 1920 1280 2063.9144000244905 2063.9144000244905 978.7598986481419 639.3123770365744
303 PINHOLE 1920 1280 2056.2823692090583 2056.2823692090583 939.5779800048163 641.1030804525235
304 PINHOLE 1920 1280 2063.9144000244905 2063.9144000244905 978.7598986481419 639.3123770365744
305 PINHOLE 1920 1280 2056.2823692090583 2056.2823692090583 939.5779800048163 641.1030804525235
306 PINHOLE 1920 1280 2063.9144000244905 2063.9144000244905 978.7598986481419 639.3123770365744
307 PINHOLE 1920 1280 2056.2823692090583 2056.2823692090583 939.5779800048163 641.1030804525235
308 PINHOLE 1920 1280 2063.9144000244905 2063.9144000244905 978.7598986481419 639.3123770365744
309 PINHOLE 1920 1280 2056.2823692090583 2056.2823692090583 939.5779800048163 641.1030804525235
310 PINHOLE 1920 1280 2063.9144000244905 2063.9144000244905 978.7598986481419 639.3123770365744
311 PINHOLE 1920 1280 2056.2823692090583 2056.2823692090583 939.5779800048163 641.1030804525235
312 PINHOLE 1920 1280 2063.9144000244905 2063.9144000244905 978.7598986481419 639.3123770365744
313 PINHOLE 1920 1280 2056.2823692090583 2056.2823692090583 939.5779800048163 641.1030804525235
314 PINHOLE 1920 1280 2063.9144000244905 2063.9144000244905 978.7598986481419 639.3123770365744
315 PINHOLE 1920 1280 2056.2823692090583 2056.2823692090583 939.5779800048163 641.1030804525235
316 PINHOLE 1920 1280 2063.9144000244905 2063.9144000244905 978.7598986481419 639.3123770365744
317 PINHOLE 1920 1280 2056.2823692090583 2056.2823692090583 939.5779800048163 641.1030804525235
318 PINHOLE 1920 1280 2063.9144000244905 2063.9144000244905 978.7598986481419 639.3123770365744
319 PINHOLE 1920 1280 2056.2823692090583 2056.2823692090583 939.5779800048163 641.1030804525235
320 PINHOLE 1920 1280 2063.9144000244905 2063.9144000244905 978.7598986481419 639.3123770365744
321 PINHOLE 1920 1280 2056.2823692090583 2056.2823692090583 939.5779800048163 641.1030804525235
322 PINHOLE 1920 1280 2063.9144000244905 2063.9144000244905 978.7598986481419 639.3123770365744
323 PINHOLE 1920 1280 2056.2823692090583 2056.2823692090583 939.5779800048163 641.1030804525235
324 PINHOLE 1920 1280 2063.9144000244905 2063.9144000244905 978.7598986481419 639.3123770365744
325 PINHOLE 1920 1280 2056.2823692090583 2056.2823692090583 939.5779800048163 641.1030804525235
326 PINHOLE 1920 1280 2063.9144000244905 2063.9144000244905 978.7598986481419 639.3123770365744
327 PINHOLE 1920 1280 2056.2823692090583 2056.2823692090583 939.5779800048163 641.1030804525235
328 PINHOLE 1920 1280 2063.9144000244905 2063.9144000244905 978.7598986481419 639.3123770365744
329 PINHOLE 1920 1280 2056.2823692090583 2056.2823692090583 939.5779800048163 641.1030804525235
330 PINHOLE 1920 1280 2063.9144000244905 2063.9144000244905 978.7598986481419 639.3123770365744
331 PINHOLE 1920 1280 2056.2823692090583 2056.2823692090583 939.5779800048163 641.1030804525235
332 PINHOLE 1920 1280 2063.9144000244905 2063.9144000244905 978.7598986481419 639.3123770365744
333 PINHOLE 1920 1280 2056.2823692090583 2056.2823692090583 939.5779800048163 641.1030804525235
334 PINHOLE 1920 1280 2063.9144000244905 2063.9144000244905 978.7598986481419 639.3123770365744
335 PINHOLE 1920 1280 2056.2823692090583 2056.2823692090583 939.5779800048163 641.1030804525235
336 PINHOLE 1920 1280 2063.9144000244905 2063.9144000244905 978.7598986481419 639.3123770365744
337 PINHOLE 1920 1280 2056.2823692090583 2056.2823692090583 939.5779800048163 641.1030804525235
338 PINHOLE 1920 1280 2063.9144000244905 2063.9144000244905 978.7598986481419 639.3123770365744
339 PINHOLE 1920 1280 2056.2823692090583 2056.2823692090583 939.5779800048163 641.1030804525235
340 PINHOLE 1920 1280 2063.9144000244905 2063.9144000244905 978.7598986481419 639.3123770365744
341 PINHOLE 1920 1280 2056.2823692090583 2056.2823692090583 939.5779800048163 641.1030804525235
342 PINHOLE 1920 1280 2063.9144000244905 2063.9144000244905 978.7598986481419 639.3123770365744
343 PINHOLE 1920 1280 2056.2823692090583 2056.2823692090583 939.5779800048163 641.1030804525235
344 PINHOLE 1920 1280 2063.9144000244905 2063.9144000244905 978.7598986481419 639.3123770365744
345 PINHOLE 1920 1280 2056.2823692090583 2056.2823692090583 939.5779800048163 641.1030804525235
346 PINHOLE 1920 1280 2063.9144000244905 2063.9144000244905 978.7598986481419 639.3123770365744
347 PINHOLE 1920 1280 2056.2823692090583 2056.2823692090583 939.5779800048163 641.1030804525235
348 PINHOLE 1920 1280 2063.9144000244905 2063.9144000244905 978.7598986481419 639.3123770365744
349 PINHOLE 1920 1280 2056.2823692090583 2056.2823692090583 939.5779800048163 641.1030804525235
350 PINHOLE 1920 1280 2063.9144000244905 2063.9144000244905 978.7598986481419 639.3123770365744
351 PINHOLE 1920 1280 2056.2823692090583 2056.2823692090583 939.5779800048163 641.1030804525235
352 PINHOLE 1920 1280 2063.9144000244905 2063.9144000244905 978.7598986481419 639.3123770365744
353 PINHOLE 1920 1280 2056.2823692090583 2056.2823692090583 939.5779800048163 641.1030804525235
354 PINHOLE 1920 1280 2063.9144000244905 2063.9144000244905 978.7598986481419 639.3123770365744
355 PINHOLE 1920 1280 2056.2823692090583 2056.2823692090583 939.5779800048163 641.1030804525235
356 PINHOLE 1920 1280 2063.9144000244905 2063.9144000244905 978.7598986481419 639.3123770365744
357 PINHOLE 1920 1280 2056.2823692090583 2056.2823692090583 939.5779800048163 641.1030804525235
358 PINHOLE 1920 1280 2063.9144000244905 2063.9144000244905 978.7598986481419 639.3123770365744
359 PINHOLE 1920 1280 2056.2823692090583 2056.2823692090583 939.5779800048163 641.1030804525235
360 PINHOLE 1920 1280 2063.9144000244905 2063.9144000244905 978.7598986481419 639.3123770365744
361 PINHOLE 1920 1280 2056.2823692090583 2056.2823692090583 939.5779800048163 641.1030804525235
362 PINHOLE 1920 1280 2063.9144000244905 2063.9144000244905 978.7598986481419 639.3123770365744
363 PINHOLE 1920 1280 2056.2823692090583 2056.2823692090583 939.5779800048163 641.1030804525235
364 PINHOLE 1920 1280 2063.9144000244905 2063.9144000244905 978.7598986481419 639.3123770365744
365 PINHOLE 1920 1280 2056.2823692090583 2056.2823692090583 939.5779800048163 641.1030804525235
366 PINHOLE 1920 1280 2063.9144000244905 2063.9144000244905 978.7598986481419 639.3123770365744
367 PINHOLE 1920 1280 2056.2823692090583 2056.2823692090583 939.5779800048163 641.1030804525235
368 PINHOLE 1920 1280 2063.9144000244905 2063.9144000244905 978.7598986481419 639.3123770365744
369 PINHOLE 1920 1280 2056.2823692090583 2056.2823692090583 939.5779800048163 641.1030804525235
370 PINHOLE 1920 1280 2063.9144000244905 2063.9144000244905 978.7598986481419 639.3123770365744
371 PINHOLE 1920 1280 2056.2823692090583 2056.2823692090583 939.5779800048163 641.1030804525235
372 PINHOLE 1920 1280 2063.9144000244905 2063.9144000244905 978.7598986481419 639.3123770365744
373 PINHOLE 1920 1280 2056.2823692090583 2056.2823692090583 939.5779800048163 641.1030804525235
374 PINHOLE 1920 1280 2063.9144000244905 2063.9144000244905 978.7598986481419 639.3123770365744
375 PINHOLE 1920 1280 2056.2823692090583 2056.2823692090583 939.5779800048163 641.1030804525235
376 PINHOLE 1920 1280 2063.9144000244905 2063.9144000244905 978.7598986481419 639.3123770365744
377 PINHOLE 1920 1280 2056.2823692090583 2056.2823692090583 939.5779800048163 641.1030804525235
378 PINHOLE 1920 1280 2063.9144000244905 2063.9144000244905 978.7598986481419 639.3123770365744
379 PINHOLE 1920 1280 2056.2823692090583 2056.2823692090583 939.5779800048163 641.1030804525235
380 PINHOLE 1920 1280 2063.9144000244905 2063.9144000244905 978.7598986481419 639.3123770365744
381 PINHOLE 1920 1280 2056.2823692090583 2056.2823692090583 939.5779800048163 641.1030804525235
382 PINHOLE 1920 1280 2063.9144000244905 2063.9144000244905 978.7598986481419 639.3123770365744
383 PINHOLE 1920 1280 2056.2823692090583 2056.2823692090583 939.5779800048163 641.1030804525235
384 PINHOLE 1920 1280 2063.9144000244905 2063.9144000244905 978.7598986481419 639.3123770365744
385 PINHOLE 1920 1280 2056.2823692090583 2056.2823692090583 939.5779800048163 641.1030804525235
386 PINHOLE 1920 1280 2063.9144000244905 2063.9144000244905 978.7598986481419 639.3123770365744
387 PINHOLE 1920 1280 2056.2823692090583 2056.2823692090583 939.5779800048163 641.1030804525235
388 PINHOLE 1920 1280 2063.9144000244905 2063.9144000244905 978.7598986481419 639.3123770365744
389 PINHOLE 1920 1280 2056.2823692090583 2056.2823692090583 939.5779800048163 641.1030804525235
390 PINHOLE 1920 1280 2063.9144000244905 2063.9144000244905 978.7598986481419 639.3123770365744
391 PINHOLE 1920 1280 2056.2823692090583 2056.2823692090583 939.5779800048163 641.1030804525235
392 PINHOLE 1920 1280 2063.9144000244905 2063.9144000244905 978.7598986481419 639.3123770365744
393 PINHOLE 1920 1280 2056.2823692090583 2056.2823692090583 939.5779800048163 641.1030804525235
394 PINHOLE 1920 1280 2063.9144000244905 2063.9144000244905 978.7598986481419 639.3123770365744
395 PINHOLE 1920 1280 2056.2823692090583 2056.2823692090583 939.5779800048163 641.1030804525235
396 PINHOLE 1920 1280 2063.9144000244905 2063.9144000244905 978.7598986481419 639.3123770365744