1 -0.49853344263225147 0.5045073358299081 -0.5039542126856049 0.49291673352349896 1.5386667139035357 -0.02493885762899914 2.115339904827212 1 000_0.jpg

2 -0.6453131289111472 0.6569838853082128 -0.2782967558409047 0.2729359921092449 1.4939734510362057 0.09112245742450725 2.115108815401921 2 000_1.jpg

3 -0.4985330365373622 0.5045552866087846 -0.5039063897607032 0.4929169550688015 1.538661119866101 -0.02467665971680134 2.1153424393750084 3 001_0.jpg

4 -0.6452948545523624 0.6570280484049558 -0.27825211468179745 0.27291840350648516 1.4939567196914407 0.0913803432919064 2.115100245938584 4 001_1.jpg

5 -0.4985331151687579 0.5045550751684184 -0.5039538611197898 0.4928685575935852 1.5387258746192718 -0.024854496886248998 2.115192997864834 5 002_0.jpg

6 -0.64531303563485 0.6570102305650937 -0.27829606101409987 0.27287349705783726 1.4940214268865672 0.09120251894287366 2.1149662165766707 6 002_1.jpg

7 -0.49850933848045637 0.5045310196841235 -0.5039780545527806 0.492892493504893 1.5386988350990987 -0.02487676103778398 2.1151930269998602 7 003_0.jpg

8 -0.6452998176211516 0.6569969989258144 -0.2783276172963065 0.2729044269167185 1.4940055246783581 0.09118454415626068 2.1149662224801653 8 003_1.jpg

9 -0.4985331151687579 0.5045550751684184 -0.5039538611197898 0.4928685575935852 1.538716272239694 -0.02477328145501193 2.1151932132788103 9 004_0.jpg

10 -0.64531303563485 0.6570102305650937 -0.27829606101409987 0.27287349705783726 1.4940118245069895 0.09128373437411073 2.114966431990647 10 004_1.jpg

11 -0.4985331151687579 0.5045550751684184 -0.5039538611197898 0.4928685575935852 1.5386652379017367 -0.024784350873645198 2.1151933394877274 11 005_0.jpg

12 -0.64531303563485 0.6570102305650937 -0.27829606101409987 0.27287349705783726 1.4939607901690322 0.09127266495547746 2.1149665581995643 12 005_1.jpg

13 -0.4985331151687579 0.5045550751684184 -0.5039538611197898 0.4928685575935852 1.5386442442629094 -0.024825796760936245 2.1151933065170665 13 006_0.jpg

14 -0.64531303563485 0.6570102305650937 -0.27829606101409987 0.27287349705783726 1.4939397965302048 0.09123121906818642 2.1149665252289034 14 006_1.jpg

15 -0.49850900871432685 0.5045787590132449 -0.503977700691698 0.49284431759818637 1.5387855932386783 -0.02483757033099957 2.1150459145949365 15 007_0.jpg

16 -0.645299721352709 0.6570233441590639 -0.2783269211977148 0.2728419318740391 1.4940810983633748 0.09121943563290488 2.114823418216896 16 007_1.jpg

17 -0.49850900871432685 0.5045787590132449 -0.503977700691698 0.49284431759818637 1.538749784611461 -0.024788907960908747 2.115046132992837 17 008_0.jpg

18 -0.645299721352709 0.6570233441590639 -0.2783269211977148 0.2728419318740391 1.4940452897361576 0.0912680980029957 2.1148236366147968 18 008_1.jpg

19 -0.49850933848045637 0.5045310196841235 -0.5039780545527806 0.492892493504893 1.5386426476532915 -0.024777016125834453 2.1151934235053873 19 009_0.jpg

20 -0.6452998176211516 0.6569969989258144 -0.2783276172963065 0.2729044269167185 1.493949337232551 0.0912842890682102 2.1149666189856924 20 009_1.jpg

21 -0.49850933848045637 0.5045310196841235 -0.5039780545527806 0.492892493504893 1.538647339541826 -0.0249034612674663 2.1151931186134605 21 010_0.jpg

22 -0.6452998176211516 0.6569969989258144 -0.2783276172963065 0.2729044269167185 1.4939540291210855 0.09115784392657836 2.1149663140937656 22 010_1.jpg

23 -0.49850933848045637 0.5045310196841235 -0.5039780545527806 0.492892493504893 1.5386374902289799 -0.024848126188724964 2.1151932752112814 23 011_0.jpg

24 -0.6452998176211516 0.6569969989258144 -0.2783276172963065 0.2729044269167185 1.4939441798082393 0.0912131790053197 2.1149664706915865 24 011_1.jpg

25 -0.49850933848045637 0.5045310196841235 -0.5039780545527806 0.492892493504893 1.5387425228644542 -0.024898509817101913 2.115192847111841 25 012_0.jpg

26 -0.6452998176211516 0.6569969989258144 -0.2783276172963065 0.2729044269167185 1.4940492124437137 0.09116279537694275 2.114966042592146 26 012_1.jpg

27 -0.49853352129965217 0.504507119791685 -0.5040016840452516 0.4928683360691962 1.538710126654194 -0.024991129972884846 2.1151907962244163 27 013_0.jpg

28 -0.6453313100343977 0.6569660632096387 -0.27834070220020385 0.2728910873935141 1.494016817300258 0.09107019684318429 2.114975118949467 28 013_1.jpg

29 -0.4985331151687579 0.5045550751684184 -0.5039538611197898 0.4928685575935852 1.5386919581030132 -0.02481519227281129 2.115193189107212 29 014_0.jpg

30 -0.64531303563485 0.6570102305650937 -0.27829606101409987 0.27287349705783726 1.4939875103703086 0.09124182355631137 2.114966407819049 30 014_1.jpg

31 -0.4985331151687579 0.5045550751684184 -0.5039538611197898 0.4928685575935852 1.5387487487184306 -0.0247968040652751 2.115193062630378 31 015_0.jpg

32 -0.64531303563485 0.6570102305650937 -0.27829606101409987 0.27287349705783726 1.494044300985726 0.09126021176384756 2.1149662813422148 32 015_1.jpg

33 -0.4985092575320929 0.5045312334075638 -0.5039305831969834 0.4929408909694875 1.5386823326433163 -0.024854152914022855 2.1153419679209673 33 016_0.jpg

34 -0.6452816343863215 0.6570148188766276 -0.27828367181056846 0.2729493324847266 1.4939890697759863 0.0912071394506476 2.1150997512530045 34 016_1.jpg

35 -0.49853335940292515 0.5045075472385651 -0.5039067413337661 0.4929651309982742 1.5385662523717378 -0.02475709981002576 2.11548944199608 35 017_0.jpg

36 -0.6452949435647793 0.6570017031112239 -0.2782528112288285 0.27298089852942714 1.4938730385354335 0.09130420241409574 2.11524294042715 36 017_1.jpg

37 -0.49853335940292515 0.5045075472385651 -0.5039067413337661 0.4929651309982742 1.5386143531781904 -0.02477359312013898 2.1154892610847655 37 018_0.jpg

38 -0.6452949435647793 0.6570017031112239 -0.2782528112288285 0.27298089852942714 1.493921139341886 0.09128770910398253 2.115242759515836 38 018_1.jpg

39 -0.4985330365373622 0.5045552866087846 -0.5039063897607032 0.4929169550688015 1.5386715079872555 -0.024653308587898836 2.115342462230795 39 019_0.jpg

40 -0.6452948545523624 0.6570280484049558 -0.27825211468179745 0.27291840350648516 1.4939671078125951 0.09140369442080891 2.1151002687943707 40 019_1.jpg

41 -0.49848507128638575 0.5045551298258327 -0.5039069525503552 0.4929650472827235 1.5387157659796007 -0.024769858772699545 2.115343957678841 41 020_0.jpg

42 -0.645250138378672 0.6570457509352563 -0.2782705871407506 0.2729626722329848 1.4940225031122707 0.0912914098363236 2.115090613770432 42 020_1.jpg

43 -0.49853335940292515 0.5045075472385651 -0.5039067413337661 0.4929651309982742 1.53853951573953 -0.024858430134267404 2.1154892883015792 43 021_0.jpg

44 -0.6452949435647793 0.6570017031112239 -0.2782528112288285 0.27298089852942714 1.4938463019032258 0.0912028720898541 2.1152427867326495 44 021_1.jpg

45 -0.4985091720218041 0.5045314425014369 -0.5038831118492123 0.4929892884543323 1.5386931837517226 -0.02475176179618387 2.1154909721913735 45 022_0.jpg

46 -0.6452634469284574 0.6570326345317955 -0.2782397280722552 0.2729942397569796 1.4939999709822211 0.09130951667229023 2.115233343382049 46 022_1.jpg

47 -0.49853335940292515 0.5045075472385651 -0.5039067413337661 0.4929651309982742 1.5386203330676558 -0.02478419422289728 2.115489218919028 47 023_0.jpg

48 -0.6452949435647793 0.6570017031112239 -0.2782528112288285 0.27298089852942714 1.4939271192313515 0.09127710800122422 2.1152427173500983 48 023_1.jpg

49 -0.49853335940292515 0.5045075472385651 -0.5039067413337661 0.4929651309982742 1.5386724702370607 -0.02482112159771925 2.115488978992933 49 024_0.jpg

50 -0.6452949435647793 0.6570017031112239 -0.2782528112288285 0.27298089852942714 1.4939792564007564 0.09124018062640225 2.1152424774240033 50 024_1.jpg

51 -0.4985091720218041 0.5045314425014369 -0.5038831118492123 0.4929892884543323 1.5386842332233686 -0.024746357642330564 2.1154910112281082 51 025_0.jpg

52 -0.6452634469284574 0.6570326345317955 -0.2782397280722552 0.2729942397569796 1.4939910204538671 0.09131492082614354 2.1152333824187837 52 025_1.jpg

53 -0.49853335940292515 0.5045075472385651 -0.5039067413337661 0.4929651309982742 1.5386265057172472 -0.024795718201298153 2.1154891740568944 53 026_0.jpg

54 -0.6452949435647793 0.6570017031112239 -0.2782528112288285 0.27298089852942714 1.493933291880943 0.09126558402282335 2.1152426724879647 54 026_1.jpg

55 -0.49858164749897416 0.5044599646435365 -0.5039065254771263 0.4929652101625638 1.5385267099675808 -0.024948945906203758 2.11563408974535 55 027_0.jpg

56 -0.6453397470424197 0.6569576535438951 -0.2782350310116373 0.27299912061264703 1.493833543439505 0.09111238886619438 2.1153944305226413 56 027_1.jpg

57 -0.49858164749897416 0.5044599646435365 -0.5039065254771263 0.4929652101625638 1.5386015669167215 -0.024953742788398327 2.114633849161259 57 028_0.jpg

58 -0.6453397470424197 0.6569576535438951 -0.2782350310116373 0.27299912061264703 1.4939084003886456 0.09110759198399981 2.1143941899385506 58 028_1.jpg

59 -0.49853335940292515 0.5045075472385651 -0.5039067413337661 0.4929651309982742 1.5386153652566186 -0.02494495586973637 2.115488863775316 59 029_0.jpg

60 -0.6452949435647793 0.6570017031112239 -0.2782528112288285 0.27298089852942714 1.4939221514203143 0.09111634635438513 2.1152423622063865 60 029_1.jpg

61 -0.4985092575320929 0.5045312334075638 -0.5039305831969834 0.4929408909694875 1.5387207019237625 -0.02480171487126507 2.1153419745420887 61 030_0.jpg

62 -0.6452816343863215 0.6570148188766276 -0.27828367181056846 0.2729493324847266 1.4940274390564325 0.09125957749340538 2.115099757874126 62 030_1.jpg

63 -0.49855754563844257 0.5044836508163609 -0.5039303696603686 0.4929409724094077 1.538633614860643 -0.024854416505994077 2.1154871032541567 63 031_0.jpg

64 -0.6453264387182469 0.6569707701808962 -0.27826589374599126 0.2729675566745786 1.493940399957535 0.09120690840696351 2.115251728927848 64 031_1.jpg

65 -0.49853335940292515 0.5045075472385651 -0.5039067413337661 0.4929651309982742 1.5386855161600301 -0.024814941675808153 2.1154889544389492 65 032_0.jpg

66 -0.6452949435647793 0.6570017031112239 -0.2782528112288285 0.27298089852942714 1.4939923023237258 0.09124636054831335 2.1152424528700196 66 032_1.jpg

67 -0.49853335940292515 0.5045075472385651 -0.5039067413337661 0.4929651309982742 1.5386957043324123 -0.024799071775882406 2.1154889606748855 67 033_0.jpg

68 -0.6452949435647793 0.6570017031112239 -0.2782528112288285 0.27298089852942714 1.494002490496108 0.0912622304482391 2.1152424591059558 68 033_1.jpg

69 -0.4985574601281538 0.504483859910234 -0.5038828983125976 0.4929893698942526 1.5386099397907442 -0.024910721130101135 2.114635837877682 69 034_0.jpg

70 -0.6453082512603827 0.6569885858360643 -0.27822195000767813 0.27301246394683165 1.4939167753962759 0.09115059095346059 2.114385051412506 70 034_1.jpg

71 -0.4985574601281538 0.504483859910234 -0.5038828983125976 0.4929893698942526 1.538575481448474 -0.024813521262405172 2.1146361639459568 71 035_0.jpg

72 -0.6453082512603827 0.6569885858360643 -0.27822195000767813 0.27301246394683165 1.4938823170540056 0.09124779082115655 2.114385377480781 72 035_1.jpg

73 -0.4985574601281538 0.504483859910234 -0.5038828983125976 0.4929893698942526 1.5385581062561455 -0.024872679671563216 2.115636086528735 73 036_0.jpg

74 -0.6453082512603827 0.6569885858360643 -0.27822195000767813 0.27301246394683165 1.4938649418616772 0.09118863241199851 2.115385300063559 74 036_1.jpg

75 -0.4985574601281538 0.504483859910234 -0.5038828983125976 0.4929893698942526 1.5386470742447769 -0.024764293342588187 2.1146360644369193 75 037_0.jpg

76 -0.6453082512603827 0.6569885858360643 -0.27822195000767813 0.27301246394683165 1.4939539098503085 0.09129701874097354 2.1143852779717434 76 037_1.jpg

77 -0.4985574601281538 0.504483859910234 -0.5038828983125976 0.4929893698942526 1.5386019297781373 -0.02492884149372139 2.114635819989769 77 038_0.jpg

78 -0.6453082512603827 0.6569885858360643 -0.27822195000767813 0.27301246394683165 1.493908765383669 0.09113247058984034 2.114385033524593 78 038_1.jpg

79 -0.4985332716116741 0.5045077540176539 -0.5038592699901717 0.4930135284930773 1.5385756383239821 -0.024772295674250055 2.1156381605680834 79 039_0.jpg

80 -0.6452767539954609 0.6570195166185079 -0.27820886836437925 0.2730258066536478 1.49388247606312 0.0912889926536639 2.1153762468626662 80 039_1.jpg

81 -0.4985574601281538 0.504483859910234 -0.5038828983125976 0.4929893698942526 1.5385725988759573 -0.02488447291769398 2.114636009255261 81 040_0.jpg

82 -0.6453082512603827 0.6569885858360643 -0.27822195000767813 0.27301246394683165 1.493879434481489 0.09117683916586775 2.114385222790085 82 040_1.jpg

83 -0.49853335940292515 0.5045075472385651 -0.5039067413337661 0.4929651309982742 1.5387062393969877 -0.02480184909053089 2.115488922973033 83 041_0.jpg

84 -0.6452949435647793 0.6570017031112239 -0.2782528112288285 0.27298089852942714 1.4940130255606834 0.09125945313359062 2.1152424214041035 84 041_1.jpg

85 -0.49853335940292515 0.5045075472385651 -0.5039067413337661 0.4929651309982742 1.538712728261516 -0.02484899949457424 2.115488795195536 85 042_0.jpg

86 -0.6452949435647793 0.6570017031112239 -0.2782528112288285 0.27298089852942714 1.4940195144252117 0.09121230272954726 2.1152422936266064 86 042_1.jpg

87 -0.49853335940292515 0.5045075472385651 -0.5039067413337661 0.4929651309982742 1.5386545492715136 -0.024845451226050794 2.1154889762740554 87 043_0.jpg

88 -0.6452949435647793 0.6570017031112239 -0.2782528112288285 0.27298089852942714 1.4939613354352093 0.09121585099807071 2.1152424747051257 88 043_1.jpg

89 -0.49853335940292515 0.5045075472385651 -0.5039067413337661 0.4929651309982742 1.5386705240293572 -0.02486289207866714 2.1154888886644487 89 044_0.jpg

90 -0.6452949435647793 0.6570017031112239 -0.2782528112288285 0.27298089852942714 1.493977310193053 0.09119841014545436 2.115242387095519 90 044_1.jpg

91 -0.4985574601281538 0.504483859910234 -0.5038828983125976 0.4929893698942526 1.5385180086192618 -0.02481008940033598 2.115636349721765 91 045_0.jpg

92 -0.6453082512603827 0.6569885858360643 -0.27822195000767813 0.27301246394683165 1.4938248442247934 0.09125122268322575 2.115385563256589 92 045_1.jpg

93 -0.49855754563844257 0.5044836508163609 -0.5039303696603686 0.4929409724094077 1.538635939663706 -0.02491317884817202 2.1154869611339 93 046_0.jpg

94 -0.6453264387182469 0.6569707701808962 -0.27826589374599126 0.2729675566745786 1.4939427247605979 0.09114814606478557 2.115251586807591 94 046_1.jpg

95 -0.49855754563844257 0.5044836508163609 -0.5039303696603686 0.4929409724094077 1.5386225716904816 -0.024843506063624073 2.115487161180272 95 047_0.jpg

96 -0.6453264387182469 0.6569707701808962 -0.27826589374599126 0.2729675566745786 1.4939293567873735 0.09121781884933351 2.1152517868539635 96 047_1.jpg

97 -0.49853335940292515 0.5045075472385651 -0.5039067413337661 0.4929651309982742 1.5385951204757198 -0.02485397622548073 2.1154891332868333 97 048_0.jpg

98 -0.6452949435647793 0.6570017031112239 -0.2782528112288285 0.27298089852942714 1.4939019066394155 0.09120732599864077 2.1152426317179036 98 048_1.jpg

99 -0.4985572204775857 0.5045313901641506 -0.5039300203898216 0.49289279645639766 1.538723161562934 -0.024814275754411072 2.115340023718685 99 049_0.jpg

100 -0.6453263484340952 0.6569971154613482 -0.27826520019097506 0.2729050616145864 1.4940187613836395 0.09124274993995875 2.115108957524939 100 049_1.jpg

101 -0.4985571395652272 0.5045315992897339 -0.5038825490348048 0.4929411939419036 1.538564072345519 -0.024770575839938195 2.1154894174673404 101 050_0.jpg

102 -0.6453081652401104 0.6570149311534502 -0.27822125473243803 0.27294996891550904 1.4938597212018838 0.09128643703414788 2.115242939129963 102 050_1.jpg

103 -0.4985572204775857 0.5045313901641506 -0.5039300203898216 0.49289279645639766 1.5386506293204498 -0.024812211357871136 2.115340244042199 103 051_0.jpg

104 -0.6453263484340952 0.6569971154613482 -0.27826520019097506 0.2729050616145864 1.4939462291411554 0.09124481433649868 2.115109177848453 104 051_1.jpg

105 -0.4985089323638937 0.5045789727683933 -0.5039302293286506 0.49289271506300153 1.538751775235539 -0.024673619747012165 2.115195251690678 105 052_0.jpg

106 -0.6452815423817602 0.6570411641466446 -0.27828297399174784 0.2728868374703086 1.494047326440665 0.0913833733963459 2.1149573431598876 106 052_1.jpg

107 -0.49848515451571207 0.5045549184171758 -0.5039544239021941 0.49291664980794825 1.5387238629979694 -0.02480380393754289 2.115195035098168 107 053_0.jpg

108 -0.64526832372504 0.6570279331322453 -0.2783145317528267 0.27291776581280264 1.494030551510425 0.09125747856766571 2.1149571033358523 108 053_1.jpg

109 -0.49848507128638575 0.5045551298258327 -0.5039069525503552 0.4929650472827235 1.5386555367811756 -0.024749719965668656 2.11534418302521 109 054_0.jpg

110 -0.645250138378672 0.6570457509352563 -0.2782705871407506 0.2729626722329848 1.4939622739138456 0.09131154864335449 2.1150908391168013 110 054_1.jpg

111 -0.49850885145153534 0.5045791818939768 -0.5038827579736339 0.4929411125485077 1.5386519808839931 -0.024658113045937843 2.1153444043789538 111 055_0.jpg

112 -0.6452633591877753 0.6570589798387467 -0.2782390285332108 0.27293174477123155 1.4939475807140692 0.09139886621029644 2.115091083702077 112 055_1.jpg

113 -0.49848515451571207 0.5045549184171758 -0.5039544239021941 0.49291664980794825 1.538716608870047 -0.024906483912813693 2.115194820394123 113 056_0.jpg

114 -0.64526832372504 0.6570279331322453 -0.2783145317528267 0.27291776581280264 1.4940232973825027 0.0911547985923949 2.1149568886318075 114 056_1.jpg

115 -0.4985572968280187 0.504531176409002 -0.503977491752869 0.49284439899158244 1.538768788231085 -0.024851139113882592 2.115190943991579 115 057_0.jpg

116 -0.6453445274050439 0.6569792954737673 -0.27830914739694196 0.27286015601831676 1.494064341560653 0.0912058983341931 2.1149752899481675 116 057_1.jpg

117 -0.49858140327215045 0.5045074925601294 -0.503953649860935 0.49286863671135156 1.5386275551752528 -0.024906663902843483 2.1153381612328777 117 058_0.jpg

118 -0.6453578408329016 0.6569661810079955 -0.2782782850607137 0.2728917190955659 1.4939231549914267 0.09115038341037689 2.1151182222839346 118 058_1.jpg

119 -0.49850933848045637 0.5045310196841235 -0.5039780545527806 0.492892493504893 1.5387399604358916 -0.024803711998127656 2.115193072855091 119 059_0.jpg

120 -0.6452998176211516 0.6569969989258144 -0.2783276172963065 0.2729044269167185 1.494046650015151 0.091257593195917 2.114966268335396 120 059_1.jpg

121 -0.49848515451571207 0.5045549184171758 -0.5039544239021941 0.49291664980794825 1.5387517932328338 -0.02475553872400682 2.115195063143659 121 060_0.jpg

122 -0.64526832372504 0.6570279331322453 -0.2783145317528267 0.27291776581280264 1.4940584817452895 0.09130574378120178 2.1149571313813436 122 060_1.jpg

123 -0.4985572204775857 0.5045313901641506 -0.5039300203898216 0.49289279645639766 1.5386389875063238 -0.024798346722777795 2.115340310545077 123 061_0.jpg

124 -0.6453263484340952 0.6569971154613482 -0.27826520019097506 0.2729050616145864 1.4939345873270293 0.09125867897159202 2.115109244351331 124 061_1.jpg

125 -0.4985572204775857 0.5045313901641506 -0.5039300203898216 0.49289279645639766 1.5387178323005124 -0.02476738069373373 2.115340147462175 125 062_0.jpg

126 -0.6453263484340952 0.6569971154613482 -0.27826520019097506 0.2729050616145864 1.494013432121218 0.09128964500063609 2.1151090812684292 126 062_1.jpg

127 -0.4986055085705681 0.5044838075519247 -0.5039298068109416 0.49289287329853415 1.5385551606669892 -0.024848744881338373 2.1154854154239024 127 063_0.jpg

128 -0.6453711527777604 0.6569530650325494 -0.27824742208501635 0.27292328154572404 1.4938508073805803 0.09120831229705581 2.115261191573903 128 063_1.jpg

129 -0.49855754563844257 0.5044836508163609 -0.5039303696603686 0.4929409724094077 1.5386030697757602 -0.024842200795026866 2.115487222145379 129 064_0.jpg

130 -0.6453264387182469 0.6569707701808962 -0.27826589374599126 0.2729675566745786 1.4939098548726522 0.09121912411793072 2.1152518478190703 130 064_1.jpg

131 -0.49855754563844257 0.5044836508163609 -0.5039303696603686 0.4929409724094077 1.5386051309927067 -0.024843947214029168 2.1154872120007613 131 065_0.jpg

132 -0.6453264387182469 0.6569707701808962 -0.27826589374599126 0.2729675566745786 1.4939119160895986 0.09121737769892842 2.1152518376744527 132 065_1.jpg

133 -0.49858140327215045 0.5045074925601294 -0.503953649860935 0.49286863671135156 1.5386759198097475 -0.02486509586814025 2.11533811313516 133 066_0.jpg

134 -0.6453578408329016 0.6569661810079955 -0.2782782850607137 0.2728917190955659 1.4939715196259213 0.09119195144508012 2.115118174186217 134 066_1.jpg

135 -0.49858173072830053 0.5044597532348796 -0.503953996828965 0.49291681268778853 1.5386029493676447 -0.0248631010444369 2.11548524035771 135 067_0.jpg

136 -0.6453579323887875 0.656939835740884 -0.27827897562371345 0.27295421419246485 1.4939097333977323 0.09119824549054516 2.115260993276146 136 067_1.jpg

137 -0.4985572204775857 0.5045313901641506 -0.5039300203898216 0.49289279645639766 1.5387472841382028 -0.024740443748273763 2.115340121909481 137 068_0.jpg

138 -0.6453263484340952 0.6569971154613482 -0.27826520019097506 0.2729050616145864 1.4940428839589084 0.09131658194609606 2.115109055715735 138 068_1.jpg

139 -0.49858132464075466 0.5045077040004955 -0.5039061785018484 0.4929170341865678 1.5385782536170105 -0.024793683443449774 2.1154874075388146 139 069_0.jpg

140 -0.6453396597504139 0.6569839988478574 -0.27823433872841125 0.27293662554421366 1.4938739014019375 0.09126335211619613 2.115252056444064 140 069_1.jpg

141 -0.49855754563844257 0.5044836508163609 -0.5039303696603686 0.4929409724094077 1.5386817690780814 -0.02485443761127338 2.1154869600862187 141 070_0.jpg

142 -0.6453264387182469 0.6569707701808962 -0.27826589374599126 0.2729675566745786 1.4939885541749733 0.0912068873016842 2.11525158575991 142 070_1.jpg

143 -0.4986058337240799 0.5044360682176161 -0.5039301514837041 0.4929410492980667 1.5385208941380022 -0.024852560606291527 2.114632387692892 143 071_0.jpg

144 -0.6453712413414991 0.6569267197420712 -0.2782481113762268 0.2729857766511246 1.4938277254763186 0.09120879578813144 2.1144038557147757 144 071_1.jpg

145 -0.498629612723216 0.5044601213844423 -0.5039059626029436 0.4929171087530744 1.5385692621512537 -0.024704733383574807 2.114632584084893 145 072_0.jpg

146 -0.6453844632395895 0.6569399475474592 -0.2782165584699209 0.27295484336871856 1.493864956173073 0.09135233366002223 2.114404075338354 146 072_1.jpg

147 -0.4986055085705681 0.5044838075519247 -0.5039298068109416 0.49289287329853415 1.5387201350896489 -0.02479320957733844 2.114485045824137 147 073_0.jpg

148 -0.6453711527777604 0.6569530650325494 -0.27824742208501635 0.27292328154572404 1.49401578180324 0.09126384760105574 2.1142608219741374 148 073_1.jpg

149 -0.4986058337240799 0.5044360682176161 -0.5039301514837041 0.4929410492980667 1.538521623389044 -0.024879195024709852 2.1146323242403455 149 074_0.jpg

150 -0.6453712413414991 0.6569267197420712 -0.2782481113762268 0.2729857766511246 1.4938284547273604 0.09118216136971312 2.1144037922622294 150 074_1.jpg

151 -0.49865379658366776 0.5044362249901876 -0.5039295885346381 0.49289294564809244 1.5386306067820252 -0.024831479168962185 2.114630156629844 151 075_0.jpg

152 -0.6454159553358663 0.6569090129357801 -0.27822963964226805 0.2729414972959661 1.4939262986658117 0.09122560842642073 2.1144127751029016 152 075_1.jpg

153 -0.498629612723216 0.5044601213844423 -0.5039059626029436 0.4929171087530744 1.5386020812621102 -0.02487010997637883 2.1146321060156112 153 076_0.jpg

154 -0.6453844632395895 0.6569399475474592 -0.2782165584699209 0.27295484336871856 1.4938977752839295 0.0911869570672182 2.1144035972690722 154 076_1.jpg

155 -0.498629612723216 0.5044601213844423 -0.5039059626029436 0.4929171087530744 1.5386780791487074 -0.024797369379572432 2.1146320475162583 155 077_0.jpg

156 -0.6453844632395895 0.6569399475474592 -0.2782165584699209 0.27295484336871856 1.4939737731705267 0.0912596976640246 2.1144035387697193 156 077_1.jpg

157 -0.498629612723216 0.5044601213844423 -0.5039059626029436 0.4929171087530744 1.5386027540735487 -0.02484193725249172 2.1146321688406915 157 078_0.jpg

158 -0.6453844632395895 0.6569399475474592 -0.2782165584699209 0.27295484336871856 1.493898448095368 0.09121512979110531 2.1144036600941525 158 078_1.jpg

159 -0.49858132464075466 0.5045077040004955 -0.5039061785018484 0.4929170341865678 1.538606400981002 -0.02478178033990873 2.1154873512706653 159 079_0.jpg

160 -0.6453396597504139 0.6569839988478574 -0.27823433872841125 0.27293662554421366 1.4939020487659291 0.09127525521973717 2.1152520001759147 160 079_1.jpg

161 -0.49855754563844257 0.5044836508163609 -0.5039303696603686 0.4929409724094077 1.5386042486409648 -0.02484939635558315 2.115487202084853 161 080_0.jpg

162 -0.6453264387182469 0.6569707701808962 -0.27826589374599126 0.2729675566745786 1.4939110337378567 0.09121192855737444 2.1152518277585446 162 080_1.jpg

163 -0.49853344263225147 0.5045073358299081 -0.5039542126856049 0.49291673352349896 1.5387223261412377 -0.02484926406376395 2.115339945694404 163 081_0.jpg

164 -0.6453131289111472 0.6569838853082128 -0.2782967558409047 0.2729359921092449 1.4940290632739077 0.09121205098974244 2.115108856269113 164 081_1.jpg

165 -0.49853344263225147 0.5045073358299081 -0.5039542126856049 0.49291673352349896 1.538681522298089 -0.024915871940070028 2.115339913704619 165 082_0.jpg

166 -0.6453131289111472 0.6569838853082128 -0.2782967558409047 0.2729359921092449 1.493988259430759 0.09114544311343636 2.115108824279328 166 082_1.jpg

167 -0.49853344263225147 0.5045073358299081 -0.5039542126856049 0.49291673352349896 1.538574946375616 -0.024948399918944014 2.115340155613313 167 083_0.jpg

168 -0.6453131289111472 0.6569838853082128 -0.2782967558409047 0.2729359921092449 1.493881683508286 0.09111291513456238 2.115109066188022 168 083_1.jpg

169 -0.49850933848045637 0.5045310196841235 -0.5039780545527806 0.492892493504893 1.5386771454039672 -0.02483029667423438 2.1151931983772543 169 084_0.jpg

170 -0.6452998176211516 0.6569969989258144 -0.2783276172963065 0.2729044269167185 1.4939838349832266 0.09123100851981028 2.1149663938575594 170 084_1.jpg

171 -0.4985089323638937 0.5045789727683933 -0.5039302293286506 0.49289271506300153 1.5386671827840812 -0.024653375849232727 2.1151955496890045 171 085_0.jpg

172 -0.6452815423817602 0.6570411641466446 -0.27828297399174784 0.2728868374703086 1.4939627339892072 0.09140361729412534 2.114957641158214 172 085_1.jpg

173 -0.49850933848045637 0.5045310196841235 -0.5039780545527806 0.492892493504893 1.5387251876044001 -0.02492172894057916 2.115192845207416 173 086_0.jpg

174 -0.6452998176211516 0.6569969989258144 -0.2783276172963065 0.2729044269167185 1.4940318771836596 0.0911395762534655 2.114966040687721 174 086_1.jpg

175 -0.49850933848045637 0.5045310196841235 -0.5039780545527806 0.492892493504893 1.5387234290290916 -0.024970795889156253 2.115192737532267 175 087_0.jpg

176 -0.6452998176211516 0.6569969989258144 -0.2783276172963065 0.2729044269167185 1.494030118608351 0.0910905093048884 2.1149659330125723 176 087_1.jpg

177 -0.4985331151687579 0.5045550751684184 -0.5039538611197898 0.4928685575935852 1.538632746025255 -0.02479987523607011 2.115193400335822 177 088_0.jpg

178 -0.64531303563485 0.6570102305650937 -0.27829606101409987 0.27287349705783726 1.4939282982925504 0.09125714059305255 2.114966619047659 178 088_1.jpg

179 -0.4985089323638937 0.5045789727683933 -0.5039302293286506 0.49289271506300153 1.538662011884696 -0.02471355508570323 2.115195426586509 179 089_0.jpg

180 -0.6452815423817602 0.6570411641466446 -0.27828297399174784 0.2728868374703086 1.493957563089822 0.09134343805765484 2.1149575180557187 180 089_1.jpg

181 -0.4985330365373622 0.5045552866087846 -0.5039063897607032 0.4929169550688015 1.5385953126566345 -0.02477650364794016 2.1153424052224876 181 090_0.jpg

182 -0.6452948545523624 0.6570280484049558 -0.27825211468179745 0.27291840350648516 1.4938909124819741 0.09128049936076758 2.1151002117860633 182 090_1.jpg

183 -0.49848515451571207 0.5045549184171758 -0.5039544239021941 0.49291664980794825 1.5387222608357407 -0.024954240069659628 2.1151946937101513 183 091_0.jpg

184 -0.64526832372504 0.6570279331322453 -0.2783145317528267 0.27291776581280264 1.4940289493481964 0.09110704243554897 2.1149567619478358 184 091_1.jpg

185 -0.4985089323638937 0.5045789727683933 -0.5039302293286506 0.49289271506300153 1.5386539558443812 -0.024687446265864676 2.115195510605658 185 092_0.jpg

186 -0.6452815423817602 0.6570411641466446 -0.27828297399174784 0.2728868374703086 1.4939495070495072 0.0913695468774934 2.1149576020748677 186 092_1.jpg

187 -0.4985089323638937 0.5045789727683933 -0.5039302293286506 0.49289271506300153 1.5386758860281018 -0.024817749938768795 2.1151951456013327 187 093_0.jpg

188 -0.6452815423817602 0.6570411641466446 -0.27828297399174784 0.2728868374703086 1.4939714372332278 0.09123924320458927 2.1149572370705423 188 093_1.jpg

189 -0.4985089323638937 0.5045789727683933 -0.5039302293286506 0.49289271506300153 1.5387361909801596 -0.024754628319136284 2.1151951116100056 189 094_0.jpg

190 -0.6452815423817602 0.6570411641466446 -0.27828297399174784 0.2728868374703086 1.4940317421852856 0.09130236482422179 2.114957203079215 190 094_1.jpg

191 -0.4984609694054745 0.504578815990787 -0.5039307920935464 0.49294080497830656 1.5387061470468772 -0.024766468173416933 2.1151970688275576 191 095_0.jpg

192 -0.6452368283461349 0.6570588658288599 -0.27830144556979447 0.27293110408173593 1.49401283449253 0.09129479057614424 2.114948009824847 192 095_1.jpg

193 -0.49848482704487773 0.5046026577685057 -0.5039540677385926 0.49286847392455974 1.5387426421318162 -0.024673914101939802 2.1150483334309462 193 096_0.jpg

194 -0.6452682287283343 0.6570542783784872 -0.27831383266221843 0.27285527080705246 1.49403814512754 0.09138306917609734 2.1148147098104317 194 096_1.jpg

195 -0.49848482704487773 0.5046026577685057 -0.5039540677385926 0.49286847392455974 1.5387344838934007 -0.024737478939940986 2.1150482114169455 195 097_0.jpg

196 -0.6452682287283343 0.6570542783784872 -0.27831383266221843 0.27285527080705246 1.4940299868891245 0.09131950433809616 2.114814587796431 196 097_1.jpg

197 -0.49850900871432685 0.5045787590132449 -0.503977700691698 0.49284431759818637 1.5387203705341717 -0.024775741078781922 2.115046250711209 197 098_0.jpg

198 -0.645299721352709 0.6570233441590639 -0.2783269211977148 0.2728419318740391 1.4940158756588682 0.09128126488512253 2.1148237543331687 198 098_1.jpg

199 -0.49850900871432685 0.5045787590132449 -0.503977700691698 0.49284431759818637 1.5386345937932828 -0.024825551061792996 2.1150463910371182 199 099_0.jpg

200 -0.645299721352709 0.6570233441590639 -0.2783269211977148 0.2728419318740391 1.4939300989179793 0.09123145490211146 2.114823894659078 200 099_1.jpg

201 -0.49848490117289496 0.5046024416410632 -0.5040015390476011 0.4928200765291281 1.5388203133175133 -0.02474162202732503 2.1148990683237088 201 100_0.jpg

202 -0.6452864056200417 0.6570364562113872 -0.27835778066680683 0.272810366139923 1.4941157717105367 0.09131537407141423 2.114680856849886 202 100_1.jpg

203 -0.49848482704487773 0.5046026577685057 -0.5039540677385926 0.49286847392455974 1.5387737701991648 -0.024693270171682373 2.1150481963772285 203 101_0.jpg

204 -0.6452682287283343 0.6570542783784872 -0.27831383266221843 0.27285527080705246 1.4940692731948886 0.09136371310635477 2.114814572756714 204 101_1.jpg

205 -0.49850900871432685 0.5045787590132449 -0.503977700691698 0.49284431759818637 1.5387644036710453 -0.024749253708603848 2.1150461807869116 205 102_0.jpg

206 -0.645299721352709 0.6570233441590639 -0.2783269211977148 0.2728419318740391 1.4940599087957418 0.0913077522553006 2.1148236844088713 206 102_1.jpg

207 -0.49848482704487773 0.5046026577685057 -0.5039540677385926 0.49286847392455974 1.5387006699517736 -0.024811401943296944 2.115048141820521 207 103_0.jpg

208 -0.6452682287283343 0.6570542783784872 -0.27831383266221843 0.27285527080705246 1.4939961729474973 0.0912455813347402 2.1148145182000064 208 103_1.jpg

209 -0.49848482704487773 0.5046026577685057 -0.5039540677385926 0.49286847392455974 1.5387255553602666 -0.024654831253045843 2.115048428123783 209 104_0.jpg

210 -0.6452682287283343 0.6570542783784872 -0.27831383266221843 0.27285527080705246 1.4940210583559903 0.0914021520249913 2.1148148045032684 210 104_1.jpg

211 -0.4984368663791259 0.5046025009962454 -0.5039546304787306 0.4929165615411372 1.5386919027746575 -0.02475961839362792 2.1150501821977237 211 105_0.jpg

212 -0.6452235168308773 0.6570719792125762 -0.27833230335931614 0.2728995353033055 1.4939985409441048 0.09130163049646041 2.1148054081054566 212 105_1.jpg

213 -0.4985089323638937 0.5045789727683933 -0.5039302293286506 0.49289271506300153 1.538682439290312 -0.024727931246764822 2.1151953327949533 213 106_0.jpg

214 -0.6452815423817602 0.6570411641466446 -0.27828297399174784 0.2728868374703086 1.493977990495438 0.09132906189659325 2.114957424264163 214 106_1.jpg

215 -0.4985089323638937 0.5045789727683933 -0.5039302293286506 0.49289271506300153 1.5387021677110508 -0.02474775168290162 2.115195228553687 215 107_0.jpg

216 -0.6452815423817602 0.6570411641466446 -0.27828297399174784 0.2728868374703086 1.4939977189161768 0.09130924146045645 2.1149573200228966 216 107_1.jpg

217 -0.49850933848045637 0.5045310196841235 -0.5039780545527806 0.492892493504893 1.5386382399927652 -0.02495399451067755 2.1151930293825374 217 108_0.jpg

218 -0.6452998176211516 0.6569969989258144 -0.2783276172963065 0.2729044269167185 1.4939449295720246 0.09110731068336711 2.1149662248628425 218 108_1.jpg

219 -0.4984368663791259 0.5046025009962454 -0.5039546304787306 0.4929165615411372 1.5387199120027748 -0.024770494857730613 2.115050073924909 219 109_0.jpg

220 -0.6452235168308773 0.6570719792125762 -0.27833230335931614 0.2728995353033055 1.494026550172222 0.09129075403235772 2.114805299832642 220 109_1.jpg

221 -0.49848515451571207 0.5045549184171758 -0.5039544239021941 0.49291664980794825 1.5386348537728483 -0.02483047730939192 2.1151952382681145 221 110_0.jpg

222 -0.64526832372504 0.6570279331322453 -0.2783145317528267 0.27291776581280264 1.493941542285304 0.09123080519581668 2.114957306505799 222 110_1.jpg

223 -0.4985089323638937 0.5045789727683933 -0.5039302293286506 0.49289271506300153 1.538772129330425 -0.024686951970046177 2.115195160519078 223 111_0.jpg

224 -0.6452815423817602 0.6570411641466446 -0.27828297399174784 0.2728868374703086 1.494067680535551 0.09137004117331189 2.1149572519882875 224 111_1.jpg

225 -0.49853344263225147 0.5045073358299081 -0.5039542126856049 0.49291673352349896 1.5385745473802903 -0.024892030725627373 2.1153402865032858 225 112_0.jpg

226 -0.6453131289111472 0.6569838853082128 -0.2782967558409047 0.2729359921092449 1.4938812845129603 0.09116928432787902 2.1151091970779947 226 112_1.jpg

227 -0.4985330365373622 0.5045552866087846 -0.5039063897607032 0.4929169550688015 1.5385739090266906 -0.024680174090503614 2.1153426904882435 227 113_0.jpg

228 -0.6452948545523624 0.6570280484049558 -0.27825211468179745 0.27291840350648516 1.4938695088520302 0.09137682891820413 2.1151004970518192 228 113_1.jpg

229 -0.49853344263225147 0.5045073358299081 -0.5039542126856049 0.49291673352349896 1.5385636074395965 -0.02494577012001606 2.1153401953649107 229 114_0.jpg

230 -0.6453131289111472 0.6569838853082128 -0.2782967558409047 0.2729359921092449 1.4938703445722665 0.09111554493349033 2.1151091059396196 230 114_1.jpg

231 -0.4985331151687579 0.5045550751684184 -0.5039538611197898 0.4928685575935852 1.5386138447553865 -0.024817126100700224 2.1151934168185518 231 115_0.jpg

232 -0.64531303563485 0.6570102305650937 -0.27829606101409987 0.27287349705783726 1.493909397022682 0.09123988972842244 2.1149666355303887 232 115_1.jpg

233 -0.49848515451571207 0.5045549184171758 -0.5039544239021941 0.49291664980794825 1.5386199181017874 -0.024925024566668563 2.1151950651075992 233 116_0.jpg

234 -0.64526832372504 0.6570279331322453 -0.2783145317528267 0.27291776581280264 1.4939266066142431 0.09113625793854004 2.1149571333452837 234 116_1.jpg

235 -0.49848515451571207 0.5045549184171758 -0.5039544239021941 0.49291664980794825 1.5386728414347746 -0.02491405658193302 2.1151949330509865 235 117_0.jpg

236 -0.64526832372504 0.6570279331322453 -0.2783145317528267 0.27291776581280264 1.4939795299472303 0.09114722592327558 2.114957001288671 236 117_1.jpg

237 -0.4984609694054745 0.504578815990787 -0.5039307920935464 0.49294080497830656 1.5386351785877643 -0.024758535393735792 2.1151972980063527 237 118_0.jpg

238 -0.6452368283461349 0.6570588658288599 -0.27830144556979447 0.27293110408173593 1.4939418660334172 0.09130272335582539 2.1149482390036423 238 118_1.jpg

239 -0.49848515451571207 0.5045549184171758 -0.5039544239021941 0.49291664980794825 1.5386693254755957 -0.02475994687202232 2.1151952981034015 239 119_0.jpg

240 -0.64526832372504 0.6570279331322453 -0.2783145317528267 0.27291776581280264 1.4939760139880514 0.09130133563318628 2.114957366341086 240 119_1.jpg

241 -0.49848515451571207 0.5045549184171758 -0.5039544239021941 0.49291664980794825 1.5387549125868392 -0.02484338754666582 2.115194851734657 241 120_0.jpg

242 -0.64526832372504 0.6570279331322453 -0.2783145317528267 0.27291776581280264 1.4940616010992949 0.09121789495854278 2.1149569199723413 242 120_1.jpg

243 -0.4985092575320929 0.5045312334075638 -0.5039305831969834 0.4929408909694875 1.538571902329591 -0.02479998126613362 2.1153424207790135 243 121_0.jpg

244 -0.6452816343863215 0.6570148188766276 -0.27828367181056846 0.2729493324847266 1.493878639462261 0.09126131109853683 2.1151002041110507 244 121_1.jpg

245 -0.49848515451571207 0.5045549184171758 -0.5039544239021941 0.49291664980794825 1.538657754316475 -0.02488752353875001 2.115195038943341 245 122_0.jpg

246 -0.64526832372504 0.6570279331322453 -0.2783145317528267 0.27291776581280264 1.4939644428289307 0.09117375896645859 2.1149571071810254 246 122_1.jpg

247 -0.49848515451571207 0.5045549184171758 -0.5039544239021941 0.49291664980794825 1.538696390402649 -0.024869261481766936 2.1151949661334015 247 123_0.jpg

248 -0.64526832372504 0.6570279331322453 -0.2783145317528267 0.27291776581280264 1.4940030789151046 0.09119202102344166 2.114957034371086 248 123_1.jpg

249 -0.49848515451571207 0.5045549184171758 -0.5039544239021941 0.49291664980794825 1.5387271662390705 -0.0248833735612648 2.1151948421928637 249 124_0.jpg

250 -0.64526832372504 0.6570279331322453 -0.2783145317528267 0.27291776581280264 1.4940338547515262 0.0911779089439438 2.114956910430548 250 124_1.jpg

251 -0.49848515451571207 0.5045549184171758 -0.5039544239021941 0.49291664980794825 1.538763298573642 -0.024811072487322727 2.115194901166774 251 125_0.jpg

252 -0.64526832372504 0.6570279331322453 -0.2783145317528267 0.27291776581280264 1.4940699870860976 0.09125021001788587 2.1149569694044583 252 125_1.jpg

253 -0.4985092575320929 0.5045312334075638 -0.5039305831969834 0.4929408909694875 1.5385989606464368 -0.024919379971371093 2.1153420656253967 253 126_0.jpg

254 -0.6452816343863215 0.6570148188766276 -0.27828367181056846 0.2729493324847266 1.4939056977791068 0.09114191239329936 2.115099848957434 254 126_1.jpg

255 -0.4985092575320929 0.5045312334075638 -0.5039305831969834 0.4929408909694875 1.5385951598262413 -0.024812295622487802 2.1153423233202755 255 127_0.jpg

256 -0.6452816343863215 0.6570148188766276 -0.27828367181056846 0.2729493324847266 1.4939018969589113 0.09124899674218265 2.1151001066523127 256 127_1.jpg

257 -0.49848515451571207 0.5045549184171758 -0.5039544239021941 0.49291664980794825 1.5387686952750956 -0.024913959576364997 2.115194648386563 257 128_0.jpg

258 -0.64526832372504 0.6570279331322453 -0.2783145317528267 0.27291776581280264 1.4940753837875513 0.0911473229288436 2.1149567166242473 258 128_1.jpg

259 -0.4985092575320929 0.5045312334075638 -0.5039305831969834 0.4929408909694875 1.5386217387375158 -0.02490546165585409 2.115342029952229 259 129_0.jpg

260 -0.6452816343863215 0.6570148188766276 -0.27828367181056846 0.2729493324847266 1.4939284758701858 0.09115583070881636 2.1150998132842664 260 129_1.jpg

261 -0.4985091720218041 0.5045314425014369 -0.5038831118492123 0.4929892884543323 1.5385581884317547 -0.024761521077012672 2.1154913509557 261 130_0.jpg

262 -0.6452634469284574 0.6570326345317955 -0.2782397280722552 0.2729942397569796 1.4938649756622533 0.09129975739146143 2.1152337221463755 262 130_1.jpg

263 -0.49848507128638575 0.5045551298258327 -0.5039069525503552 0.4929650472827235 1.5386518703460983 -0.024792042585615955 2.115344096538943 263 131_0.jpg

264 -0.645250138378672 0.6570457509352563 -0.2782705871407506 0.2729626722329848 1.4939586074787683 0.09126922602340719 2.1150907526305343 264 131_1.jpg

265 -0.49848507128638575 0.5045551298258327 -0.5039069525503552 0.4929650472827235 1.538653524331335 -0.024847508870791454 2.1153439639965748 265 132_0.jpg

266 -0.645250138378672 0.6570457509352563 -0.2782705871407506 0.2729626722329848 1.493960261464005 0.09121375973823169 2.115090620088166 266 132_1.jpg

267 -0.49848507128638575 0.5045551298258327 -0.5039069525503552 0.4929650472827235 1.53865490655046 -0.024808103371653952 2.115344050559552 267 133_0.jpg

268 -0.645250138378672 0.6570457509352563 -0.2782705871407506 0.2729626722329848 1.49396164368313 0.09125316523736919 2.1150907066511433 268 133_1.jpg

269 -0.4984609694054745 0.504578815990787 -0.5039307920935464 0.49294080497830656 1.5387483851759036 -0.02481381056701698 2.1151968343577487 269 134_0.jpg

270 -0.6452368283461349 0.6570588658288599 -0.27830144556979447 0.27293110408173593 1.4940550726215565 0.0912474481825442 2.1149477753550383 270 134_1.jpg

271 -0.49848507128638575 0.5045551298258327 -0.5039069525503552 0.4929650472827235 1.5385689417315238 -0.02472677710348081 2.1153444931856975 271 135_0.jpg

272 -0.645250138378672 0.6570457509352563 -0.2782705871407506 0.2729626722329848 1.4938756788641938 0.09133449150554233 2.115091149277289 272 135_1.jpg

273 -0.4985092575320929 0.5045312334075638 -0.5039305831969834 0.4929408909694875 1.5386338490305438 -0.024859778921146138 2.1153420990740255 273 136_0.jpg

274 -0.6452816343863215 0.6570148188766276 -0.27828367181056846 0.2729493324847266 1.4939405861632138 0.09120151344352431 2.1150998824060627 274 136_1.jpg

275 -0.4985092575320929 0.5045312334075638 -0.5039305831969834 0.4929408909694875 1.538690764816079 -0.024888381881047174 2.115341864099646 275 137_0.jpg

276 -0.6452816343863215 0.6570148188766276 -0.27828367181056846 0.2729493324847266 1.493997501948749 0.09117291048362328 2.115099647431683 276 137_1.jpg

277 -0.49848507128638575 0.5045551298258327 -0.5039069525503552 0.4929650472827235 1.5387297632231143 -0.02478110471493211 2.115343890200942 277 138_0.jpg

278 -0.645250138378672 0.6570457509352563 -0.2782705871407506 0.2729626722329848 1.4940365003557843 0.09128016389409103 2.1150905462925333 278 138_1.jpg

279 -0.4985330365373622 0.5045552866087846 -0.5039063897607032 0.4929169550688015 1.5386478992201045 -0.02476739258922379 2.115342269894053 279 139_0.jpg

280 -0.6452948545523624 0.6570280484049558 -0.27825211468179745 0.27291840350648516 1.493943499045444 0.09128961041948395 2.1151000764576287 280 139_1.jpg

281 -0.4985092575320929 0.5045312334075638 -0.5039305831969834 0.4929408909694875 1.5386356495153681 -0.02484959708407667 2.1153421171509432 281 140_0.jpg

282 -0.6452816343863215 0.6570148188766276 -0.27828367181056846 0.2729493324847266 1.4939423866480381 0.09121169528059378 2.1150999004829805 282 140_1.jpg

283 -0.49855754563844257 0.5044836508163609 -0.5039303696603686 0.4929409724094077 1.5385904953002834 -0.024893356616920055 2.1154871418097403 283 141_0.jpg

284 -0.6453264387182469 0.6569707701808962 -0.27826589374599126 0.2729675566745786 1.4938972803971753 0.09116796829603753 2.1152517674834317 284 141_1.jpg

285 -0.49853335940292515 0.5045075472385651 -0.5039067413337661 0.4929651309982742 1.5387020081165879 -0.02473638130903448 2.1154890861885933 285 142_0.jpg

286 -0.6452949435647793 0.6570017031112239 -0.2782528112288285 0.27298089852942714 1.4940087942802835 0.09132492091508702 2.1152425846196636 286 142_1.jpg

287 -0.49858164749897416 0.5044599646435365 -0.5039065254771263 0.4929652101625638 1.5385606115572124 -0.02492845676704334 2.114634029067383 287 143_0.jpg

288 -0.6453397470424197 0.6569576535438951 -0.2782350310116373 0.27299912061264703 1.4938674450291365 0.0911328780053548 2.1143943698446743 288 143_1.jpg

289 -0.49853335940292515 0.5045075472385651 -0.5039067413337661 0.4929651309982742 1.5386830518022812 -0.02481235111975759 2.1154889677240805 289 144_0.jpg

290 -0.6452949435647793 0.6570017031112239 -0.2782528112288285 0.27298089852942714 1.4939898379659768 0.09124895110436392 2.1152424661551508 290 144_1.jpg

291 -0.49855754563844257 0.5044836508163609 -0.5039303696603686 0.4929409724094077 1.5386147450756622 -0.02484175833563152 2.1154871884632658 291 145_0.jpg

292 -0.6453264387182469 0.6569707701808962 -0.27826589374599126 0.2729675566745786 1.4939215301725541 0.09121956657732606 2.115251814136957 292 145_1.jpg

293 -0.49858173072830053 0.5044597532348796 -0.503953996828965 0.49291681268778853 1.5386283614172258 -0.024551057593433127 2.1154858828347147 293 146_0.jpg

294 -0.6453579323887875 0.656939835740884 -0.27827897562371345 0.27295421419246485 1.4939351454473133 0.09151028894154893 2.115261635753151 294 146_1.jpg

295 -0.4986299355740888 0.5044123820411843 -0.5039063049804378 0.4929652847755916 1.5390825216723363 -0.024474625747528022 2.1147784548760495 295 147_0.jpg

296 -0.645384548811181 0.6569136022336746 -0.27821724648934043 0.273017338482477 1.4943894007296912 0.0915867405063254 2.1145456380059358 296 147_1.jpg

297 -0.4987745225513501 0.5042702407006567 -0.503763201703725 0.4931106737909723 1.5444523863084294 -0.024020619136826484 2.114644323650873 297 148_0.jpg

298 -0.6454643624516425 0.6568348655156082 -0.2780320438195649 0.27320669621644156 1.4997595603068874 0.09204080627336036 2.114385797537046 298 148_1.jpg

299 -0.4988224924214798 0.5042232228557942 -0.5036205487285431 0.4932559229099027 1.5511472004752944 -0.0237934355033392 2.1152156016293793 299 149_0.jpg

300 -0.6454545380026125 0.656844196205941 -0.2778824344691757 0.27335964203936414 1.50645460705427 0.09226798503329804 2.1149176816387176 300 149_1.jpg

301 -0.49887078032676807 0.5041756402809426 -0.5036203050895888 0.49325597470779026 1.5634074560985631 -0.02378724013886112 2.1153239144773632 301 150_0.jpg

302 -0.6454993311885303 0.6568001362192383 -0.2778646284987782 0.2733778387631045 1.5187149021136925 0.09227421294591398 2.115032836893228 302 150_1.jpg

303 -0.49889474984496346 0.5041521157293365 -0.503548974577892 0.49332859534423734 1.5835212805291186 -0.02325202128395419 2.1155605263210204 303 151_0.jpg

304 -0.6454944032174726 0.6568047855401652 -0.27778982596312 0.27345431373053153 1.5388288514549562 0.09280942883053127 2.1152497518469167 304 151_1.jpg

305 -0.49901502252479835 0.5040337411848884 -0.5033821899671536 0.4934980910455608 1.609349922816528 -0.022537768156882302 2.1153665618302693 305 152_0.jpg

306 -0.6455425837752775 0.6567568414632666 -0.27759154034607797 0.273657012430203 1.564657856997396 0.09352371735726295 2.1150189513180533 306 152_1.jpg

307 -0.49918321458642706 0.5038680018649571 -0.503120160266017 0.49376437630278075 1.6433392094695252 -0.02197655500780031 2.1155881456764667 307 153_0.jpg

308 -0.6455989782533395 0.6567002606186791 -0.277287581996902 0.27396774235649407 1.598647756800547 0.0940849685265611 2.115179717935811 308 153_1.jpg

309 -0.4993027590837048 0.5037974448822092 -0.5028580861792329 0.49398242323560115 1.687180247008859 -0.021565080235632535 2.1154879338584784 309 154_0.jpg

310 -0.6456104803836069 0.6567139520495687 -0.2770008069436447 0.2741978223014451 1.642478242068148 0.09449213918201037 2.115016154963489 310 154_1.jpg

311 -0.49932603323849484 0.5037264335628718 -0.5025971294404709 0.4942967915519359 1.7406761795990866 -0.020053159373785368 2.1163638542737373 311 155_0.jpg

312 -0.6455322307824563 0.6567629683313755 -0.276751097236005 0.27451661630628793 1.6959860578866983 0.096008256664833 2.115806424060478 312 155_1.jpg

313 -0.499300016920459 0.503798448368335 -0.5022409641948858 0.49461159550649286 1.808618949458018 -0.018844522150065726 2.1160534714890855 313 156_0.jpg

314 -0.6453725351382916 0.6569439636858939 -0.2764301659050815 0.2747822462305938 1.7639186074678983 0.09721235039939927 2.115381340546791 314 156_1.jpg

315 -0.499032949931474 0.5041557392747216 -0.5020282723310467 0.4947329776953972 1.892323029073196 -0.017581552041731997 2.117384148868662 315 157_0.jpg

316 -0.645043838943336 0.6573184693519437 -0.27632940646776927 0.2747597765525952 1.8476006855697074 0.0984662325957305 2.11661364754283 316 157_1.jpg

317 -0.4984267332370237 0.5049414632707445 -0.5016735493917605 0.4949025763777565 1.9885755452413045 -0.013031459825169192 2.1178168929530856 317 158_0.jpg

318 -0.6443464073514388 0.6581067324478193 -0.27621958236052796 0.27461969769250616 1.943808656736317 0.10299778147995363 2.1168625053276124 318 158_1.jpg

319 -0.4976259989267695 0.5059647605594224 -0.5011275769420706 0.49521629404973155 2.0986856346919103 -0.007009369190769499 2.119060026898613 319 159_0.jpg

320 -0.643395584742901 0.6591671830041643 -0.2760029377612222 0.2745234502385359 2.0538628545451187 0.10899577166342533 2.1178370488485947 320 159_1.jpg

321 -0.4971415705944714 0.5064402185838583 -0.5008907200572252 0.49545640610264613 2.220340645930949 -0.0026275602502451763 2.1189804793732243 321 160_0.jpg

322 -0.642854967140223 0.6596950254279316 -0.2759599098251483 0.274565279702441 2.175517542937583 0.1133758309454983 2.1176120243562795 322 160_1.jpg

323 -0.4970692970816876 0.5065116335263969 -0.5009144890178948 0.49543188602781646 2.3548075229367997 -0.00275597501359192 2.1192877137739585 323 161_0.jpg

324 -0.6427968564619009 0.6597522492386148 -0.27600823769186933 0.274515252169193 2.3099841307479627 0.11324727424031016 2.117916701293042 324 161_1.jpg

325 -0.49723928121048466 0.5065840929633935 -0.5011728792585007 0.49492565004602507 2.5016772809392487 -0.004542790968460015 2.1198195653270533 325 162_0.jpg

326 -0.6430551442082739 0.659633370906773 -0.27618323798874095 0.2740195550457997 2.456797041368893 0.11143994308920332 2.118578800797863 326 162_1.jpg

327 -0.4976271946437767 0.5063468881613306 -0.5015983963011548 0.4943470975219855 2.660229227547018 -0.006520993345604067 2.1197497145819986 327 163_0.jpg

328 -0.6435790518421622 0.6592019908972031 -0.27643469015340955 0.2735737584398323 2.615314863253585 0.10945055443399407 2.118715313440661 328 163_1.jpg

329 -0.4981845161109882 0.5057995894096565 -0.5020961202899187 0.49384050993219963 2.8299037523711217 -0.009554345516639768 2.1193671838413057 329 164_0.jpg

330 -0.6442869361776725 0.658510570746536 -0.27669282660340844 0.2733116385960821 2.7849892268983987 0.10641903563232455 2.1185732906260824 330 164_1.jpg

331 -0.4986205520798523 0.505370775061519 -0.5025698396443252 0.4933573563221492 3.011869035743069 -0.013691838767070915 2.118647075390594 331 165_0.jpg

332 -0.6448729377760432 0.6579374282028988 -0.27697289017217924 0.2730261027878488 2.9669541826013286 0.10228269145054306 2.118068881599875 332 165_1.jpg

333 -0.4985491531743175 0.5053938206436632 -0.5028789998166886 0.4930908024570513 3.208915335959592 -0.015312839259345425 2.1190230930298726 333 166_0.jpg

334 -0.6449241530625157 0.6578620595320513 -0.2772857537769683 0.27276905648768673 3.1640110188011725 0.1006661659890518 2.118530505851455 334 166_1.jpg

335 -0.4980178147089213 0.505964709949815 -0.5029746183277584 0.492944724929678 3.4212182791579924 -0.01272147555517937 2.119353137544834 335 167_0.jpg

336 -0.6444670842875364 0.6583373672618864 -0.2775672819045664 0.2724160277089449 3.376301771830306 0.10325263181144023 2.1188204181086094 336 167_1.jpg

337 -0.4974363617704046 0.5067746147638692 -0.5028300851770291 0.4928473001452039 3.647030448552842 -0.009060321851469174 2.1186466233185426 337 168_0.jpg

338 -0.6438732269150773 0.6590504353599952 -0.2776426405577258 0.272019035102141 3.6020569415937356 0.1068911537188765 2.118007104078211 338 168_1.jpg

339 -0.4970240000327551 0.5073705204879487 -0.5025189330603179 0.49296756510661777 3.8855631536926767 -0.005388630139484242 2.1190747560007193 339 169_0.jpg

340 -0.6433726473574319 0.6596448615844003 -0.2775025828830985 0.27190551614631897 3.840544193857042 0.11054434139100756 2.1182941361010865 340 169_1.jpg

341 -0.49670999124183096 0.5076799108530234 -0.5024472150511573 0.49303862810548865 4.138730408671201 -0.002902623226716425 2.118595587033962 341 170_0.jpg

342 -0.6430534322070012 0.6599573160858528 -0.2775504656882982 0.27185356953286866 4.093710655348285 0.11302956537212451 2.1177473786712424 342 170_1.jpg

343 -0.496589881159668 0.507798112350761 -0.5028504710779732 0.4926266037877892 4.405624661521285 -0.002672888346779907 2.117174300445125 343 171_0.jpg

344 -0.6430956164987736 0.659916781699124 -0.2779677387629938 0.27142550631604445 4.36060404864749 0.11325974384407755 2.116439991404374 344 171_1.jpg

345 -0.49673374509528245 0.5077979249718969 -0.5030862046510122 0.49224092126487284 4.684481062439197 -0.00404232121213666 2.1155968474347553 345 172_0.jpg

346 -0.643320294675385 0.6597751721571709 -0.2781322693123907 0.2710685548544704 4.639427061212749 0.11187798697040269 2.1149730491081296 346 172_1.jpg

347 -0.4965888788258699 0.5079406697269158 -0.5030858681484134 0.4922401555472644 4.978255826176705 -0.0021175024877056556 2.114286814558877 347 173_0.jpg

348 -0.6431855203145661 0.6599071126923615 -0.2781846967198968 0.2710134011198912 4.933201398542117 0.11380252770083733 2.1136424919635055 348 173_1.jpg

349 -0.49586781259520935 0.508178142016539 -0.502710809421285 0.49310438093740067 5.284556209589706 0.0046743238987375715 2.11284906551728 349 174_0.jpg

350 -0.6423687887948575 0.6604450916386105 -0.2781046554383018 0.2717212187817485 5.239611949590159 0.1206353058359523 2.1119357412320268 350 174_1.jpg

351 -0.49480157661893237 0.5091780882079489 -0.5014730755801496 0.4944024966891882 5.604492499699932 0.01379300617372494 2.1126528239102775 351 175_0.jpg

352 -0.6409053421243638 0.6618442484454222 -0.2773467917797934 0.2725459416788711 5.559557585202515 0.129751903940928 2.1111839850065217 352 175_1.jpg

353 -0.4941194623137785 0.5104157638243106 -0.5006993319989518 0.49459264444408346 5.938270270175774 0.020493332517909486 2.11117087869219 353 176_0.jpg

354 -0.6399804529111337 0.66305580194647 -0.27687253354771935 0.27225653998324933 5.893198577695588 0.1363950873921943 2.109411403192887 354 176_1.jpg

355 -0.49450793787145275 0.5102270011219282 -0.5014581150431594 0.49362948206687235 6.2850981043332785 0.019148694445840497 2.108381941913667 355 177_0.jpg

356 -0.6406323168576166 0.6625289548787786 -0.27743199673674246 0.2714352698739419 6.2399813897353305 0.13503732964514426 2.1069410062697025 356 177_1.jpg

357 -0.49545301295539895 0.5090128719409913 -0.5020619134022309 0.4933214401003591 6.642244748001947 0.01282003181275394 2.1062437960763654 357 178_0.jpg

358 -0.6417388812606118 0.6612942685241389 -0.27765018154510374 0.2716090487879101 6.597198721103746 0.128739504448266 2.1051030399274433 358 178_1.jpg

359 -0.49731243239420597 0.5069425175971644 -0.5017139072047152 0.49393601180293106 7.005521678525632 0.008506623518585405 2.1046691745377784 359 179_0.jpg

360 -0.6433326243389044 0.6596020294168357 -0.27665334263364794 0.2729674435899627 6.960538762702767 0.12445177469028111 2.103654677694182 360 179_1.jpg

361 -0.49860632287645584 0.5059409814450638 -0.5000011938493542 0.4953930401522066 7.38068613140408 0.010015522860672116 2.1059084392631595 361 180_0.jpg

362 -0.6438840794243089 0.6592027713073124 -0.2745929250634129 0.27470661453592343 7.335644721289592 0.12593443958988737 2.104549719562939 362 180_1.jpg

363 -0.4987675343298548 0.5058174403875194 -0.49897987530847737 0.4963856844586392 7.7725911064723245 0.015081444268352805 2.1082539514222502 363 181_0.jpg

364 -0.6436447149211769 0.6594494020377366 -0.2735877793685897 0.27567679279597024 7.727543934218542 0.1309941732469055 2.106592165430402 364 181_1.jpg

365 -0.49801846197409055 0.5063636854470397 -0.49891153267468696 0.4966494862150244 8.182176043462029 0.020244481103940573 2.111590634557101 365 182_0.jpg

366 -0.6429209933617933 0.6600527973108421 -0.2737991563147477 0.2757116665252842 8.137172718050282 0.136172049715086 2.109782448230271 366 182_1.jpg

367 -0.497150561293329 0.5071255497474543 -0.4990549499340187 0.49659757666084514 8.60639854594177 0.022966768087537552 2.1145588965746906 367 183_0.jpg

368 -0.6421683023258155 0.6607402856425644 -0.2742489394091645 0.2753718679348179 8.561414510063146 0.13890045734038503 2.1126651668435033 368 183_1.jpg

369 -0.49601201473804374 0.5082890341592015 -0.4986485552173362 0.4969546834155766 9.043715622073211 0.029698186432238555 2.1169066288856486 369 184_0.jpg

370 -0.6409554162140575 0.6619476613751855 -0.2742865409624488 0.2752604974794641 8.99871832218907 0.14562167601019255 2.1147254440684558 370 184_1.jpg

371 -0.4965008097845569 0.5079601525453862 -0.49931245297497406 0.49613556979263407 9.491236534849538 0.030145755292848637 2.1175773687053434 371 185_0.jpg

372 -0.6416639907361216 0.6613438023884238 -0.27472201997644247 0.2746261272622817 9.446203604629575 0.14606061772279488 2.1156932605209233 372 185_1.jpg

373 -0.49841674831570504 0.5062286826968105 -0.5006650448796426 0.4946188215677973 9.947115644175671 0.018313025224703613 2.117374000814396 373 186_0.jpg

374 -0.6439617740692201 0.6591867156146438 -0.2752758530661386 0.2738782799228724 9.902048608673324 0.13422412356136668 2.1162122807885257 374 186_1.jpg

375 -0.4993892906603983 0.505134565425464 -0.502420756929407 0.4929734173285754 10.417521074538062 0.005792782358969486 2.11783482827563 375 187_0.jpg

376 -0.6455344416485753 0.6575751116691502 -0.27654954712306506 0.27276474322168975 10.372484332359813 0.12172053243289448 2.1173672635556398 376 187_1.jpg

377 -0.4997768016578614 0.5046535124436567 -0.5040341032688236 0.49142405684389473 10.901970028978468 0.00010409750704722456 2.1167727004295944 377 188_0.jpg

378 -0.6465093752754983 0.6565660193135193 -0.2779039590993095 0.2715070523588909 10.856954168770164 0.11604085530686173 2.1168752702771183 378 188_1.jpg

379 -0.5004298847897515 0.5039168840200594 -0.5037704071434925 0.4917856050102624 11.391891645894136 -0.00020742175719111466 2.116378472329961 379 189_0.jpg

380 -0.6470151856449629 0.6560159374710953 -0.2774228808944406 0.27212310538607887 11.34689829641387 0.115738074870939 2.1164800311950893 380 189_1.jpg

381 0.5021415115189105 -0.5020410523703587 0.5015982530171895 -0.49417393366553675 11.883824088028902 0.001949950271525898 2.119337266986415 381 190_0.jpg

382 -0.6477764057006391 0.6551490722172694 -0.27478953778702425 0.27505659656369946 11.838879121861963 0.11791365207291901 2.1189632606091537 382 190_1.jpg

383 0.5040614928999626 -0.4997041200684116 0.49967645866822447 -0.496529193920053 12.384994372806144 0.0026519849333530576 2.1266711650497183 383 191_0.jpg

384 -0.6488252751699966 0.653844510816194 -0.272314825270614 0.2781326192914903 12.340156581021763 0.11865531090251949 2.1259156572788402 384 191_1.jpg

385 0.5054826092703344 -0.4987282939905391 0.4993005545596165 -0.49644372965624245 12.903390445775054 -0.003240236401393537 2.13706033940254 385 192_0.jpg

386 -0.6500062262698768 0.652906156587792 -0.2714448100461938 0.27842983245179903 12.858450371405823 0.11272425035826482 2.136429842569127 386 192_1.jpg

387 0.5057340578976386 -0.4986862190717127 0.5007691375662293 -0.49474780287690245 13.440750048143277 -0.01008149561257117 2.1470442018219744 387 193_0.jpg

388 -0.6508015324991882 0.6522483290343427 -0.27271154823514615 0.2768716201198773 13.395755890111403 0.10586368741658667 2.1469428344815027 388 193_1.jpg

389 0.5053297164315244 -0.4987098004605635 0.5016995764536841 -0.4941942407616809 13.989429882856914 -0.010946874196779546 2.1555027450696502 389 194_0.jpg

390 -0.6507777755481938 0.6520713714696731 -0.2737245207372341 0.27634416966778197 13.944522070458891 0.10503177486087394 2.155609273871128 390 194_1.jpg

391 0.5049461938458355 -0.49885172950551376 0.5020843875267489 -0.494052184583624 14.546869257481935 -0.010743544381246292 2.1642654821950367 391 195_0.jpg

392 -0.6505662760945057 0.6521528677734852 -0.2742230519186312 0.27615552730260184 14.502016898338283 0.10525650864254602 2.164419032597957 392 195_1.jpg

393 0.5051674178944163 -0.4985398513163167 0.5032434580415129 -0.4929603619823944 15.113980264630937 -0.017022242969916765 2.1718557637365397 393 196_0.jpg

394 -0.6512134014111325 0.651467039910021 -0.2752171422386959 0.2752586535449587 15.069145728253133 0.09898348197399578 2.1724090521103996 394 196_1.jpg

395 0.5050052660939447 -0.4980313735855767 0.5047378243155063 -0.492111939346219 15.691084615730007 -0.02576651742273455 2.1779590943780116 395 197_0.jpg

396 0.6516279113761883 -0.650691766883871 0.27666731030439007 -0.2746570389303481 15.646402961838294 0.09029557269875987 2.178913579648307 396 197_1.jpg
