1 PINHOLE 1600 900 1252.8131021185304 1252.8131021185304 826.588114781398 469.9846626224581
2 PINHOLE 1600 900 1252.8131021185304 1252.8131021185304 826.588114781398 469.9846626224581
3 PINHOLE 1600 900 1252.8131021185304 1252.8131021185304 826.588114781398 469.9846626224581
4 PINHOLE 1600 900 1252.8131021185304 1252.8131021185304 826.588114781398 469.9846626224581
5 PINHOLE 1600 900 1252.8131021185304 1252.8131021185304 826.588114781398 469.9846626224581
6 PINHOLE 1600 900 1252.8131021185304 1252.8131021185304 826.588114781398 469.9846626224581
7 PINHOLE 1600 900 1252.8131021185304 1252.8131021185304 826.588114781398 469.9846626224581
8 PINHOLE 1600 900 1252.8131021185304 1252.8131021185304 826.588114781398 469.9846626224581
9 PINHOLE 1600 900 1252.8131021185304 1252.8131021185304 826.588114781398 469.9846626224581
10 PINHOLE 1600 900 1252.8131021185304 1252.8131021185304 826.588114781398 469.9846626224581
11 PINHOLE 1600 900 1252.8131021185304 1252.8131021185304 826.588114781398 469.9846626224581
12 PINHOLE 1600 900 1252.8131021185304 1252.8131021185304 826.588114781398 469.9846626224581
13 PINHOLE 1600 900 1252.8131021185304 1252.8131021185304 826.588114781398 469.9846626224581
14 PINHOLE 1600 900 1252.8131021185304 1252.8131021185304 826.588114781398 469.9846626224581
15 PINHOLE 1600 900 1252.8131021185304 1252.8131021185304 826.588114781398 469.9846626224581
16 PINHOLE 1600 900 1252.8131021185304 1252.8131021185304 826.588114781398 469.9846626224581
17 PINHOLE 1600 900 1252.8131021185304 1252.8131021185304 826.588114781398 469.9846626224581
18 PINHOLE 1600 900 1252.8131021185304 1252.8131021185304 826.588114781398 469.9846626224581
19 PINHOLE 1600 900 1252.8131021185304 1252.8131021185304 826.588114781398 469.9846626224581
20 PINHOLE 1600 900 1252.8131021185304 1252.8131021185304 826.588114781398 469.9846626224581
21 PINHOLE 1600 900 1252.8131021185304 1252.8131021185304 826.588114781398 469.9846626224581
22 PINHOLE 1600 900 1252.8131021185304 1252.8131021185304 826.588114781398 469.9846626224581
23 PINHOLE 1600 900 1252.8131021185304 1252.8131021185304 826.588114781398 469.9846626224581
24 PINHOLE 1600 900 1252.8131021185304 1252.8131021185304 826.588114781398 469.9846626224581
25 PINHOLE 1600 900 1252.8131021185304 1252.8131021185304 826.588114781398 469.9846626224581
26 PINHOLE 1600 900 1252.8131021185304 1252.8131021185304 826.588114781398 469.9846626224581
27 PINHOLE 1600 900 1252.8131021185304 1252.8131021185304 826.588114781398 469.9846626224581
28 PINHOLE 1600 900 1252.8131021185304 1252.8131021185304 826.588114781398 469.9846626224581
29 PINHOLE 1600 900 1252.8131021185304 1252.8131021185304 826.588114781398 469.9846626224581
30 PINHOLE 1600 900 1252.8131021185304 1252.8131021185304 826.588114781398 469.9846626224581
31 PINHOLE 1600 900 1252.8131021185304 1252.8131021185304 826.588114781398 469.9846626224581
32 PINHOLE 1600 900 1252.8131021185304 1252.8131021185304 826.588114781398 469.9846626224581
33 PINHOLE 1600 900 1252.8131021185304 1252.8131021185304 826.588114781398 469.9846626224581
34 PINHOLE 1600 900 1252.8131021185304 1252.8131021185304 826.588114781398 469.9846626224581
35 PINHOLE 1600 900 1252.8131021185304 1252.8131021185304 826.588114781398 469.9846626224581
36 PINHOLE 1600 900 1252.8131021185304 1252.8131021185304 826.588114781398 469.9846626224581
37 PINHOLE 1600 900 1252.8131021185304 1252.8131021185304 826.588114781398 469.9846626224581
38 PINHOLE 1600 900 1252.8131021185304 1252.8131021185304 826.588114781398 469.9846626224581
39 PINHOLE 1600 900 1252.8131021185304 1252.8131021185304 826.588114781398 469.9846626224581
40 PINHOLE 1600 900 1252.8131021185304 1252.8131021185304 826.588114781398 469.9846626224581
41 PINHOLE 1600 900 1252.8131021185304 1252.8131021185304 826.588114781398 469.9846626224581
42 PINHOLE 1600 900 1252.8131021185304 1252.8131021185304 826.588114781398 469.9846626224581
43 PINHOLE 1600 900 1252.8131021185304 1252.8131021185304 826.588114781398 469.9846626224581
44 PINHOLE 1600 900 1252.8131021185304 1252.8131021185304 826.588114781398 469.9846626224581
45 PINHOLE 1600 900 1252.8131021185304 1252.8131021185304 826.588114781398 469.9846626224581
46 PINHOLE 1600 900 1252.8131021185304 1252.8131021185304 826.588114781398 469.9846626224581
47 PINHOLE 1600 900 1252.8131021185304 1252.8131021185304 826.588114781398 469.9846626224581
48 PINHOLE 1600 900 1252.8131021185304 1252.8131021185304 826.588114781398 469.9846626224581
49 PINHOLE 1600 900 1252.8131021185304 1252.8131021185304 826.588114781398 469.9846626224581
50 PINHOLE 1600 900 1252.8131021185304 1252.8131021185304 826.588114781398 469.9846626224581
51 PINHOLE 1600 900 1252.8131021185304 1252.8131021185304 826.588114781398 469.9846626224581
52 PINHOLE 1600 900 1252.8131021185304 1252.8131021185304 826.588114781398 469.9846626224581
53 PINHOLE 1600 900 1252.8131021185304 1252.8131021185304 826.588114781398 469.9846626224581
54 PINHOLE 1600 900 1252.8131021185304 1252.8131021185304 826.588114781398 469.9846626224581
55 PINHOLE 1600 900 1252.8131021185304 1252.8131021185304 826.588114781398 469.9846626224581
56 PINHOLE 1600 900 1252.8131021185304 1252.8131021185304 826.588114781398 469.9846626224581
57 PINHOLE 1600 900 1252.8131021185304 1252.8131021185304 826.588114781398 469.9846626224581
58 PINHOLE 1600 900 1252.8131021185304 1252.8131021185304 826.588114781398 469.9846626224581
59 PINHOLE 1600 900 1252.8131021185304 1252.8131021185304 826.588114781398 469.9846626224581
60 PINHOLE 1600 900 1252.8131021185304 1252.8131021185304 826.588114781398 469.9846626224581
61 PINHOLE 1600 900 1252.8131021185304 1252.8131021185304 826.588114781398 469.9846626224581
62 PINHOLE 1600 900 1252.8131021185304 1252.8131021185304 826.588114781398 469.9846626224581
63 PINHOLE 1600 900 1252.8131021185304 1252.8131021185304 826.588114781398 469.9846626224581
64 PINHOLE 1600 900 1252.8131021185304 1252.8131021185304 826.588114781398 469.9846626224581
65 PINHOLE 1600 900 1252.8131021185304 1252.8131021185304 826.588114781398 469.9846626224581
66 PINHOLE 1600 900 1252.8131021185304 1252.8131021185304 826.588114781398 469.9846626224581
67 PINHOLE 1600 900 1252.8131021185304 1252.8131021185304 826.588114781398 469.9846626224581
68 PINHOLE 1600 900 1252.8131021185304 1252.8131021185304 826.588114781398 469.9846626224581
69 PINHOLE 1600 900 1252.8131021185304 1252.8131021185304 826.588114781398 469.9846626224581
70 PINHOLE 1600 900 1252.8131021185304 1252.8131021185304 826.588114781398 469.9846626224581
71 PINHOLE 1600 900 1252.8131021185304 1252.8131021185304 826.588114781398 469.9846626224581
72 PINHOLE 1600 900 1252.8131021185304 1252.8131021185304 826.588114781398 469.9846626224581
73 PINHOLE 1600 900 1252.8131021185304 1252.8131021185304 826.588114781398 469.9846626224581
74 PINHOLE 1600 900 1252.8131021185304 1252.8131021185304 826.588114781398 469.9846626224581
75 PINHOLE 1600 900 1252.8131021185304 1252.8131021185304 826.588114781398 469.9846626224581
76 PINHOLE 1600 900 1252.8131021185304 1252.8131021185304 826.588114781398 469.9846626224581
77 PINHOLE 1600 900 1252.8131021185304 1252.8131021185304 826.588114781398 469.9846626224581
78 PINHOLE 1600 900 1252.8131021185304 1252.8131021185304 826.588114781398 469.9846626224581
79 PINHOLE 1600 900 1252.8131021185304 1252.8131021185304 826.588114781398 469.9846626224581
80 PINHOLE 1600 900 1252.8131021185304 1252.8131021185304 826.588114781398 469.9846626224581
81 PINHOLE 1600 900 1252.8131021185304 1252.8131021185304 826.588114781398 469.9846626224581
82 PINHOLE 1600 900 1252.8131021185304 1252.8131021185304 826.588114781398 469.9846626224581
83 PINHOLE 1600 900 1252.8131021185304 1252.8131021185304 826.588114781398 469.9846626224581
84 PINHOLE 1600 900 1252.8131021185304 1252.8131021185304 826.588114781398 469.9846626224581
85 PINHOLE 1600 900 1252.8131021185304 1252.8131021185304 826.588114781398 469.9846626224581
86 PINHOLE 1600 900 1252.8131021185304 1252.8131021185304 826.588114781398 469.9846626224581
87 PINHOLE 1600 900 1252.8131021185304 1252.8131021185304 826.588114781398 469.9846626224581
88 PINHOLE 1600 900 1252.8131021185304 1252.8131021185304 826.588114781398 469.9846626224581
89 PINHOLE 1600 900 1252.8131021185304 1252.8131021185304 826.588114781398 469.9846626224581
90 PINHOLE 1600 900 1252.8131021185304 1252.8131021185304 826.588114781398 469.9846626224581
91 PINHOLE 1600 900 1252.8131021185304 1252.8131021185304 826.588114781398 469.9846626224581
92 PINHOLE 1600 900 1252.8131021185304 1252.8131021185304 826.588114781398 469.9846626224581
93 PINHOLE 1600 900 1252.8131021185304 1252.8131021185304 826.588114781398 469.9846626224581
94 PINHOLE 1600 900 1252.8131021185304 1252.8131021185304 826.588114781398 469.9846626224581
95 PINHOLE 1600 900 1252.8131021185304 1252.8131021185304 826.588114781398 469.9846626224581
96 PINHOLE 1600 900 1252.8131021185304 1252.8131021185304 826.588114781398 469.9846626224581
97 PINHOLE 1600 900 1252.8131021185304 1252.8131021185304 826.588114781398 469.9846626224581
98 PINHOLE 1600 900 1252.8131021185304 1252.8131021185304 826.588114781398 469.9846626224581
99 PINHOLE 1600 900 1252.8131021185304 1252.8131021185304 826.588114781398 469.9846626224581
100 PINHOLE 1600 900 1252.8131021185304 1252.8131021185304 826.588114781398 469.9846626224581
101 PINHOLE 1600 900 1252.8131021185304 1252.8131021185304 826.588114781398 469.9846626224581
102 PINHOLE 1600 900 1252.8131021185304 1252.8131021185304 826.588114781398 469.9846626224581
103 PINHOLE 1600 900 1252.8131021185304 1252.8131021185304 826.588114781398 469.9846626224581
104 PINHOLE 1600 900 1252.8131021185304 1252.8131021185304 826.588114781398 469.9846626224581
105 PINHOLE 1600 900 1252.8131021185304 1252.8131021185304 826.588114781398 469.9846626224581
106 PINHOLE 1600 900 1252.8131021185304 1252.8131021185304 826.588114781398 469.9846626224581
107 PINHOLE 1600 900 1252.8131021185304 1252.8131021185304 826.588114781398 469.9846626224581
108 PINHOLE 1600 900 1252.8131021185304 1252.8131021185304 826.588114781398 469.9846626224581
109 PINHOLE 1600 900 1252.8131021185304 1252.8131021185304 826.588114781398 469.9846626224581
110 PINHOLE 1600 900 1252.8131021185304 1252.8131021185304 826.588114781398 469.9846626224581
111 PINHOLE 1600 900 1252.8131021185304 1252.8131021185304 826.588114781398 469.9846626224581
112 PINHOLE 1600 900 1252.8131021185304 1252.8131021185304 826.588114781398 469.9846626224581
113 PINHOLE 1600 900 1252.8131021185304 1252.8131021185304 826.588114781398 469.9846626224581
114 PINHOLE 1600 900 1252.8131021185304 1252.8131021185304 826.588114781398 469.9846626224581
115 PINHOLE 1600 900 1252.8131021185304 1252.8131021185304 826.588114781398 469.9846626224581
116 PINHOLE 1600 900 1252.8131021185304 1252.8131021185304 826.588114781398 469.9846626224581
117 PINHOLE 1600 900 1252.8131021185304 1252.8131021185304 826.588114781398 469.9846626224581
118 PINHOLE 1600 900 1252.8131021185304 1252.8131021185304 826.588114781398 469.9846626224581
119 PINHOLE 1600 900 1252.8131021185304 1252.8131021185304 826.588114781398 469.9846626224581
120 PINHOLE 1600 900 1252.8131021185304 1252.8131021185304 826.588114781398 469.9846626224581
121 PINHOLE 1600 900 1252.8131021185304 1252.8131021185304 826.588114781398 469.9846626224581
122 PINHOLE 1600 900 1252.8131021185304 1252.8131021185304 826.588114781398 469.9846626224581
123 PINHOLE 1600 900 1252.8131021185304 1252.8131021185304 826.588114781398 469.9846626224581
124 PINHOLE 1600 900 1252.8131021185304 1252.8131021185304 826.588114781398 469.9846626224581
125 PINHOLE 1600 900 1252.8131021185304 1252.8131021185304 826.588114781398 469.9846626224581
126 PINHOLE 1600 900 1252.8131021185304 1252.8131021185304 826.588114781398 469.9846626224581
127 PINHOLE 1600 900 1252.8131021185304 1252.8131021185304 826.588114781398 469.9846626224581
128 PINHOLE 1600 900 1252.8131021185304 1252.8131021185304 826.588114781398 469.9846626224581
129 PINHOLE 1600 900 1252.8131021185304 1252.8131021185304 826.588114781398 469.9846626224581
130 PINHOLE 1600 900 1252.8131021185304 1252.8131021185304 826.588114781398 469.9846626224581
131 PINHOLE 1600 900 1252.8131021185304 1252.8131021185304 826.588114781398 469.9846626224581
132 PINHOLE 1600 900 1252.8131021185304 1252.8131021185304 826.588114781398 469.9846626224581
133 PINHOLE 1600 900 1252.8131021185304 1252.8131021185304 826.588114781398 469.9846626224581
134 PINHOLE 1600 900 1252.8131021185304 1252.8131021185304 826.588114781398 469.9846626224581
135 PINHOLE 1600 900 1252.8131021185304 1252.8131021185304 826.588114781398 469.9846626224581
136 PINHOLE 1600 900 1252.8131021185304 1252.8131021185304 826.588114781398 469.9846626224581
137 PINHOLE 1600 900 1252.8131021185304 1252.8131021185304 826.588114781398 469.9846626224581
138 PINHOLE 1600 900 1252.8131021185304 1252.8131021185304 826.588114781398 469.9846626224581
139 PINHOLE 1600 900 1252.8131021185304 1252.8131021185304 826.588114781398 469.9846626224581
140 PINHOLE 1600 900 1252.8131021185304 1252.8131021185304 826.588114781398 469.9846626224581
141 PINHOLE 1600 900 1252.8131021185304 1252.8131021185304 826.588114781398 469.9846626224581
142 PINHOLE 1600 900 1252.8131021185304 1252.8131021185304 826.588114781398 469.9846626224581
143 PINHOLE 1600 900 1252.8131021185304 1252.8131021185304 826.588114781398 469.9846626224581
144 PINHOLE 1600 900 1252.8131021185304 1252.8131021185304 826.588114781398 469.9846626224581
145 PINHOLE 1600 900 1252.8131021185304 1252.8131021185304 826.588114781398 469.9846626224581
146 PINHOLE 1600 900 1252.8131021185304 1252.8131021185304 826.588114781398 469.9846626224581
147 PINHOLE 1600 900 1252.8131021185304 1252.8131021185304 826.588114781398 469.9846626224581
148 PINHOLE 1600 900 1252.8131021185304 1252.8131021185304 826.588114781398 469.9846626224581
149 PINHOLE 1600 900 1252.8131021185304 1252.8131021185304 826.588114781398 469.9846626224581
150 PINHOLE 1600 900 1252.8131021185304 1252.8131021185304 826.588114781398 469.9846626224581
151 PINHOLE 1600 900 1252.8131021185304 1252.8131021185304 826.588114781398 469.9846626224581
152 PINHOLE 1600 900 1252.8131021185304 1252.8131021185304 826.588114781398 469.9846626224581
153 PINHOLE 1600 900 1252.8131021185304 1252.8131021185304 826.588114781398 469.9846626224581
154 PINHOLE 1600 900 1252.8131021185304 1252.8131021185304 826.588114781398 469.9846626224581
155 PINHOLE 1600 900 1252.8131021185304 1252.8131021185304 826.588114781398 469.9846626224581
156 PINHOLE 1600 900 1252.8131021185304 1252.8131021185304 826.588114781398 469.9846626224581
157 PINHOLE 1600 900 1252.8131021185304 1252.8131021185304 826.588114781398 469.9846626224581
158 PINHOLE 1600 900 1252.8131021185304 1252.8131021185304 826.588114781398 469.9846626224581
159 PINHOLE 1600 900 1252.8131021185304 1252.8131021185304 826.588114781398 469.9846626224581
160 PINHOLE 1600 900 1252.8131021185304 1252.8131021185304 826.588114781398 469.9846626224581
161 PINHOLE 1600 900 1252.8131021185304 1252.8131021185304 826.588114781398 469.9846626224581
162 PINHOLE 1600 900 1252.8131021185304 1252.8131021185304 826.588114781398 469.9846626224581
163 PINHOLE 1600 900 1252.8131021185304 1252.8131021185304 826.588114781398 469.9846626224581
164 PINHOLE 1600 900 1252.8131021185304 1252.8131021185304 826.588114781398 469.9846626224581
165 PINHOLE 1600 900 1252.8131021185304 1252.8131021185304 826.588114781398 469.9846626224581
166 PINHOLE 1600 900 1252.8131021185304 1252.8131021185304 826.588114781398 469.9846626224581
167 PINHOLE 1600 900 1252.8131021185304 1252.8131021185304 826.588114781398 469.9846626224581
168 PINHOLE 1600 900 1252.8131021185304 1252.8131021185304 826.588114781398 469.9846626224581
169 PINHOLE 1600 900 1252.8131021185304 1252.8131021185304 826.588114781398 469.9846626224581
170 PINHOLE 1600 900 1252.8131021185304 1252.8131021185304 826.588114781398 469.9846626224581
171 PINHOLE 1600 900 1252.8131021185304 1252.8131021185304 826.588114781398 469.9846626224581
172 PINHOLE 1600 900 1252.8131021185304 1252.8131021185304 826.588114781398 469.9846626224581
173 PINHOLE 1600 900 1252.8131021185304 1252.8131021185304 826.588114781398 469.9846626224581
174 PINHOLE 1600 900 1252.8131021185304 1252.8131021185304 826.588114781398 469.9846626224581
175 PINHOLE 1600 900 1252.8131021185304 1252.8131021185304 826.588114781398 469.9846626224581
176 PINHOLE 1600 900 1252.8131021185304 1252.8131021185304 826.588114781398 469.9846626224581
177 PINHOLE 1600 900 1252.8131021185304 1252.8131021185304 826.588114781398 469.9846626224581
178 PINHOLE 1600 900 1252.8131021185304 1252.8131021185304 826.588114781398 469.9846626224581
179 PINHOLE 1600 900 1252.8131021185304 1252.8131021185304 826.588114781398 469.9846626224581
180 PINHOLE 1600 900 1252.8131021185304 1252.8131021185304 826.588114781398 469.9846626224581
181 PINHOLE 1600 900 1252.8131021185304 1252.8131021185304 826.588114781398 469.9846626224581
182 PINHOLE 1600 900 1252.8131021185304 1252.8131021185304 826.588114781398 469.9846626224581
183 PINHOLE 1600 900 1252.8131021185304 1252.8131021185304 826.588114781398 469.9846626224581
184 PINHOLE 1600 900 1252.8131021185304 1252.8131021185304 826.588114781398 469.9846626224581
185 PINHOLE 1600 900 1252.8131021185304 1252.8131021185304 826.588114781398 469.9846626224581
186 PINHOLE 1600 900 1252.8131021185304 1252.8131021185304 826.588114781398 469.9846626224581
187 PINHOLE 1600 900 1252.8131021185304 1252.8131021185304 826.588114781398 469.9846626224581
188 PINHOLE 1600 900 1252.8131021185304 1252.8131021185304 826.588114781398 469.9846626224581
189 PINHOLE 1600 900 1252.8131021185304 1252.8131021185304 826.588114781398 469.9846626224581
190 PINHOLE 1600 900 1252.8131021185304 1252.8131021185304 826.588114781398 469.9846626224581
191 PINHOLE 1600 900 1252.8131021185304 1252.8131021185304 826.588114781398 469.9846626224581
192 PINHOLE 1600 900 1252.8131021185304 1252.8131021185304 826.588114781398 469.9846626224581
193 PINHOLE 1600 900 1252.8131021185304 1252.8131021185304 826.588114781398 469.9846626224581
194 PINHOLE 1600 900 1252.8131021185304 1252.8131021185304 826.588114781398 469.9846626224581
195 PINHOLE 1600 900 1252.8131021185304 1252.8131021185304 826.588114781398 469.9846626224581
196 PINHOLE 1600 900 1252.8131021185304 1252.8131021185304 826.588114781398 469.9846626224581
197 PINHOLE 1600 900 1252.8131021185304 1252.8131021185304 826.588114781398 469.9846626224581
198 PINHOLE 1600 900 1252.8131021185304 1252.8131021185304 826.588114781398 469.9846626224581
199 PINHOLE 1600 900 1252.8131021185304 1252.8131021185304 826.588114781398 469.9846626224581
200 PINHOLE 1600 900 1252.8131021185304 1252.8131021185304 826.588114781398 469.9846626224581
201 PINHOLE 1600 900 1252.8131021185304 1252.8131021185304 826.588114781398 469.9846626224581
202 PINHOLE 1600 900 1257.8625342125129 1257.8625342125129 827.2410631095686 450.915498205774
203 PINHOLE 1600 900 1257.8625342125129 1257.8625342125129 827.2410631095686 450.915498205774
204 PINHOLE 1600 900 1257.8625342125129 1257.8625342125129 827.2410631095686 450.915498205774
205 PINHOLE 1600 900 1257.8625342125129 1257.8625342125129 827.2410631095686 450.915498205774
206 PINHOLE 1600 900 1257.8625342125129 1257.8625342125129 827.2410631095686 450.915498205774
207 PINHOLE 1600 900 1257.8625342125129 1257.8625342125129 827.2410631095686 450.915498205774
208 PINHOLE 1600 900 1257.8625342125129 1257.8625342125129 827.2410631095686 450.915498205774
209 PINHOLE 1600 900 1257.8625342125129 1257.8625342125129 827.2410631095686 450.915498205774
210 PINHOLE 1600 900 1257.8625342125129 1257.8625342125129 827.2410631095686 450.915498205774
211 PINHOLE 1600 900 1257.8625342125129 1257.8625342125129 827.2410631095686 450.915498205774
212 PINHOLE 1600 900 1257.8625342125129 1257.8625342125129 827.2410631095686 450.915498205774
213 PINHOLE 1600 900 1257.8625342125129 1257.8625342125129 827.2410631095686 450.915498205774
214 PINHOLE 1600 900 1257.8625342125129 1257.8625342125129 827.2410631095686 450.915498205774
215 PINHOLE 1600 900 1257.8625342125129 1257.8625342125129 827.2410631095686 450.915498205774
216 PINHOLE 1600 900 1257.8625342125129 1257.8625342125129 827.2410631095686 450.915498205774
217 PINHOLE 1600 900 1257.8625342125129 1257.8625342125129 827.2410631095686 450.915498205774
218 PINHOLE 1600 900 1257.8625342125129 1257.8625342125129 827.2410631095686 450.915498205774
219 PINHOLE 1600 900 1257.8625342125129 1257.8625342125129 827.2410631095686 450.915498205774
220 PINHOLE 1600 900 1257.8625342125129 1257.8625342125129 827.2410631095686 450.915498205774
221 PINHOLE 1600 900 1257.8625342125129 1257.8625342125129 827.2410631095686 450.915498205774
222 PINHOLE 1600 900 1257.8625342125129 1257.8625342125129 827.2410631095686 450.915498205774
223 PINHOLE 1600 900 1257.8625342125129 1257.8625342125129 827.2410631095686 450.915498205774
224 PINHOLE 1600 900 1257.8625342125129 1257.8625342125129 827.2410631095686 450.915498205774
225 PINHOLE 1600 900 1257.8625342125129 1257.8625342125129 827.2410631095686 450.915498205774
226 PINHOLE 1600 900 1257.8625342125129 1257.8625342125129 827.2410631095686 450.915498205774
227 PINHOLE 1600 900 1257.8625342125129 1257.8625342125129 827.2410631095686 450.915498205774
228 PINHOLE 1600 900 1257.8625342125129 1257.8625342125129 827.2410631095686 450.915498205774
229 PINHOLE 1600 900 1257.8625342125129 1257.8625342125129 827.2410631095686 450.915498205774
230 PINHOLE 1600 900 1257.8625342125129 1257.8625342125129 827.2410631095686 450.915498205774
231 PINHOLE 1600 900 1257.8625342125129 1257.8625342125129 827.2410631095686 450.915498205774
232 PINHOLE 1600 900 1257.8625342125129 1257.8625342125129 827.2410631095686 450.915498205774
233 PINHOLE 1600 900 1257.8625342125129 1257.8625342125129 827.2410631095686 450.915498205774
234 PINHOLE 1600 900 1257.8625342125129 1257.8625342125129 827.2410631095686 450.915498205774
235 PINHOLE 1600 900 1257.8625342125129 1257.8625342125129 827.2410631095686 450.915498205774
236 PINHOLE 1600 900 1257.8625342125129 1257.8625342125129 827.2410631095686 450.915498205774
237 PINHOLE 1600 900 1257.8625342125129 1257.8625342125129 827.2410631095686 450.915498205774
238 PINHOLE 1600 900 1257.8625342125129 1257.8625342125129 827.2410631095686 450.915498205774
239 PINHOLE 1600 900 1257.8625342125129 1257.8625342125129 827.2410631095686 450.915498205774
240 PINHOLE 1600 900 1257.8625342125129 1257.8625342125129 827.2410631095686 450.915498205774
241 PINHOLE 1600 900 1257.8625342125129 1257.8625342125129 827.2410631095686 450.915498205774
242 PINHOLE 1600 900 1257.8625342125129 1257.8625342125129 827.2410631095686 450.915498205774
243 PINHOLE 1600 900 1257.8625342125129 1257.8625342125129 827.2410631095686 450.915498205774
244 PINHOLE 1600 900 1257.8625342125129 1257.8625342125129 827.2410631095686 450.915498205774
245 PINHOLE 1600 900 1257.8625342125129 1257.8625342125129 827.2410631095686 450.915498205774
246 PINHOLE 1600 900 1257.8625342125129 1257.8625342125129 827.2410631095686 450.915498205774
247 PINHOLE 1600 900 1257.8625342125129 1257.8625342125129 827.2410631095686 450.915498205774
248 PINHOLE 1600 900 1257.8625342125129 1257.8625342125129 827.2410631095686 450.915498205774
249 PINHOLE 1600 900 1257.8625342125129 1257.8625342125129 827.2410631095686 450.915498205774
250 PINHOLE 1600 900 1257.8625342125129 1257.8625342125129 827.2410631095686 450.915498205774
251 PINHOLE 1600 900 1257.8625342125129 1257.8625342125129 827.2410631095686 450.915498205774
252 PINHOLE 1600 900 1257.8625342125129 1257.8625342125129 827.2410631095686 450.915498205774
253 PINHOLE 1600 900 1257.8625342125129 1257.8625342125129 827.2410631095686 450.915498205774
254 PINHOLE 1600 900 1257.8625342125129 1257.8625342125129 827.2410631095686 450.915498205774
255 PINHOLE 1600 900 1257.8625342125129 1257.8625342125129 827.2410631095686 450.915498205774
256 PINHOLE 1600 900 1257.8625342125129 1257.8625342125129 827.2410631095686 450.915498205774
257 PINHOLE 1600 900 1257.8625342125129 1257.8625342125129 827.2410631095686 450.915498205774
258 PINHOLE 1600 900 1257.8625342125129 1257.8625342125129 827.2410631095686 450.915498205774
259 PINHOLE 1600 900 1257.8625342125129 1257.8625342125129 827.2410631095686 450.915498205774
260 PINHOLE 1600 900 1257.8625342125129 1257.8625342125129 827.2410631095686 450.915498205774
261 PINHOLE 1600 900 1257.8625342125129 1257.8625342125129 827.2410631095686 450.915498205774
262 PINHOLE 1600 900 1257.8625342125129 1257.8625342125129 827.2410631095686 450.915498205774
263 PINHOLE 1600 900 1257.8625342125129 1257.8625342125129 827.2410631095686 450.915498205774
264 PINHOLE 1600 900 1257.8625342125129 1257.8625342125129 827.2410631095686 450.915498205774
265 PINHOLE 1600 900 1257.8625342125129 1257.8625342125129 827.2410631095686 450.915498205774
266 PINHOLE 1600 900 1257.8625342125129 1257.8625342125129 827.2410631095686 450.915498205774
267 PINHOLE 1600 900 1257.8625342125129 1257.8625342125129 827.2410631095686 450.915498205774
268 PINHOLE 1600 900 1257.8625342125129 1257.8625342125129 827.2410631095686 450.915498205774
269 PINHOLE 1600 900 1257.8625342125129 1257.8625342125129 827.2410631095686 450.915498205774
270 PINHOLE 1600 900 1257.8625342125129 1257.8625342125129 827.2410631095686 450.915498205774
271 PINHOLE 1600 900 1257.8625342125129 1257.8625342125129 827.2410631095686 450.915498205774
272 PINHOLE 1600 900 1257.8625342125129 1257.8625342125129 827.2410631095686 450.915498205774
273 PINHOLE 1600 900 1257.8625342125129 1257.8625342125129 827.2410631095686 450.915498205774
274 PINHOLE 1600 900 1257.8625342125129 1257.8625342125129 827.2410631095686 450.915498205774
275 PINHOLE 1600 900 1257.8625342125129 1257.8625342125129 827.2410631095686 450.915498205774
276 PINHOLE 1600 900 1257.8625342125129 1257.8625342125129 827.2410631095686 450.915498205774
277 PINHOLE 1600 900 1257.8625342125129 1257.8625342125129 827.2410631095686 450.915498205774
278 PINHOLE 1600 900 1257.8625342125129 1257.8625342125129 827.2410631095686 450.915498205774
279 PINHOLE 1600 900 1257.8625342125129 1257.8625342125129 827.2410631095686 450.915498205774
280 PINHOLE 1600 900 1257.8625342125129 1257.8625342125129 827.2410631095686 450.915498205774
281 PINHOLE 1600 900 1257.8625342125129 1257.8625342125129 827.2410631095686 450.915498205774
282 PINHOLE 1600 900 1257.8625342125129 1257.8625342125129 827.2410631095686 450.915498205774
283 PINHOLE 1600 900 1257.8625342125129 1257.8625342125129 827.2410631095686 450.915498205774
284 PINHOLE 1600 900 1257.8625342125129 1257.8625342125129 827.2410631095686 450.915498205774
285 PINHOLE 1600 900 1257.8625342125129 1257.8625342125129 827.2410631095686 450.915498205774
286 PINHOLE 1600 900 1257.8625342125129 1257.8625342125129 827.2410631095686 450.915498205774
287 PINHOLE 1600 900 1257.8625342125129 1257.8625342125129 827.2410631095686 450.915498205774
288 PINHOLE 1600 900 1257.8625342125129 1257.8625342125129 827.2410631095686 450.915498205774
289 PINHOLE 1600 900 1257.8625342125129 1257.8625342125129 827.2410631095686 450.915498205774
290 PINHOLE 1600 900 1257.8625342125129 1257.8625342125129 827.2410631095686 450.915498205774
291 PINHOLE 1600 900 1257.8625342125129 1257.8625342125129 827.2410631095686 450.915498205774
292 PINHOLE 1600 900 1257.8625342125129 1257.8625342125129 827.2410631095686 450.915498205774
293 PINHOLE 1600 900 1257.8625342125129 1257.8625342125129 827.2410631095686 450.915498205774
294 PINHOLE 1600 900 1257.8625342125129 1257.8625342125129 827.2410631095686 450.915498205774
295 PINHOLE 1600 900 1257.8625342125129 1257.8625342125129 827.2410631095686 450.915498205774
296 PINHOLE 1600 900 1257.8625342125129 1257.8625342125129 827.2410631095686 450.915498205774
297 PINHOLE 1600 900 1257.8625342125129 1257.8625342125129 827.2410631095686 450.915498205774
298 PINHOLE 1600 900 1257.8625342125129 1257.8625342125129 827.2410631095686 450.915498205774
299 PINHOLE 1600 900 1257.8625342125129 1257.8625342125129 827.2410631095686 450.915498205774
300 PINHOLE 1600 900 1257.8625342125129 1257.8625342125129 827.2410631095686 450.915498205774
301 PINHOLE 1600 900 1257.8625342125129 1257.8625342125129 827.2410631095686 450.915498205774
302 PINHOLE 1600 900 1257.8625342125129 1257.8625342125129 827.2410631095686 450.915498205774
303 PINHOLE 1600 900 1257.8625342125129 1257.8625342125129 827.2410631095686 450.915498205774
304 PINHOLE 1600 900 1257.8625342125129 1257.8625342125129 827.2410631095686 450.915498205774
305 PINHOLE 1600 900 1257.8625342125129 1257.8625342125129 827.2410631095686 450.915498205774
306 PINHOLE 1600 900 1257.8625342125129 1257.8625342125129 827.2410631095686 450.915498205774
307 PINHOLE 1600 900 1257.8625342125129 1257.8625342125129 827.2410631095686 450.915498205774
308 PINHOLE 1600 900 1257.8625342125129 1257.8625342125129 827.2410631095686 450.915498205774
309 PINHOLE 1600 900 1257.8625342125129 1257.8625342125129 827.2410631095686 450.915498205774
310 PINHOLE 1600 900 1257.8625342125129 1257.8625342125129 827.2410631095686 450.915498205774
311 PINHOLE 1600 900 1257.8625342125129 1257.8625342125129 827.2410631095686 450.915498205774
312 PINHOLE 1600 900 1257.8625342125129 1257.8625342125129 827.2410631095686 450.915498205774
313 PINHOLE 1600 900 1257.8625342125129 1257.8625342125129 827.2410631095686 450.915498205774
314 PINHOLE 1600 900 1257.8625342125129 1257.8625342125129 827.2410631095686 450.915498205774
315 PINHOLE 1600 900 1257.8625342125129 1257.8625342125129 827.2410631095686 450.915498205774
316 PINHOLE 1600 900 1257.8625342125129 1257.8625342125129 827.2410631095686 450.915498205774
317 PINHOLE 1600 900 1257.8625342125129 1257.8625342125129 827.2410631095686 450.915498205774
318 PINHOLE 1600 900 1257.8625342125129 1257.8625342125129 827.2410631095686 450.915498205774
319 PINHOLE 1600 900 1257.8625342125129 1257.8625342125129 827.2410631095686 450.915498205774
320 PINHOLE 1600 900 1257.8625342125129 1257.8625342125129 827.2410631095686 450.915498205774
321 PINHOLE 1600 900 1257.8625342125129 1257.8625342125129 827.2410631095686 450.915498205774
322 PINHOLE 1600 900 1257.8625342125129 1257.8625342125129 827.2410631095686 450.915498205774
323 PINHOLE 1600 900 1257.8625342125129 1257.8625342125129 827.2410631095686 450.915498205774
324 PINHOLE 1600 900 1257.8625342125129 1257.8625342125129 827.2410631095686 450.915498205774
325 PINHOLE 1600 900 1257.8625342125129 1257.8625342125129 827.2410631095686 450.915498205774
326 PINHOLE 1600 900 1257.8625342125129 1257.8625342125129 827.2410631095686 450.915498205774
327 PINHOLE 1600 900 1257.8625342125129 1257.8625342125129 827.2410631095686 450.915498205774
328 PINHOLE 1600 900 1257.8625342125129 1257.8625342125129 827.2410631095686 450.915498205774
329 PINHOLE 1600 900 1257.8625342125129 1257.8625342125129 827.2410631095686 450.915498205774
330 PINHOLE 1600 900 1257.8625342125129 1257.8625342125129 827.2410631095686 450.915498205774
331 PINHOLE 1600 900 1257.8625342125129 1257.8625342125129 827.2410631095686 450.915498205774
332 PINHOLE 1600 900 1257.8625342125129 1257.8625342125129 827.2410631095686 450.915498205774
333 PINHOLE 1600 900 1257.8625342125129 1257.8625342125129 827.2410631095686 450.915498205774
334 PINHOLE 1600 900 1257.8625342125129 1257.8625342125129 827.2410631095686 450.915498205774
335 PINHOLE 1600 900 1257.8625342125129 1257.8625342125129 827.2410631095686 450.915498205774
336 PINHOLE 1600 900 1257.8625342125129 1257.8625342125129 827.2410631095686 450.915498205774
337 PINHOLE 1600 900 1257.8625342125129 1257.8625342125129 827.2410631095686 450.915498205774
338 PINHOLE 1600 900 1257.8625342125129 1257.8625342125129 827.2410631095686 450.915498205774
339 PINHOLE 1600 900 1257.8625342125129 1257.8625342125129 827.2410631095686 450.915498205774
340 PINHOLE 1600 900 1257.8625342125129 1257.8625342125129 827.2410631095686 450.915498205774
341 PINHOLE 1600 900 1257.8625342125129 1257.8625342125129 827.2410631095686 450.915498205774
342 PINHOLE 1600 900 1257.8625342125129 1257.8625342125129 827.2410631095686 450.915498205774
343 PINHOLE 1600 900 1257.8625342125129 1257.8625342125129 827.2410631095686 450.915498205774
344 PINHOLE 1600 900 1257.8625342125129 1257.8625342125129 827.2410631095686 450.915498205774
345 PINHOLE 1600 900 1257.8625342125129 1257.8625342125129 827.2410631095686 450.915498205774
346 PINHOLE 1600 900 1257.8625342125129 1257.8625342125129 827.2410631095686 450.915498205774
347 PINHOLE 1600 900 1257.8625342125129 1257.8625342125129 827.2410631095686 450.915498205774
348 PINHOLE 1600 900 1257.8625342125129 1257.8625342125129 827.2410631095686 450.915498205774
349 PINHOLE 1600 900 1257.8625342125129 1257.8625342125129 827.2410631095686 450.915498205774
350 PINHOLE 1600 900 1257.8625342125129 1257.8625342125129 827.2410631095686 450.915498205774
351 PINHOLE 1600 900 1257.8625342125129 1257.8625342125129 827.2410631095686 450.915498205774
352 PINHOLE 1600 900 1257.8625342125129 1257.8625342125129 827.2410631095686 450.915498205774
353 PINHOLE 1600 900 1257.8625342125129 1257.8625342125129 827.2410631095686 450.915498205774
354 PINHOLE 1600 900 1257.8625342125129 1257.8625342125129 827.2410631095686 450.915498205774
355 PINHOLE 1600 900 1257.8625342125129 1257.8625342125129 827.2410631095686 450.915498205774
356 PINHOLE 1600 900 1257.8625342125129 1257.8625342125129 827.2410631095686 450.915498205774
357 PINHOLE 1600 900 1257.8625342125129 1257.8625342125129 827.2410631095686 450.915498205774
358 PINHOLE 1600 900 1257.8625342125129 1257.8625342125129 827.2410631095686 450.915498205774
359 PINHOLE 1600 900 1257.8625342125129 1257.8625342125129 827.2410631095686 450.915498205774
360 PINHOLE 1600 900 1257.8625342125129 1257.8625342125129 827.2410631095686 450.915498205774
361 PINHOLE 1600 900 1257.8625342125129 1257.8625342125129 827.2410631095686 450.915498205774
362 PINHOLE 1600 900 1257.8625342125129 1257.8625342125129 827.2410631095686 450.915498205774
363 PINHOLE 1600 900 1257.8625342125129 1257.8625342125129 827.2410631095686 450.915498205774
364 PINHOLE 1600 900 1257.8625342125129 1257.8625342125129 827.2410631095686 450.915498205774
365 PINHOLE 1600 900 1257.8625342125129 1257.8625342125129 827.2410631095686 450.915498205774
366 PINHOLE 1600 900 1257.8625342125129 1257.8625342125129 827.2410631095686 450.915498205774
367 PINHOLE 1600 900 1257.8625342125129 1257.8625342125129 827.2410631095686 450.915498205774
368 PINHOLE 1600 900 1257.8625342125129 1257.8625342125129 827.2410631095686 450.915498205774
369 PINHOLE 1600 900 1257.8625342125129 1257.8625342125129 827.2410631095686 450.915498205774
370 PINHOLE 1600 900 1257.8625342125129 1257.8625342125129 827.2410631095686 450.915498205774
371 PINHOLE 1600 900 1257.8625342125129 1257.8625342125129 827.2410631095686 450.915498205774
372 PINHOLE 1600 900 1257.8625342125129 1257.8625342125129 827.2410631095686 450.915498205774
373 PINHOLE 1600 900 1257.8625342125129 1257.8625342125129 827.2410631095686 450.915498205774
374 PINHOLE 1600 900 1257.8625342125129 1257.8625342125129 827.2410631095686 450.915498205774
375 PINHOLE 1600 900 1257.8625342125129 1257.8625342125129 827.2410631095686 450.915498205774
376 PINHOLE 1600 900 1257.8625342125129 1257.8625342125129 827.2410631095686 450.915498205774
377 PINHOLE 1600 900 1257.8625342125129 1257.8625342125129 827.2410631095686 450.915498205774
378 PINHOLE 1600 900 1257.8625342125129 1257.8625342125129 827.2410631095686 450.915498205774
379 PINHOLE 1600 900 1257.8625342125129 1257.8625342125129 827.2410631095686 450.915498205774
380 PINHOLE 1600 900 1257.8625342125129 1257.8625342125129 827.2410631095686 450.915498205774
381 PINHOLE 1600 900 1257.8625342125129 1257.8625342125129 827.2410631095686 450.915498205774
382 PINHOLE 1600 900 1257.8625342125129 1257.8625342125129 827.2410631095686 450.915498205774
383 PINHOLE 1600 900 1257.8625342125129 1257.8625342125129 827.2410631095686 450.915498205774
384 PINHOLE 1600 900 1257.8625342125129 1257.8625342125129 827.2410631095686 450.915498205774
385 PINHOLE 1600 900 1257.8625342125129 1257.8625342125129 827.2410631095686 450.915498205774
386 PINHOLE 1600 900 1257.8625342125129 1257.8625342125129 827.2410631095686 450.915498205774
387 PINHOLE 1600 900 1257.8625342125129 1257.8625342125129 827.2410631095686 450.915498205774
388 PINHOLE 1600 900 1257.8625342125129 1257.8625342125129 827.2410631095686 450.915498205774
389 PINHOLE 1600 900 1257.8625342125129 1257.8625342125129 827.2410631095686 450.915498205774
390 PINHOLE 1600 900 1257.8625342125129 1257.8625342125129 827.2410631095686 450.915498205774
391 PINHOLE 1600 900 1257.8625342125129 1257.8625342125129 827.2410631095686 450.915498205774
392 PINHOLE 1600 900 1257.8625342125129 1257.8625342125129 827.2410631095686 450.915498205774
393 PINHOLE 1600 900 1257.8625342125129 1257.8625342125129 827.2410631095686 450.915498205774
394 PINHOLE 1600 900 1257.8625342125129 1257.8625342125129 827.2410631095686 450.915498205774
395 PINHOLE 1600 900 1257.8625342125129 1257.8625342125129 827.2410631095686 450.915498205774
396 PINHOLE 1600 900 1257.8625342125129 1257.8625342125129 827.2410631095686 450.915498205774
397 PINHOLE 1600 900 1257.8625342125129 1257.8625342125129 827.2410631095686 450.915498205774
398 PINHOLE 1600 900 1257.8625342125129 1257.8625342125129 827.2410631095686 450.915498205774
399 PINHOLE 1600 900 1257.8625342125129 1257.8625342125129 827.2410631095686 450.915498205774
400 PINHOLE 1600 900 1257.8625342125129 1257.8625342125129 827.2410631095686 450.915498205774
401 PINHOLE 1600 900 1257.8625342125129 1257.8625342125129 827.2410631095686 450.915498205774
402 PINHOLE 1600 900 1257.8625342125129 1257.8625342125129 827.2410631095686 450.915498205774