1 0.6499996733798631 0.6373525986039497 0.29108495737140744 -0.2941965962599666 -1648.0121298534484 1.4791207877283872 307.403840879622 1 000_0.jpg

2 0.6500022335545963 0.6373421712337386 0.29107648593979557 -0.2942219102548956 -1648.0041232009414 1.549960290645742 307.4465292427669 2 001_0.jpg

3 0.6500137670931095 0.63732798587079 0.29106963082821646 -0.2942339392810294 -1648.0016332064808 1.5789976140561235 307.45980373891445 3 002_0.jpg

4 0.6500063379984051 0.6373364949451746 0.2910727932184851 -0.2942287916246326 -1648.0026031326577 1.5688439411514903 307.45464623841445 4 003_0.jpg

5 0.650015631371076 0.637325909461708 0.29107668025798594 -0.2942273446028742 -1648.0013597712007 1.5453602620694347 307.4612832383906 5 004_0.jpg

6 0.650017262788482 0.6373327070709357 0.2910737726514813 -0.2942118920931583 -1648.0101502335795 1.518959590538502 307.41443724984794 6 005_0.jpg

7 0.6500174969812791 0.6373502181425461 0.29105012904418603 -0.29419683111006534 -1648.0288128235275 1.5475779451164116 307.3149338220074 7 006_0.jpg

8 0.6500309571179054 0.6373286602757665 0.29106011035948126 -0.29420391862958417 -1648.0205135576591 1.5214865986051238 307.359194734304 8 007_0.jpg

9 0.6500355056949186 0.6373181333814948 0.29109398745548803 -0.29418315496700853 -1648.0139834731965 1.3874503152268969 307.39400374169765 9 008_0.jpg

10 0.6500427715127355 0.6373126700895878 0.2910828648079742 -0.29418994130069176 -1648.0160951352552 1.4213705893205668 307.382756753519 10 009_0.jpg

11 0.6500482964724 0.6372978461443934 0.29108572400091787 -0.2942070169725887 -1648.0065167111202 1.443058646366595 307.4338285605784 11 010_0.jpg

12 0.6500545488850429 0.6372968882184227 0.2910720839362238 -0.294208772292742 -1648.0122601408298 1.4741350621269604 307.4032222006342 12 011_0.jpg

13 0.6500699648871433 0.6372751009519293 0.29109029361014643 -0.2942038875071084 -1648.0056756279835 1.4002071307196344 307.4383174286465 13 012_0.jpg

14 0.6500501474088115 0.6372891372206854 0.2911159189372639 -0.29419191555107227 -1647.9990763684916 1.3331451974584154 307.47347437727683 14 013_0.jpg

15 0.6500539139102566 0.637285793422496 0.2911196761336263 -0.29418711848017587 -1647.9995242798077 1.3093958916922936 307.47107805004794 15 014_0.jpg

16 0.6500469119877239 0.6372953513682186 0.291112301877474 -0.2941891823899744 -1648.0021577759185 1.3403796792895852 307.45706292529496 16 015_0.jpg

17 0.6500929289829237 0.637268470376224 0.29107743658062785 -0.2941802275211603 -1648.0230917677077 1.3576810254945806 307.3454736322109 17 016_0.jpg

18 0.6501004595865542 0.6372728271582679 0.29108937341791485 -0.2941423344135033 -1648.0353569888946 1.2405179544186014 307.27999885754065 18 017_0.jpg

19 0.6501175527109305 0.6372634996176101 0.29108790759059217 -0.29412621400820044 -1648.0436655029744 1.1913783436079675 307.2356412837252 19 018_0.jpg

20 0.6501226861650916 0.6372557166519407 0.2910977774016838 -0.294121961981262 -1648.04087608205 1.1516809439581144 307.25048020231566 20 019_0.jpg

21 0.6501252876268946 0.6372518054318846 0.29110684034073103 -0.2941157159498406 -1648.0394443316663 1.1128104381702215 307.2580744680939 21 020_0.jpg

22 0.6501014003289562 0.6372698851237151 0.2911325486404081 -0.2941038964836706 -1648.0327503180954 1.0505176479798917 307.29369913063647 22 021_0.jpg

23 0.6501137160759933 0.6372616579356907 0.29113290426148264 -0.2940941474276425 -1648.0371570839868 1.0153843642651887 307.27015035111236 23 022_0.jpg

24 0.6501079548730534 0.6372567212556842 0.2911371440733134 -0.29411338216080185 -1648.025953045824 1.0509477815142103 307.32995604337407 24 023_0.jpg

25 0.6500996208658826 0.637265288462684 0.2911453250064371 -0.29410514241934615 -1648.0259642680767 1.0227127484148872 307.3298582855409 25 024_0.jpg

26 0.6501269542962576 0.63722618003278 0.29117114625702634 -0.2941038972296566 -1648.0138500693354 0.9233484533341653 307.3942912371708 26 025_0.jpg

27 0.6501685159332355 0.637176344995629 0.29120708371324167 -0.2940844107776102 -1648.0054221899682 0.7443606971391156 307.4388542911714 27 026_0.jpg

28 0.650167132399258 0.6371686970049629 0.2911858948015443 -0.29412501793174184 -1647.996352375088 0.883576301722278 307.48750228641927 28 027_0.jpg

29 0.65018301037475 0.6371567599648084 0.2911816372231225 -0.2941199931919578 -1648.0007221447029 0.865826381227877 307.4641833852556 29 028_0.jpg

30 0.6502065543066523 0.6371370911797531 0.29118265684833233 -0.2941095444395157 -1648.0050655857917 0.8147097690446354 307.4409282747811 30 029_0.jpg

31 0.6502512713444074 0.6371020154410297 0.2911816136659579 -0.2940876976326088 -1648.0157115365193 0.7210415827610465 307.38396210113507 31 030_0.jpg

32 0.6503037288886352 0.6370464278010941 0.2911467846622958 -0.29412660335340035 -1648.013748724213 0.8297118288987805 307.3946750508493 32 031_0.jpg

33 0.6503100340990872 0.6370517014949232 0.29111752926648055 -0.2941301979162412 -1648.0262137490931 0.9041227349721724 307.3283632613895 33 032_0.jpg

34 0.6503398606877882 0.6370096154958659 0.2911172012085191 -0.29415572496029413 -1648.014003627966 0.9235477765976237 307.3935018600108 34 033_0.jpg

35 0.6503550390266017 0.6369910260967067 0.29113455766138796 -0.29414524510907913 -1648.0104703998793 0.8404984639993034 307.41217866930964 35 034_0.jpg

36 0.6503895358697209 0.6369459770442498 0.29113812568823055 -0.2941629917733688 -1648.0000442773223 0.8286252280067512 307.4677336095333 36 035_0.jpg

37 0.6504117823728819 0.6369216114212289 0.2911167560509665 -0.2941877098069841 -1647.9984961662378 0.9084262039569948 307.4761482823948 37 036_0.jpg

38 0.6503781464573787 0.6369429342929712 0.29113673658598416 -0.29419613470436284 -1647.9849736005533 0.9136701826117436 307.54822640873635 38 037_0.jpg

39 0.6503857919151049 0.6369317367089364 0.2911470012010274 -0.29419331763238404 -1647.9812771081406 0.8730659214127506 307.56785100953323 39 038_0.jpg

40 0.6503726014134381 0.6369476682624662 0.2911467690108158 -0.2941882154680689 -1647.9839111189822 0.8782111201410382 307.5538288601974 40 039_0.jpg

41 0.6503701151811395 0.6369453676786322 0.29116586790715177 -0.29417979066869704 -1647.9786583465293 0.8152121121899772 307.581691290298 41 040_0.jpg

42 0.6503606138183164 0.6369672770313952 0.29114073525968026 -0.2941782321272686 -1647.9916896918528 0.886607401986206 307.5124032317041 42 041_0.jpg

43 0.650351652745781 0.6369629170388863 0.29115717153198356 -0.29419121596954445 -1647.9775541172985 0.8820079493914006 307.5877172174796 43 042_0.jpg

44 0.6503813997827111 0.6369483477916603 0.2911558534005894 -0.294158301077379 -1647.9937158506145 0.7832882575260299 307.5013939751576 44 043_0.jpg

45 0.6503967481212656 0.6369300734498134 0.29117145335334876 -0.29414849365685547 -1647.990705161292 0.7058895535244163 307.5172541415542 45 044_0.jpg

46 0.6503430131309513 0.6369745962587593 0.291203006662342 -0.2941396571419056 -1647.9799201407855 0.669116335960699 307.5746303106619 46 045_0.jpg

47 0.6502751853402665 0.63704994326532 0.29121238881106143 -0.2941171496517833 -1647.9865403889057 0.6764507563875807 307.53937868112627 47 046_0.jpg

48 0.6502807390244033 0.6370387239156936 0.291224115069749 -0.2941175606582887 -1647.9806012494905 0.6411996628201299 307.57093172416717 48 047_0.jpg

49 0.6503179495986727 0.6369997012004935 0.29122643099974804 -0.2941175122079761 -1647.9792515505565 0.5926364143307749 307.57798968547127 49 048_0.jpg

50 0.6503426010539015 0.6369865790058361 0.2911955420679026 -0.29412200818821416 -1647.9919787478086 0.6520540237828564 307.51033778608655 50 049_0.jpg

51 0.6503356928911963 0.6370018310355762 0.2911732441037376 -0.2941263261375221 -1648.0008137122993 0.7254377867217823 307.46343783082 51 050_0.jpg

52 0.6502587870440537 0.6370735262204228 0.29121722322770727 -0.2940975364681179 -1647.9936551802214 0.6424366256435704 307.50137706806316 52 051_0.jpg

53 0.6502255969850447 0.6371049702640388 0.29125991827151426 -0.2940605208095289 -1647.9907520545182 0.49564955839851565 307.51641709408335 53 052_0.jpg

54 0.6502127386360874 0.6371106180638162 0.2912848900038976 -0.2940519813249326 -1647.9827521646607 0.4293756056799798 307.5588294073879 54 053_0.jpg

55 0.6502222902991611 0.6370939314435247 0.291303449146102 -0.2940486290250837 -1647.9752471114314 0.36443800951992894 307.59858997353 55 054_0.jpg

56 0.6502185670581618 0.6370951755077345 0.2913138089297338 -0.29404390339615993 -1647.9724791504464 0.33265526559084724 307.61322388810567 56 055_0.jpg

57 0.6502045863712471 0.6371269116956113 0.2912665768602405 -0.2940528446710314 -1647.9913121986501 0.48694668695123494 307.5134146071029 57 056_0.jpg

58 0.6502090878388134 0.6371342222957049 0.2912490200346921 -0.29404444085936554 -1648.0038365325604 0.5089739344856248 307.44673216833945 58 057_0.jpg

59 0.6502073716292657 0.6371420260471669 0.29124375879876263 -0.2940365376687759 -1648.0101772777455 0.50795952158385 307.4129268296607 59 058_0.jpg

60 0.6501998791666057 0.637153377846259 0.2912601575844737 -0.2940122630685684 -1648.0138199828482 0.42478947273408607 307.3932334727925 60 059_0.jpg

61 0.6501984271909875 0.6371595693995848 0.2912745756286668 -0.29398777184305064 -1648.0184855620464 0.3392829212287018 307.3680534145172 61 060_0.jpg

62 0.6502048035320446 0.6371594847279328 0.2912682877229203 -0.293980082747197 -1648.0251678598845 0.33205351449221615 307.33239419173907 62 061_0.jpg

63 0.6502068209863605 0.6371559590335651 0.29128834324068265 -0.2939633904126956 -1648.023344083073 0.24438305605067204 307.34177931999125 63 062_0.jpg

64 0.6501996816799966 0.6371505050761516 0.2913013712648967 -0.29397809259131363 -1648.0100436215696 0.24987251328893503 307.41271428851064 64 063_0.jpg

65 0.6502018477238986 0.6371456379588406 0.29130414549594397 -0.29398110154111623 -1648.007243842107 0.24657067133233132 307.4276272088189 65 064_0.jpg

66 0.6502168574509831 0.6371236191111778 0.29130314012826786 -0.29399662040345603 -1648.0002347412462 0.2639997060477278 307.46506046132095 66 065_0.jpg

67 0.6502667256185395 0.6370718324647202 0.29126420801879693 -0.29403711833809243 -1647.9995507765393 0.3893473286309918 307.4691764568381 67 066_0.jpg

68 0.650335316127404 0.637003297708585 0.2912392399523529 -0.29405863431947266 -1648.000985161228 0.4186188412010075 307.4616358933673 68 067_0.jpg

69 0.6503309465479362 0.6370048907467829 0.291227085213963 -0.2940768844443977 -1647.998230872293 0.49215749368449435 307.4765616420251 69 068_0.jpg

70 0.650301077805814 0.6370291078260225 0.29124126952002416 -0.29407643039751247 -1647.9917424897244 0.4894312662209891 307.5111333455062 70 069_0.jpg

71 0.6502894775264283 0.6370438456580882 0.29123961882127863 -0.2940717915006387 -1647.9948365227265 0.4973121719597405 307.49467209275275 71 070_0.jpg

72 0.65029960528305 0.6370185882099789 0.291230678683101 -0.29411296033574397 -1647.9794822610693 0.5934536632143483 307.5767841681275 72 071_0.jpg

73 0.65029960528305 0.6370185882099789 0.291230678683101 -0.29411296033574397 -1647.9794822610693 0.5934536632143483 307.5767841681275 73 072_0.jpg

74 0.6502813158008324 0.6370392590052452 0.29123553208331066 -0.2941038212239642 -1647.9816014560847 0.583193974776932 307.56546630728303 74 073_0.jpg

75 0.6502759449104566 0.6370422681616099 0.29125202279922446 -0.2940928480287888 -1647.9788438489297 0.524840631282728 307.579986690546 75 074_0.jpg

76 0.6502740898701861 0.6370514873418948 0.2912316987438687 -0.29409710669393024 -1647.9867190998082 0.5873155256054183 307.5382126475061 76 075_0.jpg

77 0.6502601183583229 0.637080898384462 0.29121391997618157 -0.29408189369353044 -1648.0027209074763 0.6169755026950868 307.4530158439141 77 076_0.jpg

78 0.6502621172319326 0.6370928489571364 0.2912149861351076 -0.29405052720757474 -1648.0171482077521 0.5471837350142728 307.37589792917765 78 077_0.jpg

79 0.6502533575832682 0.6370942659732493 0.29122086912140627 -0.2940610015011611 -1648.009349130917 0.563925848921896 307.41752445251484 79 078_0.jpg

80 0.6502564017806562 0.6370959253406054 0.29123737008857836 -0.29403433153555353 -1648.0140157855722 0.46348717403758316 307.39233185224253 80 079_0.jpg

81 0.6502475017157725 0.6370994704844319 0.29124603153339435 -0.2940377532510102 -1648.0082283416075 0.4587717124609242 307.42316883545305 81 080_0.jpg

82 0.6502345622288438 0.6371161247528931 0.29123772464099545 -0.29403851007794113 -1648.0119967148978 0.4962188344859286 307.4032022735437 82 081_0.jpg

83 0.6502135130522448 0.6371422641032475 0.29124601253005244 -0.2940202083581844 -1648.0168291480963 0.46148092780179567 307.37732488259263 83 082_0.jpg

84 0.6502177078602347 0.6371402096986933 0.29124259403944136 -0.2940187697873464 -1648.019150676899 0.4623799695571861 307.36495075086384 84 083_0.jpg

85 0.6502411106729284 0.6371273066667191 0.29124486482179707 -0.2939927240687798 -1648.0303025520495 0.3760264314891863 307.30518838750294 85 084_0.jpg

86 0.6502240738247272 0.6371444154645768 0.2912464400581038 -0.2939917665761406 -1648.0301069522384 0.38955543843945933 307.30627858921787 86 085_0.jpg

87 0.6502079044987347 0.6371542798207194 0.2912433749960451 -0.2940091854932729 -1648.023404845933 0.4518221534686871 307.3422304932618 87 086_0.jpg

88 0.6501815043054984 0.6371657408391643 0.2912778676926186 -0.2940085610188234 -1648.007091211944 0.3932430512698617 307.4290056638209 88 087_0.jpg

89 0.6501792309496741 0.637160663654497 0.2912994973511277 -0.2940031618469972 -1647.9991492799215 0.32981733066031343 307.47111236825214 89 088_0.jpg

90 0.6501653952522062 0.6371707101316868 0.29131122085657823 -0.29400037001656026 -1647.9948643477646 0.3101413208652378 307.4938793110521 90 089_0.jpg

91 0.6501766106888681 0.6371656578462253 0.2912954288199537 -0.29400216414700514 -1648.0016238479009 0.3410773403057259 307.457969778193 91 090_0.jpg

92 0.6502040986040245 0.6371434813841518 0.29127368288469335 -0.2940109792966887 -1648.0078244014817 0.38299526123892286 307.4250713262598 92 091_0.jpg

93 0.650216520870208 0.6371456542494474 0.2912603222676761 -0.29399203378835886 -1648.023274811275 0.3635357151357664 307.34262795271746 93 092_0.jpg

94 0.6502063439720523 0.6371562154882398 0.29129118577372687 -0.2939610729565007 -1648.023071188219 0.23293053904363611 307.34321159799845 94 093_0.jpg

95 0.6501972886283985 0.6371727512694023 0.29127671271951966 -0.2939596018628579 -1648.0308801351553 0.2769756721080397 307.30174373984806 95 094_0.jpg

96 0.6502012257375893 0.637176738722628 0.2912751431532368 -0.29394380527780045 -1648.0391420219435 0.24382137795322467 307.2575487071314 96 095_0.jpg

97 0.6501842753618595 0.6371889707880628 0.29130180330037453 -0.2939283636741659 -1648.0336334822946 0.1636902021992933 307.28659345250134 97 096_0.jpg

98 0.6501717290301693 0.6371849007142241 0.29133728224432803 -0.2939297757053769 -1648.015767776476 0.0909523353259173 307.3815425756736 98 097_0.jpg

99 0.6501750449021563 0.6371753285086402 0.2913250210279853 -0.29395534329116974 -1648.0095377469252 0.1710776898216273 307.4151080439332 99 098_0.jpg

100 0.6501262454999427 0.6372148569271783 0.2913392605671679 -0.2939634777920547 -1647.9990591126514 0.20759949303815134 307.47111797602923 100 099_0.jpg

101 0.6501134818871545 0.6372253489085472 0.29133494210333527 -0.293973241786709 -1647.9965951956635 0.2533298226560357 307.48443682091056 101 100_0.jpg

102 0.650113987032994 0.6372357510955269 0.2913180604665946 -0.293966305953192 -1648.00811907808 0.2812601630106491 307.4231247230232 102 101_0.jpg

103 0.6501244357990811 0.6372147796079275 0.2913232289571014 -0.2939835350766354 -1647.997319247975 0.29177466670245095 307.48073168662825 103 102_0.jpg

104 0.6501382105261576 0.6372015945832078 0.2913436776579093 -0.29396138617721046 -1647.9978226289943 0.17837964866427775 307.47759424443024 104 103_0.jpg

105 0.6501547681355816 0.6371908224903108 0.2913275310200062 -0.29396411834520997 -1648.0042730452362 0.20604163354297145 307.44332923713665 105 104_0.jpg

106 0.6501565810677864 0.6371874858826213 0.29133340943223107 -0.29396151529991665 -1648.0026376307817 0.18367552379182003 307.45195337743894 106 105_0.jpg

107 0.6501070266389303 0.6372308826051806 0.29134509638305195 -0.29396545882545827 -1647.9954030788542 0.21887696522623554 307.49065809546084 107 106_0.jpg

108 0.6500494661953083 0.6372601580582415 0.29140458024157256 -0.2939703268444153 -1647.964487244645 0.14385311653649074 307.6550688849329 108 107_0.jpg

109 0.6500363333377813 0.6372868441643156 0.2913823872626291 -0.29396351472417703 -1647.978640630196 0.20112458516963658 307.5799166818835 109 108_0.jpg

110 0.6500572974201043 0.6372790379987188 0.29136125061348656 -0.2939550296205906 -1647.9928419967944 0.21325004888907695 307.5042937083486 110 109_0.jpg

111 0.6500677408461908 0.6372683213888521 0.29134608413474816 -0.2939701993820339 -1647.992927194436 0.27111518393984235 307.504070562076 111 110_0.jpg

112 0.6500728912479147 0.6372551341981871 0.2913617304607434 -0.2939718898560687 -1647.9844651465496 0.2290116977964044 307.5489949750456 112 111_0.jpg

113 0.6500766708098615 0.6372444120873684 0.2913834550306277 -0.2939652419361941 -1647.9770232511523 0.15583208835856852 307.58834397339496 113 112_0.jpg

114 0.6501007885260129 0.6372368418664301 0.291365915469212 -0.2939457014973049 -1647.9947197349518 0.13238277508800786 307.4939454998708 114 113_0.jpg

115 0.6501130359335328 0.6372270993501742 0.2913558090583671 -0.2939497523234077 -1647.997629552912 0.15237816266486232 307.47852152915385 115 114_0.jpg

116 0.650113169351705 0.6372301460434135 0.29135245915358005 -0.29394617288567043 -1648.0009665209927 0.15333224606419515 307.460738994155 116 115_0.jpg

117 0.6501018405889761 0.6372457943007589 0.2913676558318241 -0.2939222408118992 -1648.0050436050121 0.07830726949849791 307.43867404291717 117 116_0.jpg

118 0.6500915544560832 0.6372409911068606 0.2913739740021342 -0.29394914075775547 -1647.9892173804112 0.12960459066463717 307.5232511624536 118 117_0.jpg

119 0.6500895313469132 0.6372436451912674 0.2913644851115236 -0.2939572668130412 -1647.98998166643 0.17278023444921745 307.5193652301879 119 118_0.jpg

120 0.6500757966638346 0.6372530638370674 0.29139935852293125 -0.2939326539780418 -1647.9848114913286 0.049171354684350084 307.54636944572775 120 119_0.jpg

121 0.650079153976672 0.6372520544138758 0.2914088671133222 -0.2939179900550477 -1647.9871405093513 -0.009084399375242814 307.53368465661384 121 120_0.jpg

122 0.6500873381058364 0.637251065211418 0.29138713319561177 -0.2939235807644966 -1647.995014075073 0.04824747992597001 307.49199601982696 122 121_0.jpg

123 0.6500888113521993 0.6372454988010464 0.29136327342990503 -0.29395604179655943 -1647.991160960167 0.1741485023163243 307.5130875236407 123 122_0.jpg

124 0.6500756179279052 0.6372450129028183 0.2913964763260173 -0.29395336040079545 -1647.9763484302923 0.09945580291594272 307.59169304910256 124 123_0.jpg

125 0.6500756179279052 0.6372450129028183 0.2913964763260173 -0.29395336040079545 -1647.9763484302923 0.09945580291594272 307.59169304910256 125 124_0.jpg

126 0.6500878800676364 0.637221030749694 0.29138709525563083 -0.29398752843947307 -1647.9645462669337 0.17980181632115386 307.6549175489531 126 125_0.jpg

127 0.6500990632837346 0.6372260076087304 0.2913541793532501 -0.29398463449310325 -1647.9818910405677 0.24454880192547693 307.56278242849066 127 126_0.jpg

128 0.6501012046219995 0.6372372755137296 0.29134909167310763 -0.2939605164407619 -1647.9958529406679 0.2051938044013086 307.48821871674096 128 127_0.jpg

129 0.6501037570121059 0.6372290659255989 0.29136071767018373 -0.2939611451485539 -1647.9898718635984 0.17407232702061684 307.5199623172355 129 128_0.jpg

130 0.650100927172161 0.637232633534483 0.2913781733557544 -0.29394236737916457 -1647.990334905876 0.094234665723454 307.5171455380523 130 129_0.jpg

131 0.6500982610017823 0.6372344264802683 0.29136110646677843 -0.29396129403252474 -1647.98964904855 0.17968212354587795 307.5211704390174 131 130_0.jpg

132 0.6501199986481735 0.637218084606174 0.29133722257862316 -0.2939723162964698 -1647.995882669486 0.23817488954442023 307.4881905573357 132 131_0.jpg

133 0.6501370146665314 0.6372188152508148 0.29133230374908636 -0.29393797380244757 -1648.0145285357835 0.16024884927492422 307.38847484598557 133 132_0.jpg

134 0.6501587908075226 0.6372007662771183 0.29133271854969917 -0.2939285241244802 -1648.0186782038381 0.11475488151098955 307.3661511667059 134 133_0.jpg

135 0.6501546296541825 0.6371953871401262 0.29132736374147883 -0.2939546959686432 -1648.0088466267018 0.187162170981601 307.41887385172356 135 134_0.jpg

136 0.6501258585614488 0.6372154707586919 0.29133507112512713 -0.29396715494768255 -1647.9993512395356 0.22626716678555123 307.469648447959 136 135_0.jpg

137 0.6501513285468554 0.6371888898151716 0.29133010127436526 -0.29397336746095887 -1647.9986376604759 0.22256129671800282 307.4734384982395 137 136_0.jpg

138 0.6501778432189954 0.6371576705519127 0.2913362380595377 -0.2939763110137822 -1647.9940633246779 0.18272790652579335 307.4976546445779 138 137_0.jpg

139 0.6501866674063629 0.6371493138304627 0.2913221583966415 -0.2939888593799098 -1647.9948814803115 0.2342709119733241 307.49350706486246 139 138_0.jpg

140 0.6502046466893098 0.6371380021889496 0.2913171946366975 -0.2939785293168674 -1648.00209964282 0.20494829559780037 307.4549174244577 140 139_0.jpg

141 0.6502035245059202 0.6371137525803869 0.2913360405065712 -0.29401488821991695 -1647.9755928546444 0.2335296721832345 307.5962864504904 141 140_0.jpg

142 0.6502259283580433 0.6370828427397154 0.29134013417802374 -0.29402826359847606 -1647.967065374807 0.22513839929438006 307.64168529757325 142 141_0.jpg

143 0.6502363176881911 0.6370865068134247 0.2913179586438794 -0.2940193207378268 -1647.9820657484652 0.2510299736645803 307.5618766387263 143 142_0.jpg

144 0.6502368665171555 0.6370865758009443 0.29131535611888437 -0.29402053609485546 -1647.9827507073066 0.25951479575066433 307.5582605909603 144 143_0.jpg

145 0.6502472219356941 0.6370827592039202 0.29128436396530744 -0.29403660928421566 -1647.9901147418 0.35948907659560886 307.5193980592512 145 144_0.jpg

146 0.65026214837442 0.6370706057941109 0.29126522555697937 -0.2940488905026685 -1647.9934782036992 0.4163257656774119 307.5016726878872 146 145_0.jpg

147 0.6502738741385208 0.637059343489689 0.29125055491171364 -0.2940618910178344 -1647.994343063331 0.4669773543525978 307.49723252976844 147 146_0.jpg

148 0.6502527195891188 0.6370740180157689 0.29125287688916873 -0.2940745788741035 -1647.9873023268751 0.5115120076597615 307.53489518171824 148 147_0.jpg

149 0.6502587664548041 0.637061069207805 0.2912884758061303 -0.29405399948143224 -1647.9797407229419 0.37177256462293035 307.5747181469136 149 148_0.jpg

150 0.6502691052401621 0.63705851364588 0.29125626574961994 -0.29406857809539566 -1647.9884052119166 0.4717646770059318 307.5288936391116 150 149_0.jpg

151 0.6502666411820366 0.6370550772623429 0.29126650759322914 -0.29407132715473305 -1647.9821231121018 0.45428448210079353 307.5623099612301 151 150_0.jpg

152 0.6502735343549698 0.6370351948243609 0.29125454786818744 -0.29411099846602484 -1647.9689738210109 0.55869366323818 307.63269556287906 152 151_0.jpg

153 0.65028571513982 0.6370331307314919 0.29124475362532093 -0.29409823617501174 -1647.9797517131117 0.5432293197896679 307.57523156945905 153 152_0.jpg

154 0.650295033740909 0.6370103822179631 0.2912449778353682 -0.2941266817616358 -1647.9660066060133 0.5907664987119053 307.64859810793797 154 153_0.jpg

155 0.650295033740909 0.6370103822179631 0.2912449778353682 -0.2941266817616358 -1647.9660066060133 0.5907664987119053 307.64859810793797 155 154_0.jpg

156 0.6502853823769874 0.6370166936480155 0.29126546099307155 -0.2941140675198304 -1647.9621152387022 0.5237941372187225 307.6691276194576 156 155_0.jpg

157 0.6502823664642222 0.6370258589630162 0.2912381783513725 -0.2941279013434406 -1647.968819008361 0.6250299469589933 307.63371703857905 157 156_0.jpg

158 0.650277294293107 0.6370434034966497 0.29121811177352314 -0.2941209852480857 -1647.9819211341878 0.6674449888177492 307.56402804614805 158 157_0.jpg

159 0.650277294293107 0.6370434034966497 0.29121811177352314 -0.2941209852480857 -1647.9819211341878 0.6674449888177492 307.56402804614805 159 158_0.jpg

160 0.6503073714826502 0.637019233444054 0.2912143084968237 -0.29411060053046895 -1647.9885300007675 0.6212113651087238 307.5286849972867 160 159_0.jpg

161 0.6503033274467205 0.6370202175463701 0.2911974199156927 -0.294134131619135 -1647.9855467970215 0.7172937810957702 307.544830544072 161 160_0.jpg

162 0.6502785327540853 0.6370451649738537 0.29119260906741873 -0.2941396811841938 -1647.9853993837255 0.7693408415901507 307.54573905070083 162 161_0.jpg

163 0.6502972785587556 0.6370196791566772 0.2911930620564178 -0.29415298481641755 -1647.9787075308905 0.7742225594854703 307.5814059446622 163 162_0.jpg

164 0.6502995311411035 0.6370131449580805 0.29119013061484433 -0.2941650570356487 -1647.9743558570863 0.8040220422307864 307.6046573684808 164 163_0.jpg

165 0.6503060256909576 0.6370191655852894 0.29117885768854423 -0.2941488202632262 -1647.9875496886277 0.7916343603701197 307.5343326945428 165 164_0.jpg

166 0.6503007145877026 0.6370168695696946 0.2911655026021423 -0.2941787527759136 -1647.9797896031891 0.8934296920092466 307.5758908673622 166 165_0.jpg

167 0.6503088412225011 0.6370182797781635 0.2911656545219478 -0.29415758341936915 -1647.9897708661015 0.8400050460756968 307.52260025850444 167 166_0.jpg

168 0.6503009667757788 0.6370352280011639 0.2911602698980578 -0.2941436182018622 -1647.9991058749395 0.8338228672102442 307.47283564945553 168 167_0.jpg

169 0.6503033164512783 0.6370354872338202 0.29116341615289715 -0.2941347475416886 -1648.0017943089028 0.8048260150168925 307.4584432297615 169 168_0.jpg

170 0.6502991986401231 0.6370370257527566 0.2911857499808022 -0.2941184099579848 -1647.9987540076945 0.719137688644172 307.47444633827917 170 169_0.jpg

171 0.6503195780209358 0.6370289121980799 0.29119229151033643 -0.2940844450686953 -1648.0116400842433 0.6090439183283533 307.4054655910996 171 170_0.jpg

172 0.6503286560485877 0.6370284077160073 0.29116515086374184 -0.2940923355127442 -1648.0210196956868 0.6837927284774244 307.3556566565903 172 171_0.jpg

173 0.6503119051838324 0.6370305294213346 0.29120561269709155 -0.29408471856772805 -1648.0050786711683 0.5846040298751368 307.4403678844834 173 172_0.jpg

174 0.6503056802541063 0.6370333962517237 0.2912268702111495 -0.29407122327126206 -1648.0012101192337 0.5099287180769485 307.46076332160027 174 173_0.jpg

175 0.6503089761271521 0.637022425388722 0.29124084983368764 -0.2940738555337361 -1647.9931268746952 0.47613522180372064 307.5037372765665 175 174_0.jpg

176 0.6503147377205023 0.636999668738285 0.29122945773354963 -0.29412168719605153 -1647.9758168094259 0.5972615518713902 307.5963477913772 176 175_0.jpg

177 0.6503109525491972 0.6370076328540577 0.29123735454303157 -0.2941049880552898 -1647.9799650301538 0.5470616788049495 307.57410288166403 177 176_0.jpg

178 0.6503132779663862 0.6369982096350337 0.2912660465063782 -0.2940918420747503 -1647.972247203283 0.44446318692338194 307.61489621175264 178 177_0.jpg

179 0.6503130983418315 0.6369885697207753 0.29128232744721333 -0.2940969940122865 -1647.9618582866196 0.4140176763793758 307.6701339919725 179 178_0.jpg

180 0.650309493782941 0.6369875920676663 0.29128033301618966 -0.29410905706147333 -1647.9570988023388 0.44812615090776664 307.69560321957636 180 179_0.jpg

181 0.6502894174866314 0.6369993435393934 0.29129162816212767 -0.294116808764709 -1647.9480312027817 0.45846710300154947 307.74393061714557 181 180_0.jpg

182 0.6503159029423068 0.6369783682897386 0.291300187674711 -0.2940951978049836 -1647.95399163515 0.3617952924531452 307.71185745549354 182 181_0.jpg

183 0.6503295406673073 0.6369537254426284 0.2913295214558027 -0.2940893573534049 -1647.9423813335336 0.2597175483519462 307.7732983440755 183 182_0.jpg

184 0.6503264202988258 0.6369519172439305 0.2913333203773518 -0.29409641041417595 -1647.937185192758 0.26822630245604795 307.80099847989356 184 183_0.jpg

185 0.6503377684742024 0.6369389257286209 0.29132915198400716 -0.29410358207941684 -1647.935717284236 0.28063224542982546 307.8088641896002 185 184_0.jpg

186 0.6503535911774208 0.6369276100861793 0.2913302199377989 -0.29409204155082824 -1647.9405917778624 0.23597015950660366 307.78273787114404 186 185_0.jpg

187 0.6503520512276026 0.6369349219118469 0.2913310151542862 -0.2940788233150634 -1647.9465200415489 0.208401833042664 307.75106046443494 187 186_0.jpg

188 0.6503477646029121 0.6369433493383891 0.2913276339944274 -0.294073399818479 -1647.9507861502616 0.2106766223556036 307.72835134562416 188 187_0.jpg

189 0.6503445696078279 0.6369456244202547 0.2913178490140517 -0.2940852311139184 -1647.949937239787 0.26359876185530073 307.73308366093494 189 188_0.jpg

190 0.6503355879533063 0.6369574352119304 0.291325270587414 -0.2940721603396639 -1647.9526154197165 0.22804526403021366 307.7186786803883 190 189_0.jpg

191 0.6503368800013347 0.6369609050081753 0.29133659080842783 -0.29405057193860135 -1647.9573807233369 0.15324583340100537 307.6929859009257 191 190_0.jpg

192 0.6503281846204376 0.6369799210422367 0.29134684741955286 -0.29401844665938826 -1647.967755065434 0.07080305759194011 307.6373618289368 192 191_0.jpg

193 0.6503280691125667 0.6369806444393534 0.29132920885360275 -0.2940346122528443 -1647.9686523568191 0.14907737423726214 307.6329264458028 193 192_0.jpg

194 0.6503347429911478 0.6369821774367531 0.2913005455802226 -0.2940449282528693 -1647.9776617697023 0.2354577856922249 307.58528800817254 194 193_0.jpg

195 0.6503524277211445 0.6369622268887729 0.29131387186379387 -0.2940358300170812 -1647.9753782598434 0.162615421020846 307.5971491052241 195 194_0.jpg

196 0.6503511871565393 0.6369559681183821 0.29131443294048953 -0.294051575753329 -1647.9676069506 0.19514722732461848 307.6386850708109 196 195_0.jpg

197 0.6503522481809321 0.636947908509081 0.29130866457491866 -0.2940724010775108 -1647.9604815793966 0.2515950313393468 307.6768697841732 197 196_0.jpg

198 0.6503486626224135 0.6369622575708358 0.2912696477721333 -0.294087897986639 -1647.9721327812383 0.38668051963693634 307.6153131575076 198 197_0.jpg

199 0.6503394750752383 0.6369614504695824 0.2912824758396165 -0.29409725779628143 -1647.961479880212 0.3839992157423757 307.67204963925593 199 198_0.jpg

200 0.6503622698687087 0.6369484809910804 0.291284349459428 -0.2940730831857519 -1647.9719397232009 0.3032058378925272 307.61603669598026 200 199_0.jpg

201 0.6503507753011892 0.6369615652262772 0.2912818386270153 -0.29407265084617845 -1647.9734493295914 0.32183740657480264 307.6080645155589 201 200_0.jpg

202 0.4427489010792579 0.4312858781043423 0.5558948719958757 -0.5558298239835324 -699.6157558176357 7.70815511413864 1522.9477014903127 202 000_1.jpg

203 0.44275314736962473 0.43126840673845585 0.5558890748230804 -0.555845795464808 -699.580199478324 7.770716109163791 1522.963743895139 203 001_1.jpg

204 0.44276779210786316 0.4312467388021298 0.5558877216883329 -0.5558522946076684 -699.5617896919133 7.8091586702238445 1522.9720240633044 204 002_1.jpg

205 0.44275222689077526 0.43126452536584914 0.5558817901105807 -0.5558568252416125 -699.567308274416 7.814693880274845 1522.969473926068 205 003_1.jpg

206 0.4427578880588809 0.43125563957597735 0.5558937910770374 -0.5558472082664023 -699.5585100551855 7.773019362670919 1522.9736791781243 206 004_1.jpg

207 0.44276198322948424 0.4312666916567149 0.5558928185073717 -0.5558363439053768 -699.5997816958928 7.745990483495058 1522.954877198966 207 005_1.jpg

208 0.4427772753437976 0.4312864728580083 0.5558692137885858 -0.5558324207266797 -699.6961012009662 7.78802987617221 1522.9105572846404 208 006_1.jpg

209 0.4427843815179835 0.43126583439001337 0.5558818559849743 -0.5558301303081029 -699.6593972585504 7.769341864305935 1522.9274590012974 209 007_1.jpg

210 0.44277223363359836 0.4312654259119764 0.5559164693466649 -0.5558055061307097 -699.624011137158 7.626566667420477 1522.9442606085668 210 008_1.jpg

211 0.4427847022520974 0.43125742599140404 0.5559123732897764 -0.5558058772648223 -699.6367445261072 7.648128049309063 1522.9383380293543 211 009_1.jpg

212 0.4427933917420031 0.43123031409020357 0.5559183758116762 -0.5558139867565275 -699.5870007349365 7.67331574482978 1522.961035837102 212 010_1.jpg

213 0.4427980279414916 0.4312362116953884 0.5559058588859658 -0.5558182366835339 -699.6160614470615 7.71101269757713 1522.947565276323 213 011_1.jpg

214 0.4428088155684032 0.43121455057719277 0.555927823766612 -0.5558044790999228 -699.5864917652195 7.6469537954864775 1522.9613786142884 214 012_1.jpg

215 0.44277822176721293 0.4312312929345768 0.5559452518649227 -0.5557984304147373 -699.5472356897773 7.566870628827051 1522.9796918664726 215 013_1.jpg

216 0.4427837155173963 0.4312281107768955 0.5559495750505986 -0.5557921983524576 -699.5536263998696 7.547303483648401 1522.9768417440002 216 014_1.jpg

217 0.4427805041439365 0.43123480530018515 0.5559423254843295 -0.5557968141171995 -699.5631143388418 7.569068142518794 1522.972408152661 217 015_1.jpg

218 0.44283271584665956 0.4312204205256692 0.5559290956755042 -0.55577961034834 -699.668183293786 7.595992416706356 1522.9241459368352 218 016_1.jpg

219 0.4428331030970144 0.43124148485434655 0.5559407466338832 -0.555751302989249 -699.7260897604824 7.491876944259358 1522.8980160440963 219 017_1.jpg

220 0.44285547439442197 0.4312368199205844 0.5559499019832458 -0.5557279374194647 -699.7748130794608 7.4314977344232025 1522.8759162800718 220 018_1.jpg

221 0.4428456512025341 0.43124021343822216 0.5559600308732043 -0.5557229989808103 -699.7567243581693 7.389579055120922 1522.8843717584532 221 019_1.jpg

222 0.4428488912308194 0.43123354045179896 0.5559690352566987 -0.5557165869044904 -699.7473310022275 7.359629704784602 1522.888793897183 222 020_1.jpg

223 0.44281888429082455 0.4312542201110986 0.5559839011574095 -0.5557095779322014 -699.7204362098469 7.281275635406624 1522.9014234281021 223 021_1.jpg

224 0.44282655683415617 0.43125348905451344 0.5559876957960495 -0.5557002347166268 -699.7394831744467 7.255490276831176 1522.8927907121524 224 022_1.jpg

225 0.4428169772701608 0.431243201929231 0.5559900941963695 -0.555713451867646 -699.6851541862319 7.281302388487134 1522.9175980460575 225 023_1.jpg

226 0.44281060374337167 0.43125036922151755 0.555991591570944 -0.5557114704243057 -699.6870069854949 7.265742307286022 1522.9168083502668 226 024_1.jpg

227 0.4428164643258239 0.43122372940271153 0.5560255096460331 -0.5556935367132343 -699.630063599128 7.164769282493452 1522.943289228006 227 025_1.jpg

228 0.4428414083631792 0.4311837683387506 0.5560776439330399 -0.5556524983098607 -699.5890728451375 6.986409876257678 1522.9627317845154 228 026_1.jpg

229 0.44284764743212524 0.43116008027323144 0.5560613798428586 -0.5556821827176653 -699.5424179816358 7.10938188266767 1522.983665603895 229 027_1.jpg

230 0.4428657499368155 0.4311479401446549 0.556064435953682 -0.5556741170051354 -699.5592572248834 7.100400240778208 1522.9759829454608 230 028_1.jpg

231 0.4428845857936859 0.43113634264480843 0.5560725272268845 -0.555660005921534 -699.579463059587 7.065949639157001 1522.9668497664807 231 029_1.jpg

232 0.4429201585306353 0.43112003977104 0.5560935365085385 -0.5556232744661085 -699.6326621566828 6.96118985318578 1522.9428480202992 232 030_1.jpg

233 0.4429825853218349 0.4310552209164879 0.5560904901624609 -0.555626846339425 -699.6288703711621 7.0471913610389745 1522.9442748674423 233 031_1.jpg

234 0.4430056765040749 0.4310525380990511 0.5560646461292561 -0.5556363822759255 -699.6858313539907 7.142556410002833 1522.9178160587112 234 032_1.jpg

235 0.44302978526840975 0.43100802771415575 0.556076779703479 -0.5556395454659333 -699.6312386571908 7.160506181869069 1522.9427724377763 235 033_1.jpg

236 0.4430353535217928 0.43099506055601206 0.5560971325468947 -0.5556247946944602 -699.6108947086208 7.090068553330253 1522.9523574330526 236 034_1.jpg

237 0.44306194209695293 0.4309475152845908 0.5561223144348737 -0.5556152678993919 -699.5545676717744 7.051772834445556 1522.9783130089486 237 035_1.jpg

238 0.4430916695607466 0.4309176400593795 0.5561097316614342 -0.5556273267244628 -699.5557656915789 7.141692581808111 1522.9774343130878 238 036_1.jpg

239 0.4430591610027862 0.43092436730026445 0.5561144806973517 -0.5556432793412414 -699.484367887923 7.146375926352747 1523.0101357744243 239 037_1.jpg

240 0.44305339684887607 0.43092269725642324 0.5561214351307716 -0.5556422103458415 -699.4637873783074 7.125794707821617 1523.019643380625 240 038_1.jpg

241 0.4430515586441609 0.4309300205411132 0.5561243681819235 -0.5556350608930937 -699.4784986839238 7.097323373541074 1523.0130080893655 241 039_1.jpg

242 0.44304111189629386 0.43093049004668554 0.5561344482798488 -0.5556329376074525 -699.4507455463915 7.063380407523595 1523.025849987815 242 040_1.jpg

243 0.4430472436347099 0.43094934755024167 0.5561133819683592 -0.5556345077021592 -699.5192878463561 7.10785720284608 1522.9942801904654 243 041_1.jpg

244 0.44302211307083184 0.4309461825198345 0.5561211829540574 -0.5556491923611663 -699.4413164027443 7.112236682561344 1523.0299921662381 244 042_1.jpg

245 0.44305173786117685 0.4309458029765666 0.5561318258917004 -0.5556152128095818 -699.5215748726721 7.0253049333797914 1522.99353510196 245 043_1.jpg

246 0.4430626482083179 0.4309351676201307 0.5561493233159145 -0.5555972473348773 -699.5223303186914 6.955520275193637 1522.993440785839 246 044_1.jpg

247 0.4429907896358734 0.43098536421843586 0.5561559078651531 -0.555609019251825 -699.4603931475624 6.900211187444315 1523.0220196650419 247 045_1.jpg

248 0.44293777619984426 0.431048180992277 0.5561385214846915 -0.5556199573442329 -699.4851881536039 6.900900231129831 1523.0106567448574 248 046_1.jpg

249 0.4429383062793465 0.431040893116945 0.5561441789627797 -0.5556195258422313 -699.4667453587048 6.891376357116275 1523.0191414087026 249 047_1.jpg

250 0.44296281972752355 0.4310107679093246 0.5561696984683049 -0.5555978084828362 -699.4519030484887 6.812987127677713 1523.026218436419 250 048_1.jpg

251 0.44299521507420764 0.4309993295667925 0.5561532229110236 -0.5555973451880535 -699.5105033644024 6.873726617603014 1522.9991536353887 251 049_1.jpg

252 0.4430116438118683 0.43100250201246126 0.5561283453515462 -0.555606686607222 -699.5649772594712 6.959479113388754 1522.9738847992592 252 050_1.jpg

253 0.4429224301197032 0.4310793433332555 0.5561300812504714 -0.5556164624780029 -699.5276483381498 6.886066701747138 1522.9912532245562 253 051_1.jpg

254 0.44287476497856815 0.43112286088101337 0.5561529568249783 -0.555597795159216 -699.5138452352036 6.739745171542471 1522.9980898117942 254 052_1.jpg

255 0.44284534155425276 0.4311410023657383 0.5561672369839754 -0.5555928761677691 -699.4816809011675 6.669337734812276 1523.0130697012228 255 053_1.jpg

256 0.4428424783875887 0.43112967776144046 0.5561866267177283 -0.5555845359161904 -699.44260018735 6.610465594623922 1523.0311757589238 256 054_1.jpg

257 0.44283481694212906 0.43113086414133883 0.5561952900656439 -0.5555810491704768 -699.4245063101532 6.577700471287733 1523.0395765313465 257 055_1.jpg

258 0.44284691639063106 0.4311488428963941 0.5561540358107189 -0.555598751225972 -699.5076060469725 6.7095994381432424 1523.0010545373389 258 056_1.jpg

259 0.44286481038767256 0.4311556652213692 0.5561363715741142 -0.5555968756933287 -699.575811082585 6.75153983971883 1522.9696541250446 259 057_1.jpg

260 0.44286385809438555 0.431168813593899 0.5561289894423019 -0.5555948204219237 -699.6090322113024 6.755686509342111 1522.9544139682987 260 058_1.jpg

261 0.4428530116681581 0.4311864486930538 0.5561371197186917 -0.5555816416971608 -699.6267927541732 6.690576672628886 1522.946497265916 261 059_1.jpg

262 0.44283449881945214 0.4312134452292691 0.5561513670890126 -0.5555611831237411 -699.6486872850782 6.5850843824665475 1522.9368181223351 262 060_1.jpg

263 0.44284803344433726 0.4312119989425216 0.5561508621247757 -0.5555520225868561 -699.6820366336885 6.573158058755759 1522.9215714027405 263 061_1.jpg

264 0.44283850391295576 0.4312221907557698 0.5561667839830668 -0.5555357684666777 -699.6830465660897 6.4880147702997295 1522.9213898071625 264 062_1.jpg

265 0.44282745058458056 0.4312065880893652 0.5561790768792293 -0.5555443833204127 -699.610000418496 6.482713933756667 1522.9548878507378 265 063_1.jpg

266 0.4428284426141485 0.43120305101837947 0.5561785819670029 -0.5555468334582987 -699.6031508591075 6.49208106707799 1522.9579966168349 266 064_1.jpg

267 0.4428347409339232 0.4311794900558955 0.556186275936331 -0.5555523972022789 -699.5563978099561 6.504181033114008 1522.9793841857568 267 065_1.jpg

268 0.4429008994461946 0.4311151476053501 0.5561787847694447 -0.5555570917082715 -699.5642239115759 6.60472827969507 1522.975464086684 268 066_1.jpg

269 0.44297153341480766 0.4310434295791212 0.5561841901042457 -0.555551013930213 -699.564075347454 6.657369386507862 1522.975355137091 269 067_1.jpg

270 0.4429782948138344 0.4310314693598937 0.556175545948775 -0.555563556070645 -699.5504861069337 6.716738988322771 1522.9813806795069 270 068_1.jpg

271 0.4429491895078756 0.43105126698254465 0.5561701427314147 -0.555576811144217 -699.5241750503629 6.73281327596603 1522.9933829554086 271 069_1.jpg

272 0.4429321491138366 0.43107262831926774 0.5561687544660452 -0.555575212685919 -699.5352144821805 6.710885701612515 1522.9883999127942 272 070_1.jpg

273 0.44294964452715846 0.4310417943190673 0.5561568824199153 -0.5555970717169261 -699.5000844929044 6.815825737638675 1523.004135231492 273 071_1.jpg

274 0.44292468769165155 0.4310564546900338 0.5561545558599705 -0.5556079228192401 -699.4711838612919 6.824447214485342 1523.0173488081393 274 072_1.jpg

275 0.44292468769165155 0.4310564546900338 0.5561545558599705 -0.5556079228192401 -699.4711838612919 6.824447214485342 1523.0173488081393 275 073_1.jpg

276 0.44291213505294574 0.4310620674766511 0.5561680683161843 -0.5556000489480183 -699.4514987495181 6.765227453476142 1523.0265751819566 276 074_1.jpg

277 0.4429229805671345 0.4310639952554279 0.5561539097168267 -0.5556040802465746 -699.4869430448641 6.8117956322679785 1523.0101726533883 277 075_1.jpg

278 0.44291913080098677 0.4310965664737148 0.5561285118451191 -0.5556073004002067 -699.5653026464688 6.856817335859543 1522.974106244342 278 076_1.jpg

279 0.4429222310205333 0.4311234296448785 0.5561303194867208 -0.5555821752239974 -699.6466316873057 6.780789125412851 1522.9370967859675 279 077_1.jpg

280 0.44291307387418927 0.43111776679863056 0.5561299465519156 -0.5555942428517795 -699.606081489863 6.807892426424185 1522.9555874326725 280 078_1.jpg

281 0.44290772709689663 0.4311326117186224 0.5561476954655772 -0.5555692191067358 -699.6311637479661 6.69784147682082 1522.9444716112096 281 079_1.jpg

282 0.4428997559100087 0.43113023238479153 0.5561513364354697 -0.5555737754067692 -699.6026777528367 6.6971007471623585 1522.957529870405 282 080_1.jpg

283 0.4428871203708518 0.43114573471301526 0.5561409059348849 -0.555582259250882 -699.6101942261007 6.724999886489271 1522.9539895060834 283 081_1.jpg

284 0.44287049338110407 0.4311761369309365 0.5561342426029449 -0.5555785896145933 -699.6470335846734 6.7054370327458415 1522.9371715721736 284 082_1.jpg

285 0.44286730238644834 0.4311793577689257 0.5561345512087408 -0.555578324687689 -699.6469759323157 6.700552420618556 1522.937214796644 285 083_1.jpg

286 0.4428855436363903 0.43118266361081214 0.5561458024829053 -0.5555499547475723 -699.7058695451823 6.61698481599168 1522.9105029844586 286 084_1.jpg

287 0.4428750581231087 0.43119590625355014 0.5561393768010399 -0.5555544679812985 -699.7130796901417 6.628953816020032 1522.9071573726637 287 085_1.jpg

288 0.44286441455581443 0.43119242533272356 0.556131083320712 -0.5555739562113674 -699.6745524421519 6.689363882054052 1522.9246126184582 288 086_1.jpg

289 0.4428218804456675 0.43120943145655877 0.5561428047489857 -0.55558292733615 -699.6032931228324 6.650572287862092 1522.9574058212363 289 087_1.jpg

290 0.44281201380242896 0.43120316001576675 0.5561640191990287 -0.5555744225331445 -699.5585922269976 6.580459644137121 1522.9781286042585 290 088_1.jpg

291 0.44278684433783577 0.431219828158725 0.556171690754152 -0.5555738660950215 -699.5343203487877 6.538455383511636 1522.9893920847767 291 089_1.jpg

292 0.44280595941395207 0.4312120960800854 0.5561626977801571 -0.5555736351732382 -699.566190217881 6.573292476390794 1522.9746715820704 292 090_1.jpg

293 0.4428424065497671 0.43118548983205807 0.5561563627442836 -0.5555715763954704 -699.594520692227 6.617939377914681 1522.9615385714992 293 091_1.jpg

294 0.4428575852927948 0.4311979974286828 0.5561462580968531 -0.5555598849512059 -699.6704755806285 6.615087912469232 1522.926735108868 294 092_1.jpg

295 0.4428368771542116 0.43122227087903753 0.5561729735363106 -0.5555308063807174 -699.6786303465586 6.461397560804756 1522.9235058723477 295 093_1.jpg

296 0.44283685571977643 0.4312331149479297 0.5561529409688228 -0.5555424610596895 -699.7084846131281 6.528144007302257 1522.9096016627154 296 094_1.jpg

297 0.4428328352822868 0.43125168380996765 0.5561540725974291 -0.5555301186616368 -699.7477486154413 6.48418218080433 1522.8917470715962 297 095_1.jpg

298 0.4428160308956298 0.43126580389600677 0.556166874589394 -0.5555197357261367 -699.739471770133 6.413624576117013 1522.8957702841494 298 096_1.jpg

299 0.4427867039940797 0.43125910992250865 0.5561981633247667 -0.5555169826288491 -699.6398134829308 6.323452834931301 1522.9417408226955 299 097_1.jpg

300 0.4427939628732387 0.4312393318030173 0.5561878012631827 -0.5555369248529988 -699.6064105365488 6.408633732114547 1522.9567782569577 300 098_1.jpg

301 0.44274930875870105 0.43126857679638003 0.5561779633878134 -0.5555596613357572 -699.5630646846092 6.443042145430154 1522.97653262635 301 099_1.jpg

302 0.442736506791601 0.4312738651566943 0.5561705758490032 -0.555573153910954 -699.5423537655643 6.48130521289312 1522.985899409732 302 100_1.jpg

303 0.4427417543260087 0.43128910074833576 0.5561577696464056 -0.5555699648234735 -699.5984358396349 6.497432839928952 1522.9601454049027 303 101_1.jpg

304 0.44275474872379944 0.4312581077360983 0.5561642699191605 -0.555577161031384 -699.5499799491171 6.52390828917447 1522.9822652131975 304 102_1.jpg

305 0.4427558850868182 0.4312571593186318 0.5561864556046859 -0.5555547816006171 -699.5499816901591 6.422331108415996 1522.9825970154855 305 103_1.jpg

306 0.44277527077842854 0.43124998990333263 0.556180517124735 -0.5555508421074773 -699.5840421951657 6.441396777624303 1522.9669259952611 306 104_1.jpg

307 0.4427707915957711 0.4312516856481736 0.5561833857431573 -0.5555502237948801 -699.5762412804974 6.4299955980118835 1522.9705380909843 307 105_1.jpg

308 0.44272596084513843 0.4312865508922691 0.5561730898028062 -0.5555691935235422 -699.5476683847174 6.453422161845641 1522.983556339109 308 106_1.jpg

309 0.4426461712326685 0.43130926068866077 0.5562004236711449 -0.5555877765441739 -699.3889823450944 6.377662197027845 1523.0565129536158 309 107_1.jpg

310 0.442642917952824 0.4313346839561055 0.5561766758490913 -0.5555944049791638 -699.449571477054 6.4312224579408355 1523.0285812345437 310 108_1.jpg

311 0.44266946945305796 0.4313353182529545 0.5561676800180998 -0.5555817633301651 -699.5245902942988 6.436572465011391 1522.994188858076 311 109_1.jpg

312 0.4426851354546098 0.4313199939855006 0.5561591902093699 -0.5555896766333399 -699.5263494877084 6.491594694939132 1522.9932029477814 312 110_1.jpg

313 0.4426890410047662 0.43130403947557977 0.5561741599731584 -0.5555839651074171 -699.4934555095961 6.455242704506875 1523.0083948482245 313 111_1.jpg

314 0.44267722366413675 0.43129886381774674 0.5561946763719986 -0.5555768602938574 -699.4463839823244 6.388286802789058 1523.030180493851 314 112_1.jpg

315 0.44270345211102846 0.43130233895669867 0.5561895132028003 -0.5555584319427536 -699.5281264092047 6.369639818057719 1522.9927843959654 315 113_1.jpg

316 0.4427183245344115 0.43129433814426665 0.5561861394758255 -0.5555561693124464 -699.547444218246 6.3847444028093365 1522.98388290221 316 114_1.jpg

317 0.44272657085628225 0.4312931660246056 0.5561840181940099 -0.5555526314435697 -699.5670151391585 6.386541650204191 1522.9749080500817 317 115_1.jpg

318 0.4427100400913115 0.4313194728303792 0.556190848156374 -0.5555385433853952 -699.5927057154878 6.314288317747984 1522.963364277561 318 116_1.jpg

319 0.4426936950709941 0.4313058432765505 0.5561935124894279 -0.5555594824720085 -699.5106842691607 6.355623933555701 1523.0008208987879 319 117_1.jpg

320 0.4427012167009684 0.43129911331538034 0.5561815999767837 -0.5555706394619084 -699.513424588751 6.416702710988898 1522.9993692041162 320 118_1.jpg

321 0.44267161586160186 0.43132076062793706 0.556205207345704 -0.5555537861299648 -699.490090349785 6.29514928284715 1523.0104500163545 321 119_1.jpg

322 0.44267203374308023 0.4313216861731656 0.5562184490535113 -0.555539477005018 -699.4934237613986 6.231325549830844 1523.0091226348025 322 120_1.jpg

323 0.4426804285653649 0.4313307537342931 0.5562044711514579 -0.5555397423401122 -699.5414701189329 6.2633682180723325 1522.9870056071888 323 121_1.jpg

324 0.44269982023983756 0.43130494055187624 0.5561830412958816 -0.5555657854746112 -699.52535124649 6.398071294926279 1522.9939642136599 324 122_1.jpg

325 0.4426694804884066 0.4313075872473035 0.5562042096965997 -0.5555667136742577 -699.4485020812663 6.333747918442368 1523.029384398323 325 123_1.jpg

326 0.44267788734863023 0.4312754864827529 0.5561966102884531 -0.5555925427102606 -699.3847518778958 6.43388189546432 1523.0582714295942 326 124_1.jpg

327 0.4426844982224247 0.4312693271732756 0.5562016771774593 -0.5555869839890525 -699.3861140193494 6.416473838266435 1523.057704115229 327 125_1.jpg

328 0.4427097155662976 0.4312704281107174 0.5561815201955088 -0.5555862148878595 -699.4590049833637 6.4739355021725995 1523.0241213263405 328 126_1.jpg

329 0.44271617898012333 0.431296286560328 0.5561722168663911 -0.5555703045109908 -699.5471650281353 6.447153181288397 1522.9838103861373 329 127_1.jpg

330 0.44271314653120286 0.4312866319218165 0.5561849683863463 -0.5555674504099894 -699.5123173508363 6.415162951495686 1522.9998829191882 330 128_1.jpg

331 0.44270330048906825 0.43129807354277555 0.5561984338886437 -0.5555529332423655 -699.5159206438757 6.338791926897358 1522.9984763104553 331 129_1.jpg

332 0.4427048784267035 0.43129659994601033 0.5561829602853696 -0.5555683109937172 -699.5166505812102 6.411602853844562 1522.9979081524932 332 130_1.jpg

333 0.4427391897979905 0.431268188479327 0.5561740397291485 -0.5555719547944604 -699.5342478204559 6.475272927861876 1522.9896372686349 333 131_1.jpg

334 0.4427510779567944 0.4312904748999964 0.5561749333693214 -0.5555442851116938 -699.6273952861759 6.402829075718773 1522.9471831762644 334 132_1.jpg

335 0.4427744965382505 0.4312758717582219 0.5561863051566582 -0.5555255724182903 -699.6519624713061 6.354386943484569 1522.9360780472 335 133_1.jpg

336 0.44277536559077246 0.4312594322242567 0.5561807889262935 -0.555543164635202 -699.6099085158497 6.417648312647346 1522.9551488280956 336 134_1.jpg

337 0.4427426994367742 0.43127512038926735 0.5561720207396416 -0.5555657980609001 -699.5627663381484 6.463581694866869 1522.9766047643805 337 135_1.jpg

338 0.44276629298465975 0.4312479945982304 0.5561795685787397 -0.5555604957582875 -699.5539457714241 6.4622232015787 1522.9806518267228 338 136_1.jpg

339 0.4427915433287913 0.4312145851368328 0.5561993644317726 -0.5555464856584627 -699.5323401760155 6.417082500952131 1522.9906998050008 339 137_1.jpg

340 0.44280502546577205 0.4312029648412748 0.5561897999875763 -0.5555543348081546 -699.5381752591144 6.4711252791741245 1522.9878502903946 340 138_1.jpg

341 0.4428194501320254 0.43119912752232037 0.5561945933149022 -0.5555410168259682 -699.5673507260545 6.43926290187013 1522.9745840587898 341 139_1.jpg

342 0.4428171363907208 0.43115945719106014 0.5562047598576116 -0.5555634718960282 -699.453145104459 6.489372454701808 1523.0267540698978 342 140_1.jpg

343 0.44282295838564273 0.4311307078862577 0.556225852504224 -0.5555600248848279 -699.3906707409659 6.452577393360837 1523.0554991170366 343 141_1.jpg

344 0.4428483773967957 0.43113397053252267 0.5562078421541675 -0.5555552631521834 -699.4699409402708 6.494723686232419 1523.0190421635843 344 142_1.jpg

345 0.442853190625322 0.4311316528592482 0.5562100263278916 -0.555551038220748 -699.4768495122967 6.483850295849227 1523.015912272833 345 143_1.jpg

346 0.44287412191717107 0.43112351290726175 0.5561862328028245 -0.5555644905816057 -699.5129990527324 6.58554554504892 1522.9990108223092 346 144_1.jpg

347 0.4429034126016054 0.4310989765987903 0.5561733512745439 -0.5555730760335407 -699.5274282432301 6.6648190713472015 1522.9921311939065 347 145_1.jpg

348 0.44291292654422126 0.43109148001604986 0.55616847334783 -0.5555761915449123 -699.5334175105872 6.692646124989608 1522.9892916003055 348 146_1.jpg

349 0.4429013855356486 0.4310892815937549 0.5561578487952511 -0.5555977332648339 -699.4959582635756 6.761944918650788 1523.0062187080846 349 147_1.jpg

350 0.4428781333186109 0.431100076669797 0.5561905420230956 -0.5555751649305187 -699.4603864800661 6.615948478397284 1523.0230165085895 350 148_1.jpg

351 0.44290557671846 0.4310861296157334 0.5561743759088771 -0.5555802935192955 -699.4985261952434 6.687699658018947 1523.0052975708288 351 149_1.jpg

352 0.4429051671608143 0.43108186703152984 0.5561723608403136 -0.5555859446171884 -699.4858931442556 6.70762817545665 1523.0110181565792 352 150_1.jpg

353 0.4429083504436573 0.431047497042065 0.5561744687246644 -0.5556079631717736 -699.4014134147108 6.7751667447009245 1523.0494933507678 353 151_1.jpg

354 0.44293148748183697 0.43104546441783936 0.5561677906925592 -0.555597780411418 -699.4597656682588 6.780547989621302 1523.0227394535273 354 152_1.jpg

355 0.44293335653554244 0.4310187867505985 0.5561700526950362 -0.5556147222864067 -699.3925253858266 6.830868861374943 1523.053371784401 355 153_1.jpg

356 0.4429156904178661 0.43102851067298326 0.5561861492372794 -0.5556051489729928 -699.369840311874 6.756673744961472 1523.0640232544154 356 154_1.jpg

357 0.4429282845355619 0.43101984067632376 0.556177918600289 -0.5556100742095947 -699.3812155518189 6.798718537781669 1523.0586661839118 357 155_1.jpg

358 0.4429292248020732 0.4310276147008587 0.5561609948130157 -0.5556202345398514 -699.405313725349 6.85713661781008 1523.0474212490208 358 156_1.jpg

359 0.4429244492319243 0.4310386673386418 0.5561443528469501 -0.5556321249963605 -699.4225575232406 6.913956572145382 1523.03931960809 359 157_1.jpg

360 0.4429303113737846 0.4310498546446268 0.556139639946035 -0.5556234902862397 -699.4691474380134 6.901532780485419 1523.0180167197923 360 158_1.jpg

361 0.4429581251810188 0.4310328605383454 0.5561477957835164 -0.5556063370025439 -699.4994388269699 6.867817096832288 1523.0042554662546 361 159_1.jpg

362 0.4429656082722026 0.4310195905977426 0.5561352736315486 -0.5556231995082229 -699.4843889269376 6.947228987074066 1523.0108687513257 362 160_1.jpg

363 0.44294367372540283 0.43104318611106335 0.556119595376792 -0.5556380739760555 -699.4883726120298 6.992319464828828 1523.0088810011478 363 161_1.jpg

364 0.4429555365880035 0.43101904852515277 0.556128652144683 -0.5556382768296694 -699.4553621228821 6.992218839574004 1523.0240070646303 364 162_1.jpg

365 0.44296453963999377 0.4310006329152229 0.5561254960595153 -0.5556485433084152 -699.4303047595419 7.038630599844692 1523.0353198002033 365 163_1.jpg

366 0.4429787663216576 0.4310088802840139 0.5561171555536434 -0.5556391517913291 -699.4920437665527 7.038967153369059 1523.007029921724 366 164_1.jpg

367 0.4429798878044839 0.4309951548065477 0.5561039604511402 -0.5556621101933834 -699.4582618701933 7.130872132849965 1523.022171686854 367 165_1.jpg

368 0.4429857015748924 0.43100523003105273 0.5561089903813989 -0.5556446262702996 -699.501451664012 7.076207872686019 1523.0025828824143 368 166_1.jpg

369 0.44298544480277585 0.4310237744219064 0.5560990196416846 -0.5556404250318163 -699.5512738478963 7.078603771229924 1522.9797426114778 369 167_1.jpg

370 0.44298234100696715 0.43103211547287956 0.5561030983007194 -0.555632347013114 -699.5652373917995 7.04409106922162 1522.9734693717828 370 168_1.jpg

371 0.4429709901194546 0.43103955930876275 0.5561187590237643 -0.5556199475229141 -699.5537689099928 6.969063262142704 1522.9789962223235 371 169_1.jpg

372 0.44298047851259204 0.43105031649952424 0.5561371137392667 -0.555585664883619 -699.6085842885734 6.8465133166844625 1522.9543098903057 372 170_1.jpg

373 0.443003027674515 0.43104939936572595 0.5561155474636627 -0.5555899842931392 -699.6687322804408 6.918678858529703 1522.9264855494753 373 171_1.jpg

374 0.44296691014826883 0.4310572045092128 0.556138091876942 -0.5555901598461516 -699.5898845701906 6.843423000326016 1522.9628899915595 374 172_1.jpg

375 0.4429551242604624 0.431059265771366 0.5561601803571459 -0.5555758463694729 -699.5624603967051 6.752059755430961 1522.9757765728566 375 173_1.jpg

376 0.44295362374489716 0.43105044822789323 0.5561721275899116 -0.5555719240439598 -699.5341163898022 6.719800322753676 1522.9888769807885 376 174_1.jpg

377 0.4429570660737938 0.4310268406501971 0.5561758865611602 -0.55558373217933 -699.4794907871973 6.753888296237992 1523.0137917041457 377 175_1.jpg

378 0.44295470613394344 0.4310222635414706 0.5561740253708917 -0.5555910277786327 -699.460628588735 6.7764018878168395 1523.0223576585017 378 176_1.jpg

379 0.44294321864857583 0.43102312691987266 0.5561956714500669 -0.5555778470868548 -699.4307861327048 6.689523779718791 1523.0363304123116 379 177_1.jpg

380 0.44293244825854117 0.4310141145096278 0.5562083525040332 -0.5555807303875158 -699.3763751407291 6.666456660067269 1523.0613378473583 380 178_1.jpg

381 0.44292983205657954 0.4310043046252947 0.5562106731338902 -0.5555881031490338 -699.3425139611547 6.682411291061694 1523.076796887663 381 179_1.jpg

382 0.4429025726367807 0.43101781393623795 0.5562105408672964 -0.555599486545351 -699.3040985204977 6.686643462834855 1523.0943810811862 382 180_1.jpg

383 0.44293297432435674 0.4309991622291005 0.5562279082679987 -0.5555723323544821 -699.3367715996932 6.61098213056134 1523.0796705185217 383 181_1.jpg

384 0.44292669306177396 0.4309855657450388 0.5562623075372795 -0.5555534464892562 -699.2817262286824 6.492716755667072 1523.105278793482 384 182_1.jpg

385 0.4429251025637116 0.43097669198743965 0.556266957640025 -0.5555569424644063 -699.2531685365273 6.49436711746928 1523.1183543620612 385 183_1.jpg

386 0.44293153100576665 0.43096793632346464 0.5562651819372981 -0.5555603874163871 -699.247171332633 6.514899165113568 1523.1210342105371 386 184_1.jpg

387 0.44294813703046604 0.43095991594731187 0.5562760267605819 -0.5555425103440653 -699.2708555408863 6.462162263915106 1523.110359351877 387 185_1.jpg

388 0.44294324499962867 0.430973943866279 0.5562772456898715 -0.5555343079821755 -699.2953870398055 6.429699570076954 1523.0992281153306 388 186_1.jpg

389 0.44294113689286774 0.4309834828537542 0.5562709388085263 -0.5555349038470782 -699.3156101979523 6.438951381398485 1523.089934124508 389 187_1.jpg

390 0.44295061102783667 0.4309744070893167 0.556262124720788 -0.5555432163434204 -699.3173156019755 6.488729471249534 1523.0889902497927 390 188_1.jpg

391 0.44293059004840335 0.4309964026357376 0.5562628830007921 -0.5555413560753811 -699.3218160198504 6.4592933935596575 1523.0870247227117 391 189_1.jpg

392 0.4429323632953835 0.43100591836369306 0.5562723671063552 -0.555523062955021 -699.3522513015623 6.390676730460843 1523.0733039719598 392 190_1.jpg

393 0.4429223140879001 0.4310350203625913 0.5562761292189958 -0.5555047281213464 -699.4033948326869 6.3175060298132 1523.0501066471895 393 191_1.jpg

394 0.44292790203606786 0.43103166367003926 0.5562599359353324 -0.5555190925476687 -699.4100976621412 6.392860790455468 1523.0467946493002 394 192_1.jpg

395 0.4429446471182099 0.43102549038869076 0.5562388609765921 -0.5555316334503161 -699.4400019372948 6.482820730932597 1523.032800999617 395 193_1.jpg

396 0.4429585045380921 0.4310143747687171 0.5562586928458831 -0.5555093506265203 -699.4474983807919 6.3995467937754995 1523.0296361757553 396 194_1.jpg

397 0.4429562910034283 0.43100279232913624 0.5562593696077367 -0.5555194244925887 -699.4099872709147 6.42676145961323 1523.0467347393544 397 195_1.jpg

398 0.4429548176750739 0.4309850557015602 0.5562583797591856 -0.5555353509976216 -699.357871186625 6.475277096310268 1523.0704535175837 398 196_1.jpg

399 0.44297692455894316 0.4309884234706825 0.5562176239778355 -0.5555559179047661 -699.4289178405738 6.626406740688294 1523.037401785733 399 197_1.jpg

400 0.4429589658927971 0.4309865548190477 0.5562234879297593 -0.5555658157011146 -699.3742623022391 6.627263574982761 1523.0624394993504 400 198_1.jpg

401 0.44297785570102227 0.43098488260899254 0.5562366880571967 -0.5555388349883364 -699.4213846057615 6.54563289290299 1523.0411236880254 401 199_1.jpg

402 0.4429745566989044 0.4309906058153754 0.5562322736381873 -0.5555414454202293 -699.4279338014929 6.5567519010071695 1523.0380860483292 402 200_1.jpg
