1 -0.36717878190116066 -0.36000235293408295 0.61227965975635 -0.6005761119559722 1735.6530483342417 -30.621947425736995 245.32324829899025 1 000_0.jpg

2 -0.3659807489983431 -0.35879103993955946 0.6119237387618733 -0.6023922467640102 1734.6873584369816 -27.260300608947777 250.98413334238256 2 001_0.jpg

3 -0.36523521500294853 -0.35811314248441717 0.6120176717737753 -0.603152206609818 1734.0910620014206 -26.090221744558427 254.21106944349782 3 002_0.jpg

4 -0.36331930034373733 -0.3576211961296309 0.6129854548706286 -0.6036182553515076 1733.0812519792673 -24.150227740985283 260.2311532287374 4 003_0.jpg

5 -0.36251423414013817 -0.3568059827071626 0.6139591396930691 -0.6035951420758053 1732.352112763217 -25.74374824604327 264.38709377526726 5 004_0.jpg

6 -0.3611732589164226 -0.35532879650812854 0.6150029725286282 -0.6042074703251582 1731.0783327782954 -26.70136789044496 271.5367852835254 6 005_0.jpg

7 -0.3596140088499144 -0.35282525972358475 0.6157545257343227 -0.6058369952203133 1729.188883475624 -27.14590365588798 281.8218566339799 7 006_0.jpg

8 -0.35846590018143537 -0.3505607165843561 0.617151423343926 -0.6064103421442796 1727.5104869323964 -30.594285890545798 290.58194499345535 8 007_0.jpg

9 -0.35702684845669386 -0.3481750688630402 0.6190670548005328 -0.6066810797807132 1725.5620788256163 -35.024319284012805 300.46163238873413 9 008_0.jpg

10 -0.3566697010066016 -0.3469525324865428 0.6197417329481469 -0.6069026684959159 1724.7255696354175 -37.39738656356351 304.4662323627791 10 009_0.jpg

11 -0.35567685627742374 -0.3441771849100194 0.6207340499240117 -0.6080503914651794 1722.730232441792 -40.54877654068491 314.2006821058145 11 010_0.jpg

12 -0.35225956635656114 -0.3422218780997622 0.6230041000050902 -0.6088212179589396 1719.9109673918404 -40.20026052705243 327.90111380352624 12 011_0.jpg

13 -0.34930686504075736 -0.3422933182724705 0.625678160514089 -0.6077391198179737 1718.369070739157 -40.53552773630098 334.9250603539333 13 012_0.jpg

14 -0.3468200618949183 -0.34125129258014897 0.6280452851112163 -0.6073075990214134 1716.3927047148388 -42.366049199126344 343.7588843709991 14 013_0.jpg

15 -0.3457721978099273 -0.34054817030377865 0.6285873267364854 -0.6077388448920473 1715.4137678279092 -41.929584517310786 348.2053362210925 15 014_0.jpg

16 -0.3439066036413783 -0.338225816137145 0.6299097599074548 -0.6087242722641728 1712.964826244148 -43.416173539482514 358.95260553682795 16 015_0.jpg

17 -0.3403330217867426 -0.33579082572833857 0.6320514924384748 -0.6098597105437299 1709.400167470839 -43.04089098183118 374.2311193996543 17 016_0.jpg

18 -0.33836744242658245 -0.33463318432763195 0.6339341748644735 -0.6096356024637519 1707.4598230177533 -45.025518102228375 381.84273550971807 18 017_0.jpg

19 -0.3368721048004468 -0.33330607003655066 0.6354545373574744 -0.6096078900702524 1705.6573320989148 -47.30051616790486 388.63484916124804 19 018_0.jpg

20 -0.33573126617516574 -0.3332894038870839 0.6357811439298727 -0.6099057527128555 1704.9788980379121 -45.2822089420983 391.39984203817727 20 019_0.jpg

21 -0.3325590698860997 -0.33258799879596196 0.6380068017456006 -0.609702393811718 1702.546637027436 -44.778923845412166 400.99529978782925 21 020_0.jpg

22 -0.32901895092017464 -0.33069363087699427 0.6425479544060355 -0.6078818789217172 1698.8755937278743 -52.358184397572096 413.95785686848615 22 021_0.jpg

23 -0.3258821708106576 -0.3312730250888049 0.6438374050495113 -0.6078917580090695 1697.3042662292823 -47.6940968118224 419.9884345569418 23 022_0.jpg

24 -0.3241285040386039 -0.32951040557621486 0.6445262601402483 -0.6090562416364519 1694.9057163502923 -47.09651702758542 428.704506890902 24 023_0.jpg

25 -0.3232784337835049 -0.3291728335747098 0.6446505729413358 -0.6095588065915282 1694.112500565063 -45.57841112591309 431.53441436291473 25 024_0.jpg

26 -0.3210495749023694 -0.3292195241594093 0.6445565297124796 -0.6108097538286904 1692.7013757519198 -39.25960470669081 436.7570859390421 26 025_0.jpg

27 -0.3196705642636415 -0.32479023321526157 0.6437885972763793 -0.614701778725467 1688.5129886386692 -37.40971238598654 451.43001737901307 27 026_0.jpg

28 -0.321100364649061 -0.3199621101722349 0.6417428298391019 -0.6186153443186421 1685.8983262283336 -39.07797514818962 460.01170813310176 28 027_0.jpg

29 -0.32193963335568226 -0.3149516020946994 0.6418316250207067 -0.6206549169514972 1682.5813838811675 -46.60133823508044 470.34139787125855 29 028_0.jpg

30 -0.32077716317546207 -0.3136188381710495 0.642818693198052 -0.6209101091176508 1680.665721888069 -48.1776528068014 476.4987837991473 30 029_0.jpg

31 -0.3186121976346985 -0.3121562454925437 0.6454927202242949 -0.6199870111992886 1677.8074542072063 -52.985883905870125 484.99547586570327 31 030_0.jpg

32 -0.3183317112659331 -0.30854043150216626 0.6474038566639514 -0.619948360839515 1674.4959675405585 -62.37262710224404 493.7650445296262 32 031_0.jpg

33 -0.31736684690124717 -0.3063545229617521 0.646786687853533 -0.622167317660044 1672.0247311668975 -59.86703056537749 501.4054826714366 33 032_0.jpg

34 -0.3163060173164184 -0.3052066319953999 0.6464140495198895 -0.6236571909140054 1670.3173952480158 -56.91073079380535 506.4679749092999 34 033_0.jpg

35 -0.3152350807836963 -0.3045191485891872 0.6464616056186492 -0.6244856479109596 1668.945953622426 -54.92329303865065 510.7046071545165 35 034_0.jpg

36 -0.3142237739176287 -0.30332430148965556 0.6459667389386121 -0.6260868631554173 1667.2031143173542 -51.73336125355551 515.7504730807435 36 035_0.jpg

37 -0.312751074209139 -0.3022677966225005 0.6440022258430239 -0.6293505206284007 1665.2865762282256 -42.15592687873752 521.3277246031724 37 036_0.jpg

38 -0.31189358068862755 -0.30166117924170566 0.6421832649395964 -0.6319205499865075 1664.1926492441185 -34.27936260964919 524.4521905519063 38 037_0.jpg

39 -0.31176507038663237 -0.3001237136981111 0.6413994519160341 -0.6335100949824585 1662.8021723119944 -32.7870161853469 527.979537053423 39 038_0.jpg

40 -0.3113353236430552 -0.2999258463218907 0.6406879691068228 -0.6345342616454581 1662.3228319843938 -29.427578534784388 529.2243088106808 40 039_0.jpg

41 -0.3095306217435252 -0.29934307798380017 0.6395311573762635 -0.6368550970285376 1660.4122545710986 -21.32353130259485 534.6173499882796 41 040_0.jpg

42 0.30916426758748283 0.2982367395529639 -0.6378393687449525 0.6392442745202757 1659.204046270888 -15.717268419095996 537.1348328800995 42 041_0.jpg

43 0.30916426758748283 0.2982367395529639 -0.6378393687449525 0.6392442745202757 1659.204046270888 -15.717268419095996 537.1348328800995 43 042_0.jpg

44 0.30770105261172126 0.2981326569674727 -0.6384357191685094 0.6394034825999483 1657.866729492345 -14.013597799805737 539.4063060232094 44 043_0.jpg

45 0.3073926750489171 0.29822431336265726 -0.6384939720107699 0.6394508972169425 1657.6822450610323 -13.315663933484231 539.5152220257796 45 044_0.jpg

46 0.30664384584227816 0.2994290046192872 -0.6374239354558658 0.6403144145712448 1658.1010413177976 -6.552225611103066 537.4209174416286 46 045_0.jpg

47 0.3066509880024309 0.2992723360242568 -0.6388648828221235 0.6389467129146151 1657.9061176637401 -11.607397374056227 536.4643613356766 47 046_0.jpg

48 -0.3074182553990952 -0.2994139390322852 0.6415673054193328 -0.6357961166738315 1658.5551800740263 -22.633398185075123 533.1455768714715 48 047_0.jpg

49 -0.30754173066399 -0.29961469535788327 0.6431560764005448 -0.6340342101297509 1658.7450939651585 -28.149399785565674 531.3388608046523 49 048_0.jpg

50 -0.3075301889236201 -0.30034751401288867 0.6423381300251485 -0.6345220882228418 1659.3844549005646 -24.60524799558642 529.0674093824745 50 049_0.jpg

51 -0.3084386987943401 -0.2995675562531365 0.6409243094758608 -0.6358780369296215 1659.478588477073 -22.96608590946925 527.9279980364969 51 050_0.jpg

52 -0.3113259001840596 -0.2984147293024803 0.6418907453804968 -0.6340355701415991 1660.6915568242064 -34.96614765281495 522.0790937585788 52 051_0.jpg

53 -0.31032173743835323 -0.29890918941052463 0.6439213678324592 -0.6322333333572027 1660.2071037993383 -38.70602609757501 522.4709022451716 53 052_0.jpg

54 -0.30907244507769366 -0.29986095154233877 0.6450273636354176 -0.6312664521383676 1659.9827861473377 -38.22137344009312 522.3892481925643 54 053_0.jpg

55 -0.3093080912406332 -0.29978574278332293 0.6451202943087053 -0.6310917674855036 1660.0885399017807 -39.22461165933761 521.5872804506006 55 054_0.jpg

56 -0.30977773228211386 -0.2990542900818906 0.6454811300058418 -0.6308394399307553 1659.786288836708 -42.40865331536785 521.4993804879979 56 055_0.jpg

57 -0.3100360842367403 -0.2982580609083733 0.6457121263034884 -0.6308530776012382 1659.2659274625037 -44.6617278145755 521.8250644632403 57 056_0.jpg

58 -0.3096606593901892 -0.29826807789263693 0.6445509929582637 -0.6322186704082547 1659.0442749011324 -39.722509004982726 522.216689273783 58 057_0.jpg

59 -0.3092680962601176 -0.29844079437166543 0.6440329156526634 -0.6328569668150785 1658.9056736290581 -36.75988344191721 522.183435114695 59 058_0.jpg

60 -0.3090583962262201 -0.29871049137325223 0.6437493447565101 -0.6331206292573246 1658.98148150398 -34.97657791367153 521.7402263535545 60 059_0.jpg

61 -0.3091658636006598 -0.2984850924830559 0.6436291402143808 -0.6332966510383081 1658.8696083457594 -35.07486502138274 521.442806855738 61 060_0.jpg

62 -0.3096358293182235 -0.2979875350893954 0.6435886688665868 -0.6333424882638912 1658.8008474380476 -36.66853351801251 520.9384112669477 62 061_0.jpg

63 -0.3095208114929105 -0.2976921314535987 0.6436630053286093 -0.6334620728147234 1658.4523775133903 -36.915342381313195 521.7288819335786 63 062_0.jpg

64 -0.3092233919669758 -0.29783713260002564 0.6436594750468705 -0.6335427503234645 1658.3343801593203 -35.97410444680975 521.5959405476448 64 063_0.jpg

65 -0.3089909984348069 -0.29784571991952646 0.6435142566362275 -0.6337995673064187 1658.1605950428727 -34.86345783076042 521.6956672661064 65 064_0.jpg

66 -0.308848213408278 -0.2977168235793612 0.6434503764211587 -0.6339945481751394 1657.9396193796908 -34.40308552308567 522.161932524444 66 065_0.jpg

67 -0.30917515010435664 -0.29742266889811103 0.6434317735865654 -0.6339921413729983 1657.9323388292892 -35.49163033276139 521.5990341135521 67 066_0.jpg

68 -0.3098467402261244 -0.2969886706371265 0.6438469067897789 -0.6334460416654845 1658.0436083135662 -39.08861508653209 520.3095978963128 68 067_0.jpg

69 -0.30987055918483686 -0.2967094167987833 0.6440223261351645 -0.6333869291143086 1657.8074863246786 -40.023976924326114 520.5655996861713 69 068_0.jpg

70 -0.3100562229913678 -0.29661911638423916 0.6439546573203022 -0.6334071658066813 1657.8706948306747 -40.37208046586306 519.9406284944915 70 069_0.jpg

71 -0.31036160524632284 -0.296364283738776 0.6440167838198725 -0.6333137196297232 1657.8784739076848 -41.640607495111 519.6184853721666 71 070_0.jpg

72 -0.3105305442034136 -0.2965555280418011 0.6436714680913185 -0.6334924159528252 1658.1841180727893 -40.723981773144345 518.3617180817746 72 071_0.jpg

73 -0.31056619311649397 -0.29604218234428126 0.6433728644891246 -0.6340181568417598 1657.786627753958 -40.331424542065236 519.1697380053723 73 072_0.jpg

74 -0.3107872603424463 -0.2962272493710836 0.6432034693511218 -0.6339952622485115 1658.1138045963696 -40.15292627255202 517.8359495782595 74 073_0.jpg

75 -0.31083949655996995 -0.29616493439222535 0.6428154112891146 -0.634392217814815 1658.1183472699802 -39.047509390489296 517.6303945306869 75 074_0.jpg

76 -0.31097219760179734 -0.2960768711229561 0.6425061725771615 -0.6346814924865823 1658.1605026744708 -38.44618845581241 517.4190099609131 76 075_0.jpg

77 -0.31118976022186523 -0.29580019862845114 0.6419130149495881 -0.6353037516517253 1658.1225513961647 -37.30717135736441 517.3934075087436 77 076_0.jpg

78 -0.3116632991681413 -0.29554573898692665 0.6411833782168599 -0.6359265520614124 1658.3040886480999 -36.36540951143827 516.5642970510654 78 077_0.jpg

79 -0.31182022138084403 -0.29539792129590153 0.6409854164566602 -0.6361178456244907 1658.307681564474 -36.26609010246163 516.3695348736929 79 078_0.jpg

80 -0.3121116031468637 -0.29507152932383557 0.6407662544904796 -0.6363471905098891 1658.2626414580184 -36.631965005229084 516.3094594547127 80 079_0.jpg

81 -0.31235362569972885 -0.2949846889864832 0.6405657467865633 -0.636470556914893 1658.3828975056977 -36.68771911684586 515.8342137616958 81 080_0.jpg

82 -0.3126494208584959 -0.29462479404464603 0.6402124767183258 -0.6368473561421012 1658.3218698356748 -36.65240521640965 515.8471849257302 82 081_0.jpg

83 -0.31277668724291546 -0.2942974430944097 0.6398758214581645 -0.6372744244190874 1658.160518262395 -36.19570342098186 516.2075856561543 83 082_0.jpg

84 -0.3125010772529998 -0.29430248583668017 0.6397348722668614 -0.6375487563722227 1657.9587011057563 -34.99292091619343 516.6766114298806 84 083_0.jpg

85 -0.3125010772529998 -0.29430248583668017 0.6397348722668614 -0.6375487563722227 1657.9587011057563 -34.99292091619343 516.6766114298806 85 084_0.jpg

86 -0.31247663147226046 -0.2942795044788115 0.6396419910575346 -0.6376645288107274 1657.9217110326235 -34.643161449509044 516.5582195533539 86 085_0.jpg

87 -0.31233691471830494 -0.29399468301937537 0.6396774959146833 -0.6378287225273788 1657.5712985109487 -34.68250513765288 517.4989754333969 87 086_0.jpg

88 -0.31224121813391853 -0.2938562849705441 0.6397141321366144 -0.6379026059095975 1657.376137528565 -34.6937161143317 517.9392750095362 88 087_0.jpg

89 -0.3121257622600043 -0.2938154574225908 0.6397266431391408 -0.6379653654949391 1657.2512890171488 -34.472659413882894 518.2614497716411 89 088_0.jpg

90 -0.3120519309661416 -0.2937135884629073 0.6396539627933079 -0.6381212488354872 1657.10966227796 -34.13943111956308 518.5515610440247 90 089_0.jpg

91 -0.3119836725561398 -0.29365204977583176 0.6395072424450373 -0.638329968418513 1657.008987880622 -33.533619875080134 518.6383621006181 91 090_0.jpg

92 -0.31197553036844916 -0.29343143440216146 0.6393497702618022 -0.6385930887679538 1656.823038778675 -33.2112495146253 519.0663162533926 92 091_0.jpg

93 -0.31200250812081476 -0.2931696670600656 0.6391964194429931 -0.638853597167198 1656.6283893118432 -33.0373551283545 519.5003278205678 93 092_0.jpg

94 -0.31194867460326287 -0.29300331407299657 0.6391825362456284 -0.6389700835830378 1656.4460421955216 -33.01819221849239 519.9811188894228 94 093_0.jpg

95 -0.311860673857046 -0.2927212711317903 0.6391743409665334 -0.639150482577003 1656.1375159168088 -33.04594810447556 520.7551149649739 95 094_0.jpg

96 0.31191031596948493 0.29243910064782913 -0.6390545357185562 0.6393751853033126 1655.93831991286 -33.06607220650024 521.0732944064625 96 095_0.jpg

97 0.31224432294314886 0.2922879276698664 -0.6388787984065937 0.6394569032192681 1656.0714325433287 -33.51776840043373 520.4046659908756 97 096_0.jpg

98 0.31256845910552183 0.29223106561287854 -0.6388767943312712 0.6393265240299043 1656.2656862225754 -34.42820728238723 519.5134328600532 98 097_0.jpg

99 0.31270761553412707 0.29222569614552846 -0.6388835187307608 0.6392542054561889 1656.3640215555276 -34.82542799805046 519.0649438587957 99 098_0.jpg

100 0.3130475306475662 0.29229499979309764 -0.6388534255765099 0.6390862048898981 1656.676266614463 -35.55696552884803 517.7954168692248 100 099_0.jpg

101 0.31342872486578305 0.29241917671460765 -0.6387922731137818 0.6389036635743199 1657.063000085422 -36.240870751348616 516.1410564015669 101 100_0.jpg

102 0.3137763118447402 0.29242288409276296 -0.6385894580911345 0.6389341022350066 1657.3359646765073 -36.48584288809214 514.9898880480563 102 101_0.jpg

103 0.3138949756749229 0.29248053721517336 -0.6384908526934046 0.6389479717654734 1657.474639332112 -36.416868222590445 514.2931744207539 103 102_0.jpg

104 0.31412545746602166 0.2924112442558792 -0.6384611745177458 0.6388960712337427 1657.5833914188559 -37.00450762869316 513.5044721688103 104 103_0.jpg

105 0.31420890343976304 0.29225935087410815 -0.6384156735514723 0.638970002887183 1657.5175371950736 -37.232144220188935 513.4313704845412 105 104_0.jpg

106 0.3143624910248184 0.292116563049014 -0.6384750343207869 0.6389004369838642 1657.5062957579203 -37.983743885138914 513.2752552009416 106 105_0.jpg

107 0.31466113578048294 0.29213677299355456 -0.6385112556819051 0.638707955063788 1657.7374620368123 -38.87974212950629 512.1868495740571 107 106_0.jpg

108 0.31473077186743054 0.29208505236396104 -0.6384890049848517 0.6387195424744162 1657.7424012300146 -39.04679411085495 511.8759833371537 108 107_0.jpg

109 0.3152905814684078 0.291504572707471 -0.6383868445216159 0.6388107466767308 1657.670483768007 -40.79039309871095 511.52657645822063 109 108_0.jpg

110 0.3156088364289388 0.2911098206190722 -0.6384001155376473 0.6388203403059592 1657.5682758645548 -42.086302835979595 511.4416383292062 110 109_0.jpg

111 0.31583011772896985 0.29084592710994267 -0.6384836584535425 0.6387476820362192 1657.5004270693273 -43.22311927319778 511.39982866070784 111 110_0.jpg

112 -0.3161729851449356 -0.29054669686294177 0.6386446472088899 -0.638553267157883 1657.481455066982 -44.97946048097995 510.97182218235196 112 111_0.jpg

113 -0.31676597143372515 -0.29014047394324455 0.639065006751213 -0.6380233082479901 1657.5265378633376 -48.375716674425895 509.9909688230573 113 112_0.jpg

114 -0.31703741335976193 -0.2900836565442003 0.6391400007877329 -0.6378391726204614 1657.6612794290631 -49.410816237021635 509.092635815188 114 113_0.jpg

115 -0.31733257941128407 -0.2897191489588773 0.6392155325689884 -0.6377823701649876 1657.5538245061202 -50.825251882035694 508.93239444658 115 114_0.jpg

116 -0.31734617859788505 -0.2896541816531486 0.6391760151796584 -0.6378447143303901 1657.5097988415969 -50.799123124310654 508.8946047762691 116 115_0.jpg

117 -0.3174676363093683 -0.2896774714451122 0.6391830228758403 -0.63776667026477 1657.6090106924512 -51.127413234188275 508.17918119432085 117 116_0.jpg

118 -0.31755390024310254 -0.28943366064718734 0.6394908565811288 -0.637525780556282 1657.4255538356233 -52.63595127971049 508.03218843630987 118 117_0.jpg

119 -0.3178013954525155 -0.2894335369704114 0.6394861464042849 -0.6374072240587088 1657.5933680160845 -53.286052012513835 507.0007956297517 119 118_0.jpg

120 -0.3179361680118801 -0.28908338948258666 0.6391695017913476 -0.6378163802968541 1657.4154558796897 -52.95928709199794 507.1825827845056 120 119_0.jpg

121 -0.3180190684674231 -0.2889772375730164 0.6390052696836521 -0.6379876907686415 1657.396642536415 -52.74775634981987 507.05542124604943 121 120_0.jpg

122 -0.318377425183986 -0.2886805043560656 0.6391877013302303 -0.637760506778304 1657.377260022533 -54.61904120765243 506.50798363543873 122 121_0.jpg

123 -0.3188111453493131 -0.28821863438537365 0.6396011669727762 -0.6373380732399031 1657.2432033922835 -57.63084122821788 505.9521710377681 123 122_0.jpg

124 -0.31916556787501144 -0.28772885972477796 0.6396864826387189 -0.637296357665572 1657.0631299983938 -59.369758685799084 505.88119021797587 124 123_0.jpg

125 -0.31870236257439305 -0.2877045831232037 0.6394152203133364 -0.6378111420875704 1656.7348701101255 -57.26384786634925 506.72890035493714 125 124_0.jpg

126 -0.3183730744965003 -0.2879400913862322 0.63922349958095 -0.6380614443700678 1656.7145104165897 -55.51107405203395 506.7512488052297 126 125_0.jpg

127 -0.31773216173797375 -0.2881231477535251 0.6388660040779683 -0.6386560529419287 1656.4398925301864 -52.43593575365332 507.49865206190657 127 126_0.jpg

128 0.31768885743688263 0.28815088683875284 -0.6380326596874877 0.6394976008137943 1656.499388248571 -49.549277097215686 506.891293654826 128 127_0.jpg

129 0.3182264589520488 0.2874012877637402 -0.6380428828962722 0.6395574252559325 1656.2454957821742 -51.796573054753075 506.9775320015195 129 128_0.jpg

130 0.31814194154045594 0.2870490705852941 -0.638112082222561 0.6396886012979873 1655.8728823186866 -52.16966634737821 507.6233124353229 130 129_0.jpg

131 0.31771299127212893 0.28706411139979787 -0.6381316456302364 0.6398754988030146 1655.5724877668429 -51.07742311251552 508.4474844861412 131 130_0.jpg

132 0.3172387248742853 0.2871605099931568 -0.6383043604472401 0.6398952854761842 1655.28826284935 -50.29222935236167 508.92648915085 132 131_0.jpg

133 0.3165953005686233 0.2874596949992135 -0.6384251389912751 0.6399591247203162 1655.0517001307808 -48.682555931733255 509.0426539669321 133 132_0.jpg

134 0.31671575715079764 0.286886334944787 -0.6385427792522522 0.6400394355499932 1654.6375594538256 -49.99089452253562 509.679789765931 134 133_0.jpg

135 0.3169769892092466 0.285981427947119 -0.6383969574533497 0.6404604093115156 1654.0688857411328 -51.14586595329036 510.83664132127694 135 134_0.jpg

136 0.31709946281624357 0.2854074632848082 -0.6382248592961609 0.6408272306631297 1653.6860431668629 -51.49963689643405 511.75178395799577 136 135_0.jpg

137 0.31754270280999286 0.284848284258112 -0.6375808604969251 0.6414972588993151 1653.5884290219124 -51.146609012206625 511.5329548692038 137 136_0.jpg

138 0.31744296500377334 0.2844049495044618 -0.6370726678772332 0.6422477750142561 1653.1847540327478 -49.674840091152994 512.3967702095889 138 137_0.jpg

139 0.31701862397228653 0.2837297884825149 -0.6370143987048322 0.642813546080904 1652.3000804428557 -49.06314733203963 514.3978336158184 139 138_0.jpg

140 0.31701862397228653 0.2837297884825149 -0.6370143987048322 0.642813546080904 1652.3000804428557 -49.06314733203963 514.3978336158184 140 139_0.jpg

141 0.31659061823049567 0.28387026875543636 -0.6366925944432434 0.6432811136247358 1652.1295736996926 -46.73272895687027 514.557098890141 141 140_0.jpg

142 0.31577396149432674 0.28373213919117996 -0.6364755193548316 0.643957911430688 1651.4230406459553 -44.00511530757374 516.1380393192381 142 141_0.jpg

143 0.3153609935805722 0.28359419192753443 -0.6362636544550255 0.6444302445202111 1651.0116852391532 -42.36577476085921 516.964573293238 143 142_0.jpg

144 0.31458206167735636 0.2839165998384806 -0.6362595237375397 0.6446730250757039 1650.6928806316253 -39.97179798741876 517.2293062350664 144 143_0.jpg

145 0.31337161968741695 0.2844486748762549 -0.6358072190256563 0.6454737481652439 1650.2680695194613 -34.73949438060024 518.3285496500044 145 144_0.jpg

146 0.3134159563436432 0.28412219141143036 -0.6358865758098005 0.6455178396927949 1650.0174752360597 -35.46138240762992 518.757585435985 146 145_0.jpg

147 0.3126953297303953 0.2844705480630066 -0.6361615676808645 0.6454429470180588 1649.7374052751252 -34.10968249950067 519.0895198918065 147 146_0.jpg

148 0.31301247279190125 0.2833024553982706 -0.6377644558320233 0.6442200008687197 1648.841242791636 -41.442175956942805 520.3624803929707 148 147_0.jpg

149 0.31222292864062434 0.28381866937952277 -0.6385007862014827 0.6436462939866874 1648.6193995951317 -41.254748239934386 520.3986592806851 149 148_0.jpg

150 0.3115558707474707 0.2840794080981564 -0.6390831718312966 0.6432764015409207 1648.2823349638645 -41.15161958756708 520.7697320148357 150 149_0.jpg

151 0.31094753681336246 0.2843216395735633 -0.6390127563613568 0.6435336291347674 1648.0312135616523 -39.06839069924858 521.3809931604508 151 150_0.jpg

152 0.311275088223168 0.2838991068693774 -0.6384589939623182 0.6441111935054794 1647.948042526762 -38.56356403681123 520.9615081468111 152 151_0.jpg

153 0.3113218904247296 0.2839462571138661 -0.6375117216468557 0.6450054328269345 1648.0743384299813 -35.552709058004844 519.6967499245503 153 152_0.jpg

154 0.3111066779058059 0.28380566057083806 -0.6378254164604639 0.6448610083633521 1647.7574010589674 -36.17455958724744 519.9304879828311 154 153_0.jpg

155 0.3105135336933804 0.2840275989056605 -0.638117909609636 0.644759801700264 1647.462916065613 -35.353285287859414 520.1962981216211 155 154_0.jpg

156 0.3097212323730121 0.28433147735505543 -0.6380336262905306 0.6450902734695275 1647.1176864237084 -32.67897464081443 521.0973836987541 156 155_0.jpg

157 0.30984524345891273 0.28470152539515864 -0.6378745096554087 0.6450248650055505 1647.521121781177 -32.117761817290194 519.1427609932175 157 156_0.jpg

158 0.31037738805586446 0.2840050252703409 -0.6381571783156712 0.6447964317278695 1647.3022002666821 -35.194559643509265 518.5470096910633 158 157_0.jpg

159 0.310178905171941 0.28395184098495996 -0.6384921181187272 0.6445837524231041 1647.0742320536363 -35.840026416199734 518.4637825014449 159 158_0.jpg

160 0.3097424148647652 0.2839639889177076 -0.6389386980164248 0.6443457376352884 1646.715841302928 -36.15557922518961 518.8208233418674 160 159_0.jpg

161 0.30960429630300307 0.28393883959814786 -0.6388594396703546 0.6445017699141409 1646.5902443978866 -35.56581047859061 518.8749084312939 161 160_0.jpg

162 0.3096090055574826 0.28398410841343963 -0.6389985347877525 0.644341650357507 1646.6076070822694 -36.002752385882424 518.0096744787968 162 161_0.jpg

163 0.30956690590068453 0.2833167201024061 -0.6405030723969979 0.6431607739371996 1645.8785172981877 -41.54133310861559 518.69274803001 163 162_0.jpg

164 0.3088731085521752 0.283970950194146 -0.6410325782291666 0.6426780966456049 1645.8600029915306 -40.78289599496569 518.0127327510558 164 163_0.jpg

165 0.3083384354183636 0.28392678340471356 -0.640882456582391 0.6431039323111996 1645.4212000852099 -38.943683137964754 518.7496416818893 165 164_0.jpg

166 0.3082008621215595 0.2838614970129262 -0.6405665405530501 0.6435133147223961 1645.2787889717602 -37.62110281051765 518.9022166986452 166 165_0.jpg

167 0.3081092999807808 0.2840238693281904 -0.6399401050078559 0.6441085024432842 1645.3765301217932 -35.17329862014987 517.9612527089513 167 166_0.jpg

168 0.30779876139982293 0.28386690341821724 -0.639682877447633 0.6445815075882987 1645.0021878970076 -33.7026957737946 518.0034035640675 168 167_0.jpg

169 0.3075435455190176 0.28413751294942147 -0.6400743676870402 0.6441953470606141 1644.9887898313832 -34.04385563395233 517.1790433237417 169 168_0.jpg

170 0.30745071111913264 0.2842872322384417 -0.6403017585664857 0.6439475815586326 1645.0103145118937 -34.40073672545863 516.2433985960117 170 169_0.jpg

171 0.30760587400907385 0.28440444177792695 -0.6403568384901198 0.6437669292306323 1645.2121290595978 -34.871909919951214 515.1473962990341 171 170_0.jpg

172 0.30903308027129883 0.28394328964363813 -0.6409679387386424 0.6426778859378296 1645.8072036322876 -41.127744528668444 511.11116623213724 172 171_0.jpg

173 0.3093558485865032 0.28406888709279926 -0.6409676420951682 0.6424673595741214 1646.1223068141255 -41.86270858885576 508.7761940049004 173 172_0.jpg

174 0.3093558485865032 0.28406888709279926 -0.6409676420951682 0.6424673595741214 1646.1223068141255 -41.86270858885576 508.7761940049004 174 173_0.jpg

175 0.30995107929368837 0.2843453211409442 -0.640874539041929 0.6421509884736814 1646.7621096615517 -42.85340129702023 505.35130682820994 175 174_0.jpg

176 0.3095328145843087 0.2848463580035429 -0.6410105625675836 0.6419948969457805 1646.8428445506495 -41.678164981886106 504.3233321313387 176 175_0.jpg

177 0.3087036355140419 0.2855958485180219 -0.6411590866447042 0.6419128463760585 1646.8290953955864 -39.20047505448031 503.704571595541 177 176_0.jpg

178 0.30859229556903595 0.28575798330251423 -0.6413486938733112 0.6417047786648551 1646.8566532983966 -39.358440836778094 503.1688083761487 178 177_0.jpg

179 0.30850328672784666 0.2861445389923419 -0.6414356289880552 0.6414883933070608 1647.0834564999493 -39.00816262413238 501.5827061626966 179 178_0.jpg

180 0.30838092813367624 0.2861883271560822 -0.6413348561667549 0.6416284336191652 1647.016136689991 -38.323540356557004 500.9724630868021 180 179_0.jpg

181 0.3084155798351036 0.2862927708879991 -0.6410636702595082 0.6418361552029126 1647.1366481269235 -37.42864622783882 500.21209386835363 181 180_0.jpg

182 0.3082965575531858 0.286403451906961 -0.6400699913515245 0.6428348944386043 1647.1943525037161 -33.789889756368204 499.4374995002682 182 181_0.jpg

183 0.3084608294935487 0.2871234238831484 -0.6387927600402128 0.6437047971282931 1647.9507143770934 -29.350025221392176 495.94150000284674 183 182_0.jpg

184 0.3084608294935487 0.2871234238831484 -0.6387927600402128 0.6437047971282931 1647.9507143770934 -29.350025221392176 495.94150000284674 184 183_0.jpg

185 0.3071141263575263 0.2887733892234564 -0.6387146519312027 0.643688151573768 1648.2601114181693 -23.840381607806247 493.50029001053366 185 184_0.jpg

186 0.30679358516196287 0.2891846659707188 -0.6381482274506366 0.6442179482694377 1648.3701896933421 -20.746533722766674 492.8475865952845 186 185_0.jpg

187 0.30727788185148347 0.2886197435572876 -0.6372353373330021 0.6451434505657533 1648.3066849550453 -19.698119349644504 492.2314646011238 187 186_0.jpg

188 0.3095325044021947 0.28623342671954083 -0.6381321067116817 0.644241778007764 1647.9773821167228 -31.069945483679792 491.39214784828556 188 187_0.jpg

189 0.3090539860645041 0.28584701306630766 -0.6406232659630055 0.6421673846635345 1647.1428928151392 -38.25677739246899 492.75114392707053 189 188_0.jpg

190 -0.3090818451298995 -0.28510101478587946 0.6426224071486233 -0.6404859609778092 1646.392623792732 -45.594787823792515 493.73028086566063 190 189_0.jpg

191 -0.30965378028005525 -0.28438257471317224 0.6428138554540007 -0.6403369697230836 1646.183395057075 -48.491556785008264 493.6982008500243 191 190_0.jpg

192 -0.31166077694289335 -0.28297784041653107 0.6417855694086368 -0.6410166806311519 1646.4988246735797 -51.974464228229145 491.3772753942847 192 191_0.jpg

193 0.3122716053995053 0.28384030094678453 -0.6393441153763005 0.642775411907884 1647.8011150823381 -44.83266255794948 486.4092282341543 193 192_0.jpg

194 0.3106709421801935 0.28530646253821873 -0.6390920310916901 0.643152519946783 1647.8608895194227 -38.24218240448321 485.88996102547736 194 193_0.jpg

195 0.3100896990433039 0.28642559370009296 -0.6387744199966882 0.6432511159560294 1648.3409097458516 -34.508480601818455 483.661977642507 195 194_0.jpg

196 0.309968877489068 0.28691280530712865 -0.6381416648168258 0.6437200888303632 1648.6715090600007 -31.652425417382574 482.3000986536947 196 195_0.jpg

197 0.6090721407225228 0.5944266970303763 -0.3755858192759981 0.366910508996428 1202.0552355384098 -38.42651713834766 -1276.3355775189157 197 000_1.jpg

198 0.6077977149691214 0.5942410775935584 -0.3757957470008039 0.3691030153153305 1206.1333755227563 -34.79627112151215 -1272.2983050631349 198 001_1.jpg

199 0.607251075493621 0.5939177169062889 -0.37619684784262125 0.3701132374421881 1208.423524376466 -33.94976780431605 -1269.949027484681 199 002_1.jpg

200 0.6059824488005293 0.5937735188391651 -0.3778415083300345 0.3707479934591072 1212.5505770565917 -31.745284331521724 -1265.869546651043 200 003_1.jpg

201 0.6056824354785868 0.5930790475568091 -0.3790908616149273 0.37107431781502753 1215.490651236325 -33.185023095100036 -1262.9046638500424 201 004_1.jpg

202 0.605018518708978 0.5920190802235614 -0.38066844279309053 0.37223317602267275 1220.523936184965 -34.38187445582263 -1257.7982029075865 202 005_1.jpg

203 0.6039279591386073 0.5905449645808337 -0.3820984819035494 0.37487119802126917 1228.0178737878082 -34.711624630958475 -1250.1457076860916 203 006_1.jpg

204 0.6035754547597001 0.5888180914136304 -0.38378805627778295 0.3764261594179555 1234.0437397026244 -38.13010161010995 -1243.8623861780618 204 007_1.jpg

205 0.6030980608382208 0.5869011730930758 -0.3861178250405442 0.377799903680651 1240.9887231277519 -42.14637584821537 -1236.5622997352891 205 008_1.jpg

206 0.6031257916915196 0.585866477066008 -0.3869712214871282 0.3784878124689122 1243.8041626067945 -44.81485228858144 -1233.5174260965075 206 009_1.jpg

207 0.6027572389015691 0.5839058293880767 -0.3882985247798331 0.380738688620141 1250.4835614903209 -48.1849371936914 -1226.3698686886862 207 010_1.jpg

208 0.6008369078564753 0.582456812559353 -0.39164698176934093 0.38255942457562536 1260.047851429831 -47.912011716359615 -1216.1679273269797 208 011_1.jpg

209 0.5993935782913608 0.5820383212900335 -0.3953405408034911 0.38166030400103323 1264.997756139385 -48.01193443681484 -1210.7586688918987 209 012_1.jpg

210 0.5983493782347372 0.5808628332077133 -0.3987496430927024 0.38154306794574844 1270.9430598181295 -50.35956746505069 -1204.1551166031984 210 013_1.jpg

211 0.5975988680916308 0.580471568277265 -0.39975587603506857 0.38226115530193366 1274.1256479807073 -49.69270439477933 -1200.6819745338917 211 014_1.jpg

212 0.5965473920486773 0.5789410578927593 -0.401775323901275 0.3841029154145541 1281.2597789088393 -51.034421279976605 -1192.7313338220017 212 015_1.jpg

213 0.5944432799822451 0.5771733251012601 -0.40523974968376975 0.38637919839419516 1291.811254054379 -51.04372324605718 -1180.8583563829663 213 016_1.jpg

214 0.5934105846521589 0.5761497603592263 -0.40787499090873525 0.38672124773793876 1297.0476390145172 -52.43460376637089 -1174.7465215920913 214 017_1.jpg

215 0.5928571810028199 0.5748758672426942 -0.4099489613437244 0.38727244839847735 1301.539507154681 -55.13236208868334 -1169.3408822377307 215 018_1.jpg

216 0.5920335439461635 0.5749044477740525 -0.4107975568858242 0.38759066813946375 1303.561145427453 -53.42963191331201 -1167.0170376847311 216 019_1.jpg

217 0.5901886129330728 0.5743472922537779 -0.41406503926687543 0.3877534426691917 1309.7101511277635 -52.30302426165753 -1159.8513688801029 217 020_1.jpg

218 0.5892335763304885 0.5716694531372332 -0.41971231414956994 0.3870909482612222 1318.2680445875058 -60.44760357392074 -1149.200671200395 218 021_1.jpg

219 0.5869961394957964 0.5721956954541533 -0.42252264941223117 0.3866551810779704 1322.3708894920198 -55.90551556035917 -1144.3700924609286 219 022_1.jpg

220 0.585754902759834 0.5712365452323407 -0.42384161838161116 0.38850776801950027 1327.9365054419663 -55.067985671270264 -1137.5988064239116 220 023_1.jpg

221 0.585024663799599 0.571081456458564 -0.42440714808989916 0.38921804362789975 1330.1315304792186 -53.66334574833373 -1134.924459638682 221 024_1.jpg

222 0.5831062151792296 0.5717561787908564 -0.4252950950019598 0.39013599680253364 1333.1524139732485 -47.51374198245287 -1131.305494639448 222 025_1.jpg

223 0.5813459508754838 0.5697377380795362 -0.42553708228033127 0.3954162197141588 1342.9083081623028 -45.25746899066685 -1119.2349671228692 223 026_1.jpg

224 0.5815949271050824 0.5673690061989145 -0.423050968379658 0.40108307085131834 1348.3590574910954 -46.46845130569753 -1112.2207749155082 224 027_1.jpg

225 0.582516848826102 0.5637658703509704 -0.4223734741504166 0.4055154899572008 1354.7811615374133 -54.10154174695412 -1103.6260060734598 225 028_1.jpg

226 0.5820090923127078 0.562638700256304 -0.4238313574832379 0.4062881857169252 1358.65332907797 -56.0660081208361 -1098.5466889490056 226 029_1.jpg

227 0.5811796497806231 0.5609515573970167 -0.4270921690801626 0.40639370571544975 1364.2179418911282 -60.23096656156496 -1090.974943376991 227 030_1.jpg

228 0.5818742001564913 0.5575382652131652 -0.4291946777107617 0.4078791814252026 1369.6726276124357 -70.49068338571958 -1082.8362202823673 228 031_1.jpg

229 0.580736654180277 0.5567171267187729 -0.4290576872922306 0.4107559863044402 1374.2582707568802 -67.79811904753154 -1076.7335662867697 229 032_1.jpg

230 0.5797131223039073 0.5563399266595445 -0.4291295418054777 0.41263351558365713 1377.306649116955 -65.08377229968339 -1072.5569391272966 230 033_1.jpg

231 0.5787648113823732 0.556117539010537 -0.42967314994382344 0.4136974258171575 1380.0237691537816 -63.03321441820615 -1068.9513570798747 231 034_1.jpg

232 0.5775927834651925 0.5557862213365671 -0.4297283374946637 0.41571842467639586 1383.2882785460843 -59.737365203179635 -1064.4450151299457 232 035_1.jpg

233 0.5755188147570421 0.556198275994647 -0.42876754254398664 0.41902263196875467 1386.8256619075007 -50.970536730767186 -1059.5908166760091 233 036_1.jpg

234 0.5737714301481347 0.5570024754442641 -0.427526476239935 0.42161084000365834 1388.8048715260918 -42.32550593997521 -1056.9160442680218 234 037_1.jpg

235 0.5733304545676906 0.5563359748934509 -0.4268479882233993 0.42377266057899 1390.899050859006 -40.93216982581587 -1053.7321609329229 235 038_1.jpg

236 0.5726490643892126 0.5565451876360448 -0.42651251771470783 0.4247559009666378 1391.797616784208 -37.92002891828526 -1052.4252484935616 236 039_1.jpg

237 0.5705748275611364 0.5571647413263302 -0.4261742126258966 0.4270683290400262 1394.8416885930872 -29.71121281874629 -1048.1675264126054 237 040_1.jpg

238 0.5693813715508399 0.5573183714605295 -0.42484985524122226 0.4297716685229263 1396.3832458273632 -23.757401863889456 -1045.5377407664882 238 041_1.jpg

239 0.5687546141357664 0.5574555052498508 -0.4251097452772719 0.4301665410468395 1396.8635681459991 -21.848487840207433 -1044.4505325992145 239 042_1.jpg

240 0.5683156061848825 0.5573005776732244 -0.42597926553483495 0.43008732046667264 1397.5711327828321 -21.81461315433393 -1043.0135438331304 240 043_1.jpg

241 0.5681040606678307 0.5573328087044453 -0.4262258582788782 0.43008073001329583 1397.6390437729772 -21.408272906732826 -1042.6842025583196 241 044_1.jpg

242 0.567028423060971 0.5588014310631517 -0.4256116951431397 0.43020275805734354 1396.0054058400299 -14.889197150413272 -1044.5066088587512 242 045_1.jpg

243 0.5673407300020215 0.558131112771547 -0.42690655559211965 0.42937739790263846 1395.717828387145 -18.65834582342069 -1044.0685243862504 243 046_1.jpg

244 0.5693444008980889 0.5568479945536028 -0.4287978672170659 0.42649695567227985 1393.027178802779 -29.685829257760265 -1046.9168049616587 244 047_1.jpg

245 0.5704101673940282 0.5560428738850246 -0.4303433278585344 0.42456234348189814 1391.4596949788713 -36.46164523504281 -1048.3016668184719 245 048_1.jpg

246 0.5699511437468006 0.5568594905935782 -0.4297385120587717 0.4247210999362845 1390.3153451722342 -32.91909816799773 -1049.7066226510292 246 049_1.jpg

247 0.5699533048457807 0.5569911771783687 -0.4281331038829406 0.4261644098237052 1389.361446499459 -30.560432051652985 -1050.5798935153966 247 050_1.jpg

248 0.5730102939446226 0.5550460697501681 -0.42737618510891756 0.4253617988138297 1385.2950721465374 -42.45213462536273 -1054.851075697388 248 051_1.jpg

249 0.5731658735393104 0.5546418188404185 -0.4296290344724507 0.4234055112319413 1385.0396806866224 -46.572717463208036 -1054.5719876800729 249 052_1.jpg

250 0.572508216809747 0.5550093097051858 -0.4312688012710665 0.42214479610213634 1385.0541803349972 -46.06315200516835 -1054.1611970616025 250 053_1.jpg

251 0.5727216836641554 0.5549625697798144 -0.4312700213498675 0.42191538001021556 1384.3068659141506 -46.825796545748986 -1054.9167814803732 251 054_1.jpg

252 0.5733059870540319 0.5541667902567595 -0.43138487519062024 0.42205035628618504 1384.112345088459 -50.07519574792478 -1054.6258205336426 252 055_1.jpg

253 0.5737559967835597 0.5534219523826772 -0.4314586373722043 0.4223406717482588 1383.8749320764305 -52.75093768756682 -1054.2401579976854 253 056_1.jpg

254 0.5728720297831932 0.5540353547256666 -0.43063519644292564 0.42357501199982506 1384.199633645587 -47.83321283539707 -1053.6950494420032 254 057_1.jpg

255 0.5722731216523884 0.5544705856783676 -0.43032066801216806 0.4241343732041535 1384.1726986547455 -44.797867737972375 -1053.5199842432062 255 058_1.jpg

256 0.571965208617436 0.554858142250559 -0.4301636443359792 0.4242021701984334 1383.7591126760988 -42.99766384023994 -1053.9666240443448 256 059_1.jpg

257 0.571918345232085 0.5547865972748166 -0.43006342273523757 0.4244604696511522 1383.5714150375923 -42.81393374057806 -1053.9094146665232 257 060_1.jpg

258 0.5723490975092178 0.5543700008689103 -0.42976523479114387 0.42472609489163865 1383.0230738182934 -44.44431830829954 -1054.2575401041122 258 061_1.jpg

259 0.572062831680577 0.554297957083225 -0.42995849873748854 0.42501009487583713 1383.2482618577458 -43.87001109294874 -1053.5516905791908 259 062_1.jpg

260 0.572062831680577 0.554297957083225 -0.42995849873748854 0.42501009487583713 1383.2482618577458 -43.87001109294874 -1053.5516905791908 260 063_1.jpg

261 0.5717998474780658 0.5544310876386986 -0.42995385235697253 0.4251950003554003 1383.1884973429412 -42.80247721549266 -1053.4108127004736 261 064_1.jpg

262 0.5716262888667994 0.5544135875255156 -0.4300013618593792 0.42540308960154155 1383.4696323905096 -42.324856914501034 -1052.9292826400922 262 065_1.jpg

263 0.5718497697340937 0.5541691940858036 -0.42979756963339466 0.425627060134318 1383.108078578687 -43.14748406940319 -1053.1147776947207 263 066_1.jpg

264 0.5726460237749367 0.5535329418101937 -0.4298710028597104 0.42531016292359425 1382.0711175511065 -46.79317001276045 -1053.982356865366 264 067_1.jpg

265 0.5727887373136851 0.5532417103616192 -0.4300025075247579 0.4253639804275452 1382.072155212002 -47.868630458517 -1053.7219278473065 265 068_1.jpg

266 0.5728916890559409 0.5532082436223661 -0.4298688181904595 0.4254039855789146 1381.5839332809815 -48.074852136134666 -1054.1565336291762 266 069_1.jpg

267 0.5731784339158503 0.5529129930475737 -0.42979786459213504 0.42547326661611495 1381.4095718415301 -49.359797612300355 -1054.2244176211864 267 070_1.jpg

268 0.5732126006087583 0.5530809795012465 -0.42946452995790474 0.4255454877276013 1380.6582264233186 -48.77521823475105 -1055.0620975374106 268 071_1.jpg

269 0.5730864112264223 0.5529520971371668 -0.42912568690670216 0.42622422312214964 1380.9428509086792 -48.110262693861614 -1054.4776211567375 269 072_1.jpg

270 0.5732132777937515 0.5530619922900959 -0.4288922914113635 0.42614595294683205 1380.1270009366467 -48.049069880781154 -1055.3989538532683 270 073_1.jpg

271 0.573100894703021 0.5532098812240254 -0.4285496315047784 0.42644976860565303 1379.8652003572624 -47.008668520666426 -1055.6516445272262 271 074_1.jpg

272 0.573063197616475 0.5532572876633141 -0.42822128882737176 0.42676864104575274 1379.7737528624875 -46.3835405673086 -1055.7385562887239 272 075_1.jpg

273 0.5729822133004432 0.5533045696410145 -0.42758676121079653 0.4274517494325625 1379.728786103388 -45.21740808767818 -1055.734093859747 273 076_1.jpg

274 0.5730622314247256 0.5533665871306725 -0.42670425881921575 0.42814550641973337 1379.1778166671202 -44.23271513500646 -1056.3418055582174 274 077_1.jpg

275 0.5731232955389565 0.5533481660030451 -0.4264197483708481 0.4283709764806373 1378.9295901772257 -44.08924088177903 -1056.5775808881704 275 078_1.jpg

276 0.5732565595685705 0.5531514728418588 -0.4261293128340456 0.42873555223246035 1378.9464981000872 -44.442467012960975 -1056.4527705400378 276 079_1.jpg

277 0.5733878681672204 0.5531249845659394 -0.4258355618114702 0.42888597363901865 1378.6225258486866 -44.529259608622574 -1056.8304419277251 277 080_1.jpg

278 0.5734970038160203 0.5529963631208903 -0.4253868462495489 0.42935095205085855 1378.5367335061321 -44.4970191426189 -1056.8537145836194 278 081_1.jpg

279 0.5734726460232186 0.5528902131988246 -0.4249942864852308 0.4299085866402254 1378.7300365538242 -44.06864918256093 -1056.5265936483404 279 082_1.jpg

280 0.573152067983848 0.5529990586965455 -0.4250037323116504 0.4301866752559175 1379.0835701023125 -42.871323197715235 -1055.985290965148 280 083_1.jpg

281 0.5731782438097033 0.5531105183380713 -0.42492567735621484 0.43008560084054936 1378.6149146789533 -42.68932227315539 -1056.5217748704117 281 084_1.jpg

282 0.5731002668401021 0.5530614955554891 -0.42492499075788775 0.4302532027900997 1378.8647053342856 -42.50778202727292 -1056.1589330160841 282 085_1.jpg

283 0.5729885776181717 0.5528873626714726 -0.4250230000352844 0.43052886495366904 1379.4331749814041 -42.53219166605248 -1055.3270135104349 283 086_1.jpg

284 0.5729201264962832 0.5527832765904112 -0.4250877177712958 0.43068969105081106 1379.718828086116 -42.549621832770285 -1054.862778867151 284 087_1.jpg

285 0.5727177796005636 0.5527584551594349 -0.42512966271104335 0.43094919081296573 1380.0820888010712 -41.981752482463286 -1054.2742494123295 285 088_1.jpg

286 0.5727177796005636 0.5527584551594349 -0.42512966271104335 0.43094919081296573 1380.0820888010712 -41.981752482463286 -1054.2742494123295 286 089_1.jpg

287 0.5725928146630509 0.5528037606429783 -0.4250309436055707 0.4311544593216958 1380.0816917875177 -41.37932743145577 -1054.163523524159 287 090_1.jpg

288 0.5725207584774742 0.5527345491774767 -0.42490325784449956 0.43146462280363157 1380.2943081098363 -41.083467105119084 -1053.8049987812758 288 091_1.jpg

289 0.5724667434543115 0.5526231105200747 -0.4247427802096954 0.4318368858928927 1380.5563636771644 -40.867464540685276 -1053.3728024208624 289 092_1.jpg

290 0.5724207003752235 0.5525339947882607 -0.42476056646112126 0.43199443001605026 1380.8116689853032 -40.8742348730474 -1052.987814192361 290 093_1.jpg

291 0.5723387539737674 0.5523611943104795 -0.4247887147409011 0.4322962057992526 1381.2803991241924 -40.90313639064365 -1052.270048530091 291 094_1.jpg

292 0.572305588372848 0.5522171012716982 -0.4246734172914802 0.4326373483950128 1381.474826330509 -40.86360322711819 -1051.8606908828924 292 095_1.jpg

293 0.5725194259037764 0.5521133795696942 -0.42436860301070906 0.43278587296916277 1381.0277715937273 -41.3253663570242 -1052.3228546270586 293 096_1.jpg

294 0.5728019266754288 0.5520072920112286 -0.42421000242247375 0.4327028728909386 1380.4082917469325 -42.20496068712435 -1052.9950477531834 294 097_1.jpg

295 0.5729311291813216 0.5519601215999451 -0.4241552672210861 0.43264564561197044 1380.1126369161796 -42.62844312749887 -1053.312160338302 295 098_1.jpg

296 0.5732153355089871 0.5519447019641439 -0.4239755353313626 0.4324649934405286 1379.2615546103873 -43.35123341539648 -1054.2878293304827 296 099_1.jpg

297 0.573521575496654 0.5519757874882406 -0.4237560113621906 0.4322343985628392 1378.1315641942388 -44.026842614817085 -1055.5580966989933 297 100_1.jpg

298 0.5737612242403763 0.5519835084627102 -0.42339673864152116 0.4322585634213687 1377.3103281073109 -44.33988006981279 -1056.4905115386375 298 101_1.jpg

299 0.5738133706365283 0.5520513463566633 -0.4232439866681868 0.43225230411619703 1376.8181894479367 -44.21536386529507 -1057.0132835938311 299 102_1.jpg

300 0.5740136374328408 0.5519504724390988 -0.42312156149752733 0.4322350798018006 1376.2489929532442 -44.86871803819995 -1057.5345627371707 300 103_1.jpg

301 0.5740506763730636 0.5518812697380013 -0.4230505395685505 0.4323437591069841 1376.114334547725 -45.005651409999196 -1057.57307679302 301 104_1.jpg

302 0.5742022466322402 0.5517250195549492 -0.4230203897598436 0.4323714058619153 1376.0025592239342 -45.69856097208769 -1057.6225813773244 302 105_1.jpg

303 0.574496487927406 0.5516262943172343 -0.4229047373203509 0.43221962001847736 1375.2792070983242 -46.66396873932615 -1058.3879615117833 303 106_1.jpg

304 0.574662727416702 0.5514904980059976 -0.4227675934473035 0.43230607474088273 1374.858109959611 -47.24099391186125 -1058.7040489302574 304 107_1.jpg

305 0.5749913883000348 0.5511305242890171 -0.42252257732655557 0.43256759035673986 1374.6680489135858 -48.54731730831095 -1058.745426267619 305 108_1.jpg

306 0.5752676086171803 0.5508013767115376 -0.4223854291078491 0.43275347620316545 1374.5272986117668 -49.77399668792708 -1058.7220660529601 306 109_1.jpg

307 0.5755076565382305 0.5505543468607402 -0.4223376448602191 0.43279528896759184 1374.3862400397768 -50.8714457922695 -1058.7730949031975 307 110_1.jpg

308 0.5758837869603 0.5501653365045464 -0.42234232502594926 0.43278508167077384 1374.104840034999 -52.69641723697597 -1058.8854583649772 308 111_1.jpg

309 0.576606999857929 0.5495578106328436 -0.42243141368331605 0.43250697245338005 1373.3108662853242 -56.09555663333645 -1059.4884743902928 309 112_1.jpg

310 0.5768852251267748 0.5494290673821475 -0.4223671834372779 0.4323622315851315 1372.6281616653225 -57.122305371101355 -1060.1452323923154 310 113_1.jpg

311 0.5771996834848392 0.5490683395067383 -0.4223312162966547 0.43243592320447083 1372.4084784795427 -58.652761200990554 -1060.1678175800662 311 114_1.jpg

312 0.5772035560021413 0.5490271828746447 -0.4222536598164903 0.4325587291626352 1372.3582118475492 -58.63125348972086 -1060.1458001193066 312 115_1.jpg

313 0.5773084979990828 0.5490309323145317 -0.42219896898109094 0.43246729829107633 1371.7988693785423 -58.904037215121384 -1060.682160601233 313 116_1.jpg

314 0.5775187118313534 0.5486855433786958 -0.4224442978322236 0.4323853919837244 1371.6299509969076 -60.428997114891516 -1060.532320103186 314 117_1.jpg

315 0.5777265093053829 0.548640527050584 -0.42235028600780355 0.43225673902508616 1370.8845727128949 -61.06233262037872 -1061.262525796174 315 118_1.jpg

316 0.5777373728786878 0.5485066890648119 -0.42200936855180354 0.4327447664442607 1370.8659097827258 -60.874145841575846 -1061.0893070975842 316 119_1.jpg

317 0.577710010099961 0.5484973689813489 -0.42181887982462746 0.43297876746364505 1370.8054031953257 -60.56104206853614 -1061.0844372402676 317 120_1.jpg

318 0.5780788666019774 0.5481746663486305 -0.42178359097895995 0.4329295110553615 1370.3146262944324 -62.215124380247715 -1061.4254843069994 318 121_1.jpg

319 0.5786516598700363 0.5475713374604035 -0.42195543533457447 0.43276032340440623 1369.772929920808 -65.22375552409952 -1061.630204248373 319 122_1.jpg

320 0.5790486499778991 0.5470782005651519 -0.4218756930094279 0.43293071394044447 1369.586623428079 -67.17236840695348 -1061.5303598991004 320 123_1.jpg

321 0.5785729485131095 0.5472310879511354 -0.4218535813160987 0.4333947802632667 1370.0956678745501 -65.36275457237674 -1060.7619473290342 321 124_1.jpg

322 0.5781916521224789 0.5475579762187397 -0.4218293885827004 0.4335142939085877 1370.1093268272825 -63.594845745832075 -1060.7382932661758 322 125_1.jpg

323 0.5774502563096261 0.5480157838560274 -0.421801437877963 0.43395097549918427 1370.5471044292415 -60.45107693260674 -1060.1282446366322 323 126_1.jpg

324 0.5769703464424937 0.5484539632189712 -0.4211349059086453 0.43468248248664054 1370.1907594957574 -57.396573106653435 -1060.4219532786933 324 127_1.jpg

325 0.577411350354631 0.5478690607233752 -0.42086021917265815 0.435100334062927 1370.0858983485423 -59.38433258414067 -1060.2016597965899 325 128_1.jpg

326 0.5771029603734286 0.547640927153659 -0.4211241149461916 0.4355411207283332 1370.809869083625 -59.06202427670944 -1058.9002938328933 326 129_1.jpg

327 0.5771029603734286 0.547640927153659 -0.4211241149461916 0.4355411207283332 1370.809869083625 -59.06202427670944 -1058.9002938328933 327 130_1.jpg

328 0.5767025893349016 0.5477815346969325 -0.4215089609849904 0.4355223409985382 1371.0801743057518 -58.03142378875174 -1058.3564177563098 328 131_1.jpg

329 0.5762024413112616 0.5480587663136036 -0.42193064891824805 0.43542721871419443 1371.0482831499696 -56.52050651914422 -1058.0901513135568 329 132_1.jpg

330 0.5763458599875448 0.5476406125470559 -0.4219743116534028 0.4357211143253672 1371.24124425049 -57.68322147294403 -1057.4992043577406 330 133_1.jpg

331 0.5765057517248909 0.5470224453822549 -0.42175324670628517 0.43649944028468557 1371.8860139659544 -58.869972645205294 -1056.3190039342667 331 134_1.jpg

332 0.5765543614265581 0.5466712272270082 -0.42154605505030274 0.43707500627885093 1372.3915454285207 -59.30347983328506 -1055.4992668354655 332 135_1.jpg

333 0.5766644507085608 0.5464568596825943 -0.4207771197575799 0.43793792629018413 1372.1954037900775 -59.03716680271789 -1055.4927052674109 333 136_1.jpg

334 0.576361665477469 0.5464121860940233 -0.4203488264678118 0.4388027091337541 1372.6240905043849 -57.59233054891459 -1054.7324772899756 334 137_1.jpg

335 0.5759341965272191 0.546051780514153 -0.4204926409075699 0.4396739623976467 1373.8646372850224 -56.932997403755174 -1052.7098603719082 335 138_1.jpg

336 0.5754618348689726 0.5463659503453429 -0.42038586539112166 0.440004146675714 1373.831621582125 -54.79776963611866 -1052.5706980587388 336 139_1.jpg

337 0.5751150050851803 0.5465070476165373 -0.4203763200795709 0.44029141184866094 1374.129636767021 -53.4471190462332 -1052.1025838077521 337 140_1.jpg

338 0.5746200621581321 0.5465811606713157 -0.4205544846264269 0.4406753276792137 1374.7112662276688 -51.954094029276305 -1051.1139149481949 338 141_1.jpg

339 0.574169184821314 0.5466681006740486 -0.42056928376623864 0.4411408079733828 1375.144674966634 -50.38357200197916 -1050.3159173671293 339 142_1.jpg

340 0.5734995160278663 0.5470263150388499 -0.42088715053948894 0.4412646850605312 1375.2246977274356 -48.07799015630792 -1049.85487874394 340 143_1.jpg

341 0.5721618853601514 0.5479252861199669 -0.42109219635762657 0.4416899590642504 1375.9030133750794 -42.63627127703984 -1048.8881555840867 341 144_1.jpg

342 0.5721930689022917 0.5477073834887067 -0.4210624724442156 0.4419480832307074 1376.0935355494285 -43.035775100963356 -1048.4652846466008 342 145_1.jpg

343 0.5717768098123555 0.5478592176699406 -0.4216353154970583 0.4417524398354603 1376.2587623355512 -42.18016796855799 -1047.9610172967543 343 146_1.jpg

344 0.5726694422970235 0.5464218995905036 -0.4228943155983821 0.4411725459972524 1376.6673175782391 -48.840557660141506 -1046.621976749692 344 147_1.jpg

345 0.5724108733985854 0.5464940503658846 -0.42387972002514185 0.44047250524994824 1376.5945858686907 -49.13555848699547 -1046.3636935067918 345 148_1.jpg

346 0.5720778688500948 0.5465394822805854 -0.4247810950578143 0.4399801445086899 1376.756963230473 -49.12513184310939 -1045.8000220048618 346 149_1.jpg

347 0.571541858764616 0.5468642170527861 -0.4250282457416292 0.44003456922033324 1377.0500395843494 -47.20903646719702 -1045.3311039635362 347 150_1.jpg

348 0.5714465081943427 0.5468299828022526 -0.42451362425285 0.440697221462413 1376.8177575831342 -46.32032759726052 -1045.3195334798695 348 151_1.jpg

349 0.5711152601164742 0.5472796891399325 -0.4235171870917111 0.4415263228335494 1375.7336435993313 -43.34615716378925 -1046.337449992912 349 152_1.jpg

350 0.5710507787178212 0.5470661116072247 -0.4238628743117119 0.4415426835957487 1375.8314818311937 -43.904459124171105 -1045.821829236937 350 153_1.jpg

351 0.570743052966445 0.547155880623118 -0.424415094538675 0.44129880729253007 1375.8159067915255 -43.47208250609445 -1045.5009025649558 351 154_1.jpg

352 0.570040075228368 0.5475704890138208 -0.42470939748573977 0.4414100133459839 1376.2858223544717 -40.93940770098131 -1044.8025072949017 352 155_1.jpg

353 0.5698683586424748 0.5479638176857393 -0.42457741694230716 0.44127058065091973 1375.2150591428797 -39.638805324738804 -1045.9064997766193 353 156_1.jpg

354 0.5705256944236523 0.5472239883923866 -0.42454911251067323 0.44136650257664334 1374.4921203247243 -42.87547035221148 -1046.1883893038842 354 157_1.jpg

355 0.5705599842264734 0.5470641465028488 -0.42487667911844496 0.44120509012462406 1374.1843591551947 -43.65022629501038 -1046.183814571894 355 158_1.jpg

356 0.5703573385206168 0.5469844459986787 -0.425540446638116 0.44092612817367716 1374.2692552738406 -43.95281999913713 -1045.6831581718661 356 159_1.jpg

357 0.5702360441821597 0.5470010806873733 -0.42552804040505654 0.4410743230696617 1374.2285085640658 -43.527055919359356 -1045.5633556210985 357 160_1.jpg

358 0.5702471714471675 0.5470003540328393 -0.4256370458249632 0.4409556455765718 1373.5929879404177 -43.713585326212474 -1046.0038402046005 358 161_1.jpg

359 0.5708897734820673 0.5458612049402505 -0.42695432473937767 0.4402617585722313 1373.7335120949415 -49.17572410062965 -1044.9730273084597 359 162_1.jpg

360 0.5705922984875369 0.5461557413142708 -0.42773579782006016 0.43952294866071073 1373.130511982106 -48.7469528489064 -1045.38875552312 360 163_1.jpg

361 0.5700509337079758 0.5463500654082007 -0.42790843199400874 0.4398157714720434 1373.3926203672613 -46.92969135462388 -1044.7320366088227 361 164_1.jpg

362 0.5697535250550475 0.5464465385270442 -0.42774759069209073 0.44023754937109894 1373.598586971262 -45.63005551561954 -1044.3219512093215 362 165_1.jpg

363 0.5693958477108146 0.5468902165170144 -0.4272090248545773 0.44067211027072845 1372.81483825637 -43.14600807744099 -1045.059896974558 363 166_1.jpg

364 0.5689763523716546 0.5469915996523507 -0.42703754115817594 0.44125393912484034 1372.6534708611302 -41.44846224642983 -1044.725233287011 364 167_1.jpg

365 0.568936819605723 0.5470398424928837 -0.4275370128803755 0.44076116961412504 1371.98229280855 -41.876080345766056 -1045.1697430044367 365 168_1.jpg

366 0.5689194948541899 0.5470586105682952 -0.4277901109517858 0.44051459220983646 1371.326689165039 -42.11581448420807 -1045.6042783503635 366 169_1.jpg

367 0.5690799029052416 0.5470871498175075 -0.427765943504624 0.4402953692596775 1370.5319229307147 -42.564176103098625 -1046.4190343826401 367 170_1.jpg

368 0.5705894016551208 0.5462275347836844 -0.42767797567313603 0.43949375887163433 1367.5222533432545 -48.650215367845846 -1049.271271414485 368 171_1.jpg

369 0.5709848661483308 0.5459225202080942 -0.42767033850677866 0.43936655098074223 1366.9302737682042 -50.386333145876854 -1049.7559295426577 369 172_1.jpg

370 0.5711445036842859 0.5462470850606874 -0.42730366608387316 0.4391123488644047 1364.4584370819016 -49.97467980522615 -1052.1740070900023 370 173_1.jpg

371 0.5711445036842859 0.5462470850606874 -0.42730366608387316 0.4391123488644047 1364.4584370819016 -49.97467980522615 -1052.1740070900023 371 174_1.jpg

372 0.5711636841434983 0.5465913672704213 -0.4274585416526664 0.43850783152556494 1362.5892770197781 -49.7078249073187 -1053.9900384751993 372 175_1.jpg

373 0.5704645004440656 0.5472715452986694 -0.42796328582033916 0.43807708845518045 1362.038695987764 -47.03579524897914 -1054.4126996084012 373 176_1.jpg

374 0.5703942095061496 0.547572109766483 -0.4283030139162672 0.4374605795245775 1360.4798223737268 -46.7678037092008 -1055.8150641621744 374 177_1.jpg

375 0.5703942095061496 0.547572109766483 -0.4283030139162672 0.4374605795245775 1360.4798223737268 -46.7678037092008 -1055.8150641621744 375 178_1.jpg

376 0.5702388659769821 0.5476641544220503 -0.42832582423910986 0.43752553980351044 1359.9729097169222 -46.16477645198133 -1056.074503845489 376 179_1.jpg

377 0.5701653820223491 0.547850323823255 -0.4280647396789453 0.4376437346445851 1359.380386212224 -45.33127157117749 -1056.6675053801646 377 180_1.jpg

378 0.5696508882152539 0.5483735454969823 -0.4272842200964533 0.4384204778648088 1358.7686449439732 -41.95035079709395 -1057.1949025284289 378 181_1.jpg

379 0.5691557090460948 0.5494267679710042 -0.42600690740563946 0.4389876084126477 1356.4826584927184 -37.22894313792308 -1059.7041929984102 379 182_1.jpg

380 0.5686930133420267 0.550207112787965 -0.4260912292487758 0.43852782576566834 1355.0864515424898 -34.65221528028451 -1061.1817478262792 380 183_1.jpg

381 0.5680258380823306 0.5508094635634099 -0.42658759691143133 0.43815363091178955 1354.617586080296 -32.189240684786554 -1061.4563981664512 381 184_1.jpg

382 0.567407033939295 0.5514958347223086 -0.4262642163321072 0.438406683337435 1354.1633667192416 -28.77407021081527 -1061.936891299692 382 185_1.jpg

383 0.5673353884514103 0.5515264654324128 -0.42523221862855803 0.43946180172860433 1353.5849122838529 -27.296540586449243 -1062.3102810191288 383 186_1.jpg

384 0.569758154125139 0.5490521228019418 -0.42474114885354364 0.43990040773471406 1352.4911228139752 -38.31495789976754 -1062.7364071194052 384 187_1.jpg

385 0.5704413855381324 0.5477414232943482 -0.42714475499078153 0.4383187392260145 1353.1983889679786 -45.37550758873675 -1061.1257492660789 385 188_1.jpg

386 0.5713646440109182 0.5463276822671136 -0.42901619406434455 0.43705104094769637 1353.5159072317938 -52.746852833301055 -1059.9600157182144 386 189_1.jpg

387 0.5719423756518077 0.5455680736395301 -0.42908635381275884 0.43717536176080485 1353.5238778087514 -55.86360091601368 -1059.5787980928278 387 190_1.jpg

388 0.5732883736150958 0.5446328334901361 -0.4273170632390093 0.43830998714043967 1351.7108200629282 -59.54021514361042 -1061.2679758287209 388 191_1.jpg

389 0.5729303097521602 0.54597210376135 -0.4247394870983987 0.4396153889266034 1348.4616928842781 -53.31303975554703 -1065.1296901283913 389 192_1.jpg

390 0.5713026095755215 0.5475375471485011 -0.4252203679078898 0.43932175164801585 1348.1173932058905 -46.25048147105188 -1065.4946490222999 390 193_1.jpg

391 0.5706423852323579 0.548538705234616 -0.4252927899929905 0.438860569903283 1346.6788146349643 -42.67848194998115 -1067.0622040701858 391 194_1.jpg

392 0.5702513961026746 0.5492019780305506 -0.4248115304875864 0.43900534864062357 1345.7210965155336 -39.846741707997744 -1068.1850355311692 392 195_1.jpg
